4 0.8610890431141955 0.4893660595578031 0.17896553624572 0.33750861621110373
4 0.752179595380275 0.4160270670014012 0.2877093394345893 0.41865591645877276
4 0.6878465824612191 0.3864166497140589 0.2907441684615707 0.4296661910658786
4 0.6119750621598453 0.3387112038906694 0.2667658412801687 0.4130223465663965
4 0.565806136572878 0.3183473540145039 0.335936308059739 0.5000900070293133
4 0.5780512150100039 0.5157467388368575 0.11331094278703766 0.14967897642635145
4 0.5041773588891865 0.2513460986378204 0.2412851942996827 0.36214905128112634
4 0.4369296786882707 0.22031873056468987 0.285996686917365 0.3828639656729845
4 0.2868996879161679 0.26198626964470717 0.40432562416766427 0.5239725392894143
4 0.18984375 0.2267786697685416 0.3796875 0.4535573395370832
4 0.07523312378228257 0.32659242514522513 0.15046624756456514 0.2588399607105858