4 0.557919318630422 0.8530031721123066 0.30256726114786475 0.18258932074027284
4 0.5252050076184431 0.8111099134333027 0.30082979852673175 0.22422893056796908
4 0.48979738534238404 0.7966517197830161 0.29014367080279085 0.2043831502233612
4 0.45570089079026566 0.7634435261327294 0.32281405917039335 0.22834825137205356
4 0.46892179265152156 0.6851866258455563 0.41301272427320124 0.29933040453095716
4 0.40276655094939484 0.6007101735162659 0.4247478997675689 0.2898539449904341
4 0.3749636150634667 0.52182421975111 0.3909520539746133 0.27195621378430734
4 0.31132708598247316 0.4788960622207985 0.43176272427320106 0.30152196522017255
4 0.25587975133738233 0.35210020960433497 0.441574766847848 0.30886774556478025
4 0.2841136480028581 0.236444768857685 0.2676459579295562 0.17075895947671124
4 0.20198883489719233 0.24151783241863103 0.40397766979438465 0.33571433516273796
4 0.21328125 0.15234375 0.4265625 0.3046875