4 0.487904520979043 0.04681833699324107 0.2943772347764936 0.09363667398648214
4 0.5054783612399267 0.09178306512676022 0.2850931383672897 0.14831708869018465
4 0.5361107377033598 0.11724239490995472 0.28028746369925467 0.12759448557990688
4 0.5613607225780493 0.15802392832180662 0.3100385962128122 0.14112930527833273
4 0.5352118339161719 0.23144159594671398 0.3946590359079618 0.19069866126333263
4 0.5795708879745064 0.33230146691745477 0.4132908612399266 0.17202657370444366
4 0.5902271077238853 0.41735041017851965 0.37891586123992677 0.16901915089573993
4 0.6405998124461496 0.47703847700222346 0.4164885841125637 0.1847999757779622
4 0.6687707851223949 0.6168337088589364 0.4290249455488821 0.19214358407203633
4 0.6232633632830302 0.7216476394433344 0.26917724687674216 0.09695007832259214
4 0.725021306003242 0.7463558220539829 0.4369919816532356 0.21938958925583235
4 0.7233093359592754 0.8551546236091218 0.5368919877033598 0.2109509556084248