12 0.5278900468904336 0.13030475213672574 0.4245300937808672 0.22384337855802444
12 0.5650842388018452 0.24136334947765495 0.4058267153566284 0.18230832594130594
12 0.5989758319580124 0.34989618629524044 0.34429721950581327 0.17094662073610384
12 0.6466222717948316 0.46545256783703665 0.3099222195058132 0.16894450497932317
12 0.6694579657808357 0.5717858678229193 0.3143729211654874 0.16609252076433875
12 0.7061669056176549 0.6867052125330126 0.3097805095477696 0.18760349971765145
12 0.39583917656407197 0.3481762496470641 0.43885270290907374 0.20756593117474295
12 0.4210661647412173 0.4655380548946185 0.42625761452679145 0.18505389434304007
12 0.441854106652629 0.5756410969879934 0.4082413203356504 0.1731153364646497
12 0.4577177502237146 0.6823461232963526 0.4297378120372805 0.18992340486638373
12 0.4828263392306969 0.798145428543907 0.4297378120372805 0.18992340486638373
12 0.5045614745034127 0.910940259102045 0.43032980788809566 0.17811948179591006