12 0.4266320651379113 0.9097236570782579 0.4093998257680484 0.1805526858434842
12 0.4091766919096008 0.8018254248892589 0.39666172359113006 0.1532575169619797
12 0.39204870089527544 0.6908180737172398 0.3325446598887993 0.1475897054263573
12 0.36206604581579954 0.568853436148026 0.2998412872934611 0.1486119848837216
12 0.3559574003549705 0.46089074182355205 0.30280259618646854 0.1441247439830203
12 0.33777534082899086 0.3420208258767081 0.2958085517214313 0.16706159623477373
12 0.5995710242162531 0.7181477390457749 0.427167679126093 0.17859747840531667
12 0.5938616828391081 0.5992976094961255 0.41697422359113023 0.15455920110742075
12 0.5899603781224518 0.48757885949612556 0.3994593413771451 0.14408277606127823
12 0.591609668959292 0.3785543129198981 0.4202629146981229 0.15944696020671945
12 0.5851736412844778 0.26121661859542417 0.4187004146981227 0.1593468306570701
12 0.5831522950980094 0.13636681291989813 0.4189732332097771 0.1671593306570701