4 0.29625 0.2008333328125 0.286875 0.18 0.27749999999999997 0.1666666671875 0.27749999999999997 0.16 0.273125 0.1533333328125 0.26625 0.155 0.26687500000000003 0.16999999999999998 0.256875 0.17916666718750002 0.255 0.1875 0.26 0.1983333328125 0.2625 0.21916666718750002 0.278125 0.25166666718749997 0.28125 0.2666666671875 0.29312499999999997 0.2683333328125 0.288125 0.23291666718749998 0.29375 0.21749999999999997 0.29874999999999996 0.2125 0.29625 0.2008333328125
4 0.813125 0.32999999999999996 0.8087500000000001 0.31916666718750003 0.8081250000000001 0.3025 0.8162499999999999 0.2716666671875 0.8168749999999999 0.2166666671875 0.8081250000000001 0.20916666718750002 0.8018750000000001 0.2125 0.7887500000000001 0.22749999999999998 0.7693749999999999 0.22833333281249998 0.76375 0.2325 0.74125 0.265 0.743125 0.3091666671875 0.735 0.33999999999999997 0.7381249999999999 0.35750000000000004 0.7581249999999999 0.40499999999999997 0.7887500000000001 0.4066666671875 0.795625 0.3983333328125 0.796875 0.3791666671875 0.8106249999999999 0.355 0.8143750000000001 0.3416666671875 0.813125 0.32999999999999996
8 0.573125 0.5283333328125 0.564375 0.52 0.5543750000000001 0.49749999999999994 0.545 0.4916666671875 0.528125 0.4891666671875 0.51625 0.5075000000000001 0.5037499999999999 0.5083333328124999 0.47062499999999996 0.49583333281249997 0.438125 0.4925 0.415625 0.4858333328125 0.383125 0.4533333328125 0.37 0.45416666718750004 0.35750000000000004 0.4591666671875 0.343125 0.4575 0.33187500000000003 0.45999999999999996 0.328125 0.4641666671875 0.3275 0.475 0.33375 0.5191666671874999 0.333125 0.5333333328125 0.32437499999999997 0.5383333328125001 0.280625 0.54 0.274375 0.5458333328125 0.275625 0.5825 0.28500000000000003 0.5958333328125 0.3225 0.6216666671875 0.325 0.7358333328125 0.325 0.7725 0.3225 0.7825 0.305625 0.8099999999999999 0.26625 0.8641666671875001 0.23374999999999999 0.9033333328125 0.21187499999999998 0.9366666671875 0.20625 0.9416666671874999 0.1775 0.9383333328125 0.17375000000000002 0.9441666671875 0.17250000000000001 0.95 0.178125 0.9691666671875 0.20249999999999999 0.9991666671875 0.661875 0.9991666671875 0.714375 0.6091666671875 0.713125 0.5966666671875 0.7075 0.5891666671875 0.68125 0.5741666671875 0.596875 0.5416666671875 0.573125 0.5283333328125
8 0 0.7783333328125 0.01 0.7916666671875 0.025625 0.79 0.035625000000000004 0.7833333328125 0.0625 0.7766666671875 0.11187499999999999 0.73 0.1325 0.7216666671875 0.153125 0.7224999999999999 0.184375 0.6966666671875 0.19437500000000002 0.6833333328125 0.19375 0.6683333328125001 0.18937500000000002 0.6608333328125 0.153125 0.6625 0.14875 0.6683333328125001 0.15125 0.6816666671875 0.144375 0.6866666671874999 0.135 0.6866666671874999 0.1275 0.6841666671875 0.12062500000000001 0.675 0.103125 0.6658333328125 0.06937499999999999 0.6591666671875 0.064375 0.6541666671875 0.064375 0.645 0.096875 0.5991666671875 0.103125 0.5941666671875 0.104375 0.5866666671874999 0.10874999999999999 0.5808333328125 0.08937500000000001 0.5716666671875 0.07125000000000001 0.5841666671875 0.045 0.5925 0 0.6233333328125 0 0.7783333328125
5 0.056874999999999995 0.65 0.056874999999999995 0.6558333328125 0.164375 0.655 0.198125 0.6575 0.2 0.6558333328125 0.2 0.6441666671874999 0.19375 0.5908333328125 0.18937500000000002 0.5875 0.10874999999999999 0.5866666671874999 0.093125 0.6016666671875 0.056874999999999995 0.65
5 0.378125 0.6125 0.3775 0.6216666671875 0.381875 0.625 0.49124999999999996 0.6283333328125 0.49625 0.625 0.499375 0.5883333328125 0.49625 0.5816666671874999 0.491875 0.58 0.39125 0.5783333328125 0.38687499999999997 0.5833333328125 0.378125 0.6125
10 0.325625 0.4166666671875 0.315625 0.38 0.21749999999999997 0.3725 0.121875 0.3725 0.114375 0.37333333281250003 0.1075 0.3783333328125 0.110625 0.3991666671875 0.146875 0.5233333328125 0.15125 0.5316666671875 0.226875 0.5349999999999999 0.284375 0.5433333328125001 0.32937500000000003 0.5425 0.336875 0.5349999999999999 0.336875 0.5091666671875 0.33187500000000003 0.48333333281249996 0.325625 0.4166666671875
10 0.24312499999999998 0.24500000000000002 0.03 0.25833333281250004 0 0.2608333328125 0.000625 0.4716666671875 0.013125000000000001 0.475 0.128125 0.4575 0.1275 0.4458333328125 0.11125 0.3866666671875 0.11687499999999999 0.37666666718749997 0.26687500000000003 0.3758333328125 0.25125000000000003 0.27999999999999997 0.24312499999999998 0.24500000000000002
1 0.478125 0.8675 0.49312500000000004 0.9008333328125 0.538125 0.9008333328125 0.5599999999999999 0.8858333328124999 0.561875 0.8816666671875 0.53625 0.8291666671875 0.531875 0.8258333328124999 0.521875 0.8283333328125 0.47874999999999995 0.8608333328125 0.478125 0.8675
1 0.6174999999999999 0.7841666671875 0.654375 0.7675 0.6537499999999999 0.7616666671875 0.62625 0.7108333328125 0.58875 0.7241666671875 0.588125 0.7291666671875 0.6125 0.7833333328125 0.6174999999999999 0.7841666671875
1 0.46749999999999997 0.7016666671875 0.47125000000000006 0.705 0.51875 0.6891666671875 0.5181250000000001 0.6799999999999999 0.505 0.6483333328125 0.46687500000000004 0.6599999999999999 0.456875 0.6658333328125 0.458125 0.6766666671875 0.46749999999999997 0.7016666671875
1 0.5675 0.6758333328125 0.605 0.6733333328125 0.614375 0.6691666671875 0.6125 0.6558333328125 0.60375 0.6358333328125 0.564375 0.6358333328125 0.558125 0.6408333328125 0.5587500000000001 0.6533333328125 0.5675 0.6758333328125
12 0.548125 0.5025000000000001 0.5431250000000001 0.5108333328125 0.54125 0.5349999999999999 0.54 0.585 0.54375 0.5908333328125 0.5543750000000001 0.595 0.5650000000000001 0.5858333328125 0.566875 0.575 0.569375 0.515 0.563125 0.49000000000000005 0.55375 0.4883333328125 0.55 0.4916666671875 0.548125 0.5025000000000001