8 0.7875 0.5875 0.770625 0.5875 0.6075 0.6008333328125001 0.5962500000000001 0.6075 0.6012500000000001 0.6233333328125 0.59375 0.6333333328124999 0.536875 0.6341666671875 0.446875 0.6441666671874999 0.43875000000000003 0.6516666671875 0.440625 0.665 0.436875 0.6725 0.43624999999999997 0.6825 0.44125 0.6866666671874999 0.4625 0.6866666671874999 0.8793749999999999 0.6458333328125 0.89125 0.6425 0.8943749999999999 0.6383333328125 0.8087500000000001 0.5933333328125 0.7875 0.5875
8 0.42374999999999996 0.6716666671875 0.41875 0.6666666671875 0.395 0.67 0.368125 0.665 0.3525 0.6666666671875 0.35 0.6616666671875 0.35375 0.6516666671875 0.34625 0.6391666671875 0.320625 0.6266666671875 0.27937500000000004 0.6266666671875 0.231875 0.6316666671875 0.20750000000000002 0.6416666671875 0.18625 0.6458333328125 0.165625 0.6658333328125 0.155 0.6683333328125001 0.11625 0.7075 0.108125 0.71 0.0975 0.7208333328125 0.11374999999999999 0.7266666671875 0.13187500000000002 0.7183333328125 0.271875 0.7066666671874999 0.41312499999999996 0.6900000000000001 0.42125 0.6875 0.42437500000000006 0.6825 0.42374999999999996 0.6716666671875
8 0 0.7325 0.03875 0.7333333328125 0.083125 0.7216666671875 0.0875 0.7150000000000001 0.095625 0.7133333328125 0.11687499999999999 0.6950000000000001 0.125 0.6841666671875 0.1375 0.6758333328125 0.14750000000000002 0.675 0.150625 0.6691666671875 0.14750000000000002 0.665 0.12625 0.6633333328125001 0.052500000000000005 0.665 0.034375 0.6733333328125 0 0.675 0 0.7325
10 0.499375 0.5525 0.49874999999999997 0.5958333328125 0.501875 0.5991666671875 0.604375 0.5883333328125 0.60375 0.5275000000000001 0.603125 0.5183333328125 0.599375 0.5116666671875 0.5337500000000001 0.5166666671875 0.505625 0.5225 0.50125 0.5316666671875 0.499375 0.5525
10 0.288125 0.5941666671875 0.290625 0.6108333328125 0.370625 0.6183333328125 0.384375 0.6158333328125 0.38125 0.5349999999999999 0.379375 0.5325 0.301875 0.5291666671875 0.290625 0.5333333328125 0.286875 0.54 0.288125 0.5941666671875
10 0 0.6375 0.09375 0.6325000000000001 0.09625 0.63 0.08625000000000001 0.5816666671874999 0.084375 0.5516666671875 0.081875 0.5458333328125 0.0025 0.5483333328125 0 0.5491666671875 0 0.6375
10 0.110625 0.5383333328125001 0.11499999999999999 0.5333333328125 0.118125 0.49916666718749997 0.11374999999999999 0.4916666671875 0.052500000000000005 0.49416666718749996 0.051875000000000004 0.5141666671875 0.05625 0.5375 0.110625 0.5383333328125001
10 0.46125 0.4791666671875 0.4625 0.5025000000000001 0.460625 0.5133333328125 0.4625 0.5158333328125 0.514375 0.5158333328125 0.5175 0.5133333328125 0.51875 0.47583333281250006 0.515 0.47083333281249995 0.473125 0.4725 0.465625 0.47416666718749995 0.46125 0.4791666671875
10 0.241875 0.5175 0.246875 0.5216666671875 0.285625 0.525 0.29500000000000004 0.5183333328125 0.29500000000000004 0.48166666718749995 0.24312499999999998 0.48250000000000004 0.23625 0.4858333328125 0.23625 0.5058333328125 0.241875 0.5175
0 0.6368750000000001 0.5241666671874999 0.683125 0.5308333328125 0.686875 0.5283333328125 0.685625 0.5133333328125 0.6743750000000001 0.5066666671875 0.6587500000000001 0.5058333328125 0.630625 0.5158333328125 0.629375 0.52 0.6368750000000001 0.5241666671874999
0 0.40374999999999994 0.5175 0.40437500000000004 0.5316666671875 0.409375 0.5349999999999999 0.425625 0.5333333328125 0.4425 0.5366666671875 0.44749999999999995 0.5325 0.44875 0.5275000000000001 0.44749999999999995 0.5191666671874999 0.43125 0.5116666671875 0.40625 0.5133333328125 0.40374999999999994 0.5175
5 0.6025 0.6266666671875 0.595625 0.6091666671875 0.5131249999999999 0.6116666671875 0.51375 0.6291666671875 0.51625 0.6316666671875 0.6 0.6316666671875 0.6025 0.6266666671875
5 0.398125 0.6125 0.393125 0.6166666671875001 0.38375 0.6583333328125 0.38375 0.6691666671875 0.41500000000000004 0.6608333328125 0.416875 0.6075 0.398125 0.6125