8 0.613661034375 0.5225208375 0.5506129625 0.5094234265625001 0.3943158625 0.4851392703125 0.3545481515625 0.513686953125 0.332779825 0.53622948125 0.3310539296875 0.5419386328125 0.33323995625 0.547543425 0.37016182343750004 0.5547078203125 0.388641184375 0.5358442703125 0.41306417656249994 0.51986090625 0.42149397187500004 0.5439459640625001 0.426623459375 0.5855227640625 0.6051320078125 0.6192974875 0.631592375 0.5993922828125 0.6331667828125 0.5876096875 0.625859771875 0.5300685171875 0.613661034375 0.5225208375
0 0.6263709359375 0.4792250125 0.625739471875 0.486009965625 0.6376238921875 0.4952235265625 0.6787606578125 0.5144304484375 0.6837670124999999 0.515401890625 0.6862758609374999 0.508981228125 0.6973915078124999 0.5016403421875 0.698497278125 0.488903378125 0.694905340625 0.4804354734375 0.6891217046875 0.47326915312500006 0.677860240625 0.467630215625 0.6512597296875 0.4676492109375 0.638269534375 0.471172615625 0.6310658124999999 0.4784091453125 0.6263709359375 0.4792250125
12 0.6161812234374999 0.5022874078124999 0.608640503125 0.5388153515624999 0.6163043578125 0.5428927671875 0.6210020703125 0.5386237078125 0.6272883640625 0.5053060953124999 0.626671075 0.4948250890625 0.6199444953125 0.49265641562500007 0.6161812234374999 0.5022874078124999
8 0.4142493328125 0.41043457656250004 0.3063931734375 0.46635170312499996 0.3200006578125 0.47330930625 0.38461179687499997 0.48843688749999997 0.39838494375 0.48420197187499997 0.41028354218749996 0.476149575 0.4660246015625 0.43170581406249997 0.4661845953125 0.42741968124999996 0.4611782390625 0.4264482390625 0.442713053125 0.42804582812499997 0.43849532187499995 0.41945649375 0.4406926890625 0.4112485203125 0.43913245625 0.40576515625000004 0.4297455390625 0.40394370156250003 0.4142493328125 0.41043457656250004
10 0.495788109375 0.390855671875 0.49925974531249995 0.355265025 0.47062469531250006 0.3557526703125 0.46622428749999995 0.379075 0.46668158281250005 0.39384213749999997 0.495788109375 0.390855671875
10 0.4501164609375 0.3681784859375 0.4420986015625 0.4141116328125 0.44491325625 0.41638466718749995 0.45555743125000003 0.4115425984375 0.4596321828125 0.40369891874999997 0.46607847031249994 0.36609517343750003 0.46201222499999994 0.36357927968750003 0.4501164609375 0.3681784859375
10 0.6470845234375 0.40726199999999996 0.6463129140625 0.3941607453125 0.6413093937500001 0.389736109375 0.6358060484375 0.4223422125 0.6378264140625001 0.4391395203125 0.6404839124999999 0.44224549375000005 0.6470845234375 0.40726199999999996
10 0.5141131484375 0.3693718703125 0.5164790140625 0.346518190625 0.5080293734375 0.346605478125 0.5022145515625 0.3774242671875 0.5064379531250001 0.3791072203125 0.510507034375 0.3781699234375 0.5141131484375 0.3693718703125
10 0.5319723859375001 0.343480509375 0.5257144421875 0.3422662046875 0.52116821875 0.35260870781250003 0.5173992765625 0.36914608437499996 0.52115404375 0.369874665625 0.529143553125 0.358473434375 0.5319723859375001 0.343480509375
10 0.6428894734374999 0.37104712968750003 0.6405462890625 0.3662752796875 0.6371030015625 0.36733400625 0.631296684375 0.3877932234375 0.6359858890625001 0.39388373906249996 0.6428894734374999 0.37104712968750003
10 0.635545603125 0.35839745 0.633042428125 0.35791172968749996 0.6277160875 0.36551255 0.623792821875 0.379429675 0.6306765609375 0.38076540937500003 0.635545603125 0.35839745
4 0.7325647953125001 0.542139421875 0.7417973875 0.5413406265625 0.7698321640625 0.5096528234375 0.770623621875 0.498581740625 0.7442001125 0.473595453125 0.737563453125 0.4571975421875 0.7346928984375001 0.427715446875 0.7437796734375001 0.4139368265625 0.7448826109375 0.404653053125 0.7419164687500001 0.39630657812500003 0.7319037578125 0.3943636921875 0.7187479015625 0.4090796109375 0.70418896875 0.417479225 0.6972967234375 0.42650306562500007 0.69133891875 0.440888840625 0.688512921875 0.452428575 0.6899131625 0.46219806874999997 0.6966369078125 0.46781993593750004 0.7056868265625 0.4989328046875 0.72680100625 0.5108007625 0.7283470624999999 0.5335500828125 0.7325647953125001 0.542139421875