8 1 0.5561967421875 0.995403684375 0.5549094921875 0.850908584375 0.47857567031250003 0.8462463640625 0.47361013124999995 0.7664998796875 0.4689070796875 0.7411368687500001 0.46240855156249994 0.607626715625 0.44821769375000003 0.6019575765625 0.4573548890625 0.58784384375 0.6159941984375 0.58538150625 0.699926278125 0.5901198640625 0.724644409375 0.6056528296875 0.7621240265625 0.6107211968749999 0.7692082609375 0.6202783375 0.770675509375 0.6289258734375001 0.7770754265625001 0.642620596875 0.8194822359374999 0.6478053109374999 0.8223345562500001 0.651771590625 0.8188307874999999 0.6494510671875 0.8018866890625 0.65386263125 0.7934475109375 0.71786141875 0.7910033249999999 0.8176317843750001 0.7937082 0.890274890625 0.8484551375 0.96520045 0.9102698734375 0.9757623625 0.9314951921875 0.9833268421874999 0.93224525 0.9918009328125 0.9280626390625001 1 0.918848065625 1 0.5561967421875
5 0.77928703125 1 0.7724076203125 0.9690943890625 0.7634512546875001 0.9514057125000001 0.7568958328125001 0.9026921171875 0.75356839375 0.8998507515625 0.7054146203125 0.9002721109375 0.7042723203125 0.9136686140625001 0.7195133453125 0.9786584218750001 0.7455787015625 1 0.77928703125 1
5 0.6685760671875001 0.635517171875 0.6360737515625 0.63532543125 0.65458296875 0.7222029609375 0.663230503125 0.728602878125 0.683292453125 0.736481 0.68913504375 0.7379263359375 0.6931013234375001 0.734422565625 0.6732382890624999 0.6404827125 0.6685760671875001 0.635517171875
10 0.527441925 0.9493079859375 0.5322585609375 0.95991790625 0.5395713140625 0.9641936484375 0.5508503484375 0.96496561875 0.6136698375 0.9491112375 0.6534278046875001 0.938764278125 0.661495746875 0.9324629703125 0.6584412140625 0.8971732687499999 0.6371862953125 0.78629479375 0.63302753125 0.7742778875 0.624379996875 0.7678779703124999 0.6084577765625 0.7670786078125 0.51352308125 0.7799217984375 0.499090059375 0.786890990625 0.5097259625 0.8617297031250001 0.527441925 0.9493079859375
10 0.6185779828125 1 0.6020227296875 0.956096865625 0.5896796765625 0.95461318125 0.54129320625 0.963498371875 0.528362303125 0.9492703859375 0.507251025 0.8391412234375 0.5018928609375 0.825706375 0.41703779687500003 0.8379035953124999 0.411349625 0.8421026406250001 0.4510412296875 1 0.6185779828125 1
1 0.846736959375 0.66972358125 0.854301440625 0.6704736390625 0.8887393093749999 0.6565681234375 0.8876562578125 0.650918265625 0.8450193515625 0.6026972500000001 0.810465134375 0.620834678125 0.813153734375 0.6300211765625 0.846736959375 0.66972358125
1 0.7349811578125001 0.5173960625 0.707314515625 0.5327523890625 0.7236217 0.564593103125 0.731186184375 0.5653431609374999 0.7634960171875 0.5500142265625 0.743068134375 0.5160329031249999 0.7349811578125001 0.5173960625
1 0.7050065953125 0.622328846875 0.6844792546875 0.6313783875000001 0.707189590625 0.672427515625 0.7155473296875 0.6724768203125 0.734352775 0.6641225546875 0.713228953125 0.6216719187499999 0.7050065953125 0.622328846875
1 0.6789519281249999 0.5396394046874999 0.6671504046875001 0.5409806515625 0.6552325296875 0.546553815625 0.66372350625 0.5811701546875 0.6670509453125 0.58401151875 0.675544065625 0.58476705625 0.69289838125 0.5785205312499999 0.68402029375 0.5467236421874999 0.6789519281249999 0.5396394046874999
12 0.594403553125 0.5969861875 0.629150253125 0.594369434375 0.6347030453125 0.58946415625 0.6322661765625 0.576751975 0.624024784375 0.5724707546875 0.5843451 0.5687095046875 0.546309025 0.5783611890625 0.5471403484375 0.5875367312499999 0.569059575 0.5954258078125 0.594403553125 0.5969861875
4 0.3889167453125 0.39119819843750003 0.3959397015625 0.38912332968749996 0.4009890328125 0.3912694171875 0.4049553140625 0.3877656453125 0.407781440625 0.3637975765625 0.414514596875 0.3553720921875 0.42300771875 0.3561276296875 0.43001164062499997 0.34911461093749996 0.433436390625 0.3427859125 0.4307477921875 0.3335994140625 0.3916498453125 0.30867858593749997 0.37783662812499996 0.3043644953125 0.3738703484375 0.30786826562499997 0.372089209375 0.3276098984375 0.3640212703125 0.33391120625 0.3631497328125 0.3487201734375 0.3553525546875 0.35643394375000004 0.325268075 0.3640162375 0.321534490625 0.359056175 0.31342848125 0.3554811875 0.292863071875 0.3546544328125 0.288122571875 0.36379710468750004 0.292803828125 0.3737007921875 0.3541890796875 0.3987531 0.3880071421875 0.3961308671875 0.3889167453125 0.39119819843750003
10 0.24064382499999998 0.09192505625 0.24641048593749998 0.126846296875 0.24412353593749997 0.134271603125 0.238822475 0.1356511984375 0.2476413140625 0.18649444531249998 0.27499698437500003 0.1937101625 0.2833547234375 0.19375946875 0.2808988203125 0.17610913749999998 0.2923915125 0.16347913125 0.2810194546875 0.1041556171875 0.275699359375 0.100597065625 0.24064382499999998 0.09192505625
10 0.26935759843749996 0.038481490624999996 0.26549815 0.0352842703125 0.22189392031250002 0.0350270359375 0.2279538734375 0.0692763171875 0.2604942578125 0.0793443546875 0.2727019296875 0.08012180468749999 0.274153059375 0.07801406562499999 0.26935759843749996 0.038481490624999996
10 0.27143041874999996 0.3009150375 0.298902434375 0.3038988375 0.29397159375 0.26366003125000004 0.26224349999999996 0.25782938906249997 0.27143041874999996 0.3009150375
0 0.33677551562499997 0.4240459828125 0.33267385312500003 0.42684352031249995 0.33244115937499996 0.4353073515625 0.3362128109375 0.4501437078125 0.34166829062500004 0.4544084953125 0.3501614078125 0.4551640328125 0.3522704125 0.45164930468750003 0.34793820000000003 0.42904987187500004 0.33677551562499997 0.4240459828125