8 0.3281040609375 0.58374399375 0.321627353125 0.58370155 0.3169547390625 0.58773184375 0.29872854375 0.6496090296875 0.28708730312499997 0.7020539015625 0.287432484375 0.7096365390625 0.2821488859375 0.723950478125 0.276530921875 0.778329915625 0.2803856765625 0.7918915578125 0.2854527859375 0.79652713125 0.3297842703125 0.798442009375 0.3808390265625 0.805815496875 0.4012253265625 0.8032418140625 0.45052529531249996 0.8076258015625 0.5314102 0.8065314875 0.54556635 0.80933153125 0.7686826875 0.8153960171874999 0.7728140703124999 0.8145616859375 0.7845421734375 0.7956917109375 0.763052703125 0.7628379640625 0.7335076015625 0.7301570359375 0.722466525 0.7246701296875 0.697466546875 0.7207161125 0.68020494375 0.7089617078125 0.6192529078125 0.7093744640625 0.6109721015625 0.7052592828125 0.6005023265625 0.6767642703125001 0.6070969015625 0.6556907328125 0.5954051484375 0.6477630125 0.42283 0.6022327703125 0.3281040609375 0.58374399375
12 0.4586461421875 0.7015537890625 0.466828325 0.703502503125 0.480244796875 0.690054040625 0.5131695781250001 0.642892465625 0.5139285015625 0.6358585234375 0.5184531765625 0.628578528125 0.5176545640625 0.6228880140624999 0.5121340265625001 0.6201445624999999 0.49339426406250003 0.635182503125 0.45373659218749995 0.688526690625 0.4586461421875 0.7015537890625
10 0.6906242078125 0.6770841265625 0.756917575 0.592510084375 0.6727985249999999 0.5581178859375 0.6045928140625 0.64809395 0.6052928046875 0.651617996875 0.625620171875 0.6596023062499999 0.6906242078125 0.6770841265625
10 0.5771248375 0.47139953593749995 0.59210846875 0.44496641875 0.5501030671875 0.423032940625 0.521200221875 0.4637234078125 0.549305653125 0.476631784375 0.5724522249999999 0.47542982812499995 0.5771248375 0.47139953593749995
10 0.7756693609374999 0.68440963125 0.76817754375 0.6976261906250001 0.7696761484375 0.7068407515625 0.77901175 0.7104213875000001 0.8421804203125 0.6401754328125 0.847158528125 0.6310033140625 0.8499777296875 0.62181705 0.8471681500000001 0.6193620906249999 0.8165790765625 0.6348638359375001 0.7903474984375001 0.6631183375 0.7756693609374999 0.68440963125
10 0.7152465343750001 0.5305111078125 0.7293726171875 0.50894546875 0.6995123999999999 0.4930475875 0.6856918109375 0.5094714046875 0.6767410796875 0.5261978609375 0.7044423937500001 0.5420815953125 0.7152465343750001 0.5305111078125
10 0.8077149453124999 0.5468192703125 0.7828725265625 0.5344737328125 0.7615108078125 0.5630308734375 0.7682340765625 0.568489484375 0.7873587125 0.5737586359375 0.8077149453124999 0.5468192703125
8 0.2468799921875 0.3877463734375 0.08947008437500001 0.52126646875 0.20306447656249998 0.5512494546875 0.3059629765625 0.5833281703125001 0.312439684375 0.5833706140625 0.3191328875 0.5644635421875 0.3472948515625 0.44823521250000004 0.336056528125 0.43841537343750003 0.32206755781249996 0.415582578125 0.25064574687499996 0.387500321875 0.2468799921875 0.3877463734375
4 0.453414271875 0.3495735921875 0.43894300468749997 0.3635565953125 0.4234758765625 0.36751615000000004 0.41990737187500005 0.3720951375 0.40986215625 0.376631678125 0.40016212656250005 0.38875085625 0.38994973125 0.41332014375000004 0.39401135468750004 0.4195734984375 0.40053737656250005 0.42069917500000004 0.4071716453125 0.4123500921875 0.41739426249999995 0.40578425625000003 0.4496894109375 0.4218334578125 0.4519469375 0.4240140734375 0.44998528125000004 0.4283328609375 0.4615784109375 0.43409411249999996 0.46349075468749995 0.42869209062499997 0.460355234375 0.39537204843749996 0.4537895234375 0.381521909375 0.461182715625 0.3661388859375 0.4582841328125 0.3498762328125 0.453414271875 0.3495735921875
0 0.32523194375000003 0.41397895 0.330792171875 0.4294468625 0.35503322812500004 0.440434821875 0.3859085515625 0.44307369999999996 0.3947017234375 0.43473876875000006 0.39390310781250004 0.42904825625000004 0.379904515625 0.41785668593749997 0.38081137656249997 0.41407244375 0.35928127656250003 0.403372975 0.3348826625 0.4007765390625 0.32523194375000003 0.41397895
0 0.5829123796875 0.5155660656250001 0.59536305625 0.5164598406249999 0.5983795078125 0.511606509375 0.5978863890625 0.5007741718750001 0.5913699890624999 0.48800727187500004 0.5709439984375 0.47785649374999994 0.5600905484375 0.4883437453125 0.5734781531250001 0.5098189609375 0.5829123796875 0.5155660656250001
5 0.5991023453125 0.6697161781250001 0.6086159515625 0.7009122 0.614885790625 0.7082629328125 0.63476935 0.7064981390625 0.67538439375 0.7097423015625 0.677898103125 0.7056978593750001 0.666472153125 0.679903859375 0.6585461515625 0.6717300890625 0.6126571296875001 0.67115864375 0.6033215265625 0.6675780078125 0.5991023453125 0.6697161781250001
5 0.7368295453125 0.7201618843750001 0.752730859375 0.73759265625 0.76100204375 0.753349059375 0.7814773484375 0.7645830703125001 0.7851444765625 0.7621705515625 0.7849965421875 0.7589208515625 0.74823505 0.709948975 0.7437693078125001 0.7066709796875 0.741156975 0.708548953125 0.7356268140625 0.7174467234375 0.7368295453125 0.7201618843750001
10 0.568093528125 0.4033877171875 0.576019528125 0.4115614890625 0.5746592390624999 0.41723785312499995 0.5774195062499999 0.41860957968749996 0.60531686875 0.3795368890625 0.576610071875 0.3652709328125 0.5513743546875001 0.40354888281249995 0.5569442062500001 0.4073755671875 0.5647812046875 0.40174164531249995 0.568093528125 0.4033877171875
10 0.542767609375 0.3685686171875 0.526177128125 0.39526193125 0.54178256875 0.4061933015625 0.5599305890624999 0.3781565546875 0.542767609375 0.3685686171875
10 0.31329123124999997 0.28205634687500003 0.32782143124999996 0.2575153515625 0.331242 0.249686665625 0.31849545 0.24229349218750001 0.3147790078125 0.243622775 0.2968282390625 0.27599245625 0.31329123124999997 0.28205634687500003