4 0.728123753125 0.87193423125 0.7385638328125 0.8784009781250001 0.7832281125 0.8879664937499999 0.8025277828125 0.8985013859375 0.8567222546875 0.91432495625 0.8904678781250001 0.921386165625 0.896645075 0.9166946593749999 0.8981605703125 0.9041469375 0.8750293265625 0.8866249234374999 0.8733040859375001 0.8699403984374999 0.8648108140625 0.8550970578125 0.8408169484375 0.82923278125 0.8303768687499999 0.822766034375 0.796790771875 0.8143840125 0.7577128515625 0.797276671875 0.7393555609375 0.7944236390625 0.6906706375 0.8104052859375 0.67767814375 0.82507155 0.68031326875 0.8419647687499999 0.6843841328125 0.8469706703125001 0.707722171875 0.855038296875 0.7199022640625 0.8625828343749999 0.728123753125 0.87193423125
4 1 0.34060833281249997 0.9907003968750001 0.3315084828125 0.98168128125 0.328761153125 0.9711141718749999 0.3310883828125 0.9478883890625 0.3298335140625 0.9336817281249999 0.331325975 0.9255252296875 0.3369209109375 0.8880130218750001 0.33781890937500003 0.88571466875 0.3413639640625 0.8969848734375001 0.3486998109375 0.9374187640624999 0.3545802390625 0.9501099296875 0.3656355015625 0.9677168546875 0.36695903125 0.9943901687500001 0.362896315625 1 0.35946895625 1 0.34060833281249997
8 0.67891895625 0.3502654015625 0.678966221875 0.3421318296875 0.671495096875 0.33430994062499997 0.612464628125 0.3275576984375 0.6042756359375 0.32567946718749996 0.595814859375 0.318309290625 0.593404246875 0.3150415875 0.60048838125 0.2718721375 0.598603615625 0.256508425 0.5684975437500001 0.25028198437500004 0.558967353125 0.24402392968750003 0.5467399921875 0.24461296093749998 0.51706818125 0.281244290625 0.5079220328125 0.287290940625 0.5003238750000001 0.2882630265625 0.33879510156250003 0.2552869265625 0.31558409374999996 0.238425321875 0.22826143124999998 0.1484907515625 0.17885273906250002 0.09304278437499999 0.1692102921875 0.0799719703125 0.1693048265625 0.06370482968749999 0.16373323906249998 0.0556399171875 0.152143984375 0.050945696875 0.1275297359375 0.05344457500000001 0.11631846718750001 0.0514274265625 0.070627653125 0.42972958125 0.09376790625 0.57052501875 0.443272659375 0.698687196875 0.4738898015625 0.7084243609375 0.48734610156249997 0.7054023953125 0.5512362140625 0.5944965625 0.5558801921875001 0.57927288125 0.5555906859374999 0.5507010343750001 0.5984795078125 0.5130289593749999 0.61179105625 0.49572106875 0.6294895671875 0.44209081718750004 0.64950415625 0.40799541093749997 0.6693739921875 0.35961408125 0.67891895625 0.3502654015625
8 0.385922921875 0 0.405214009375 0.0227949078125 0.42089185156250003 0.055574929687499997 0.41968063281249995 0.0810877640625 0.4244545890625 0.0957567421875 0.4447616359375 0.1289198203125 0.45729327499999994 0.141295896875 0.47003170625 0.14421758906249998 0.4819872828125 0.13813661093750002 0.47837727656249995 0.10608836875000001 0.475136540625 0.10195156875 0.46322823125 0.09989897343750001 0.46073785625 0.0972916765625 0.45765664531250005 0.09183406250000001 0.458853090625 0.08192796249999999 0.46555613124999995 0.06514044687500001 0.47743194375 0.059719875 0.4895943140625 0.0441845140625 0.4999516796875 0.0126250296875 0.51565906875 0.0141915796875 0.5644769234375 0.066789228125 0.5698564890625 0.06870178906249999 0.577262625 0.061577349999999996 0.5859301953125 0.059493140624999996 0.5879567640625 0.050456140625 0.5776112234374999 0.0277222515625 0.5736348953125 0.006449206250000001 0.5687630578125 0 0.385922921875 0
5 0.513727034375 0.006961437500000001 0.5086665203125 0.00240725 0.501898490625 0.0042484375 0.49213490625 0.0773448765625 0.49393991249999997 0.093368996875 0.4832812140625 0.1506500078125 0.5575404921875 0.1629312375 0.57127745 0.07242120468749999 0.513727034375 0.006961437500000001
5 0.492746390625 0.351001653125 0.47506855000000003 0.4663984421875 0.47905965000000006 0.4720647515625 0.5133163453125 0.48263668437499996 0.522574753125 0.48340279375 0.5279218218749999 0.47784218906250003 0.543254040625 0.3741240265625 0.536772565625 0.365850421875 0.506873290625 0.3501695984375 0.49595463124999994 0.3476652890625 0.492746390625 0.351001653125
10 0.8001704374999999 0.1283137015625 0.785612228125 0.124974625 0.7509892140625001 0.125177890625 0.64003308125 0.130270490625 0.625427603125 0.1350649859375 0.6192031421874999 0.1478900625 0.61559903125 0.1932150953125 0.5893333828125 0.3100356859375 0.593868053125 0.326685884375 0.6109166375 0.3326322578125 0.6600978609375 0.33576807343750004 0.7308771125 0.345893721875 0.757901971875 0.34666254375 0.769618259375 0.3425627859375 0.7942709265625 0.2158704265625 0.80395474375 0.14343439375 0.8001704374999999 0.1283137015625
10 0.7093588765625001 0.129203559375 0.7147384421874999 0.13111611875 0.7919016812499999 0.127095878125 0.8026608124999999 0.1309209984375 0.7819697015625 0.29449313906249996 0.9165356578124999 0.3029601078125 0.927023003125 0.30129328437499997 0.9399093328125 0.0582197640625 0.7025691703125 0.0037833265625 0.7006499625 0.0077546921874999996 0.6992939921875 0.018981603125 0.7093588765625001 0.129203559375
1 0.224385515625 0.397363759375 0.219404765625 0.392149165625 0.21386567343750001 0.39155741875 0.14433308281249999 0.4020787375 0.14385450625 0.40604117500000003 0.18588955625 0.47608674687499997 0.246482790625 0.46215769375000004 0.2536496390625 0.4570144734375 0.224385515625 0.397363759375
1 0.3013892046875 0.6037042515625 0.364871628125 0.5890804609375 0.3653177125 0.5776448578125 0.35707849999999997 0.5452135593749999 0.3422012390625 0.5445161093750001 0.286636025 0.5555261859375 0.2973183421875 0.59869835 0.3013892046875 0.6037042515625
1 0.4402505625 0.42176271718749997 0.42941166875 0.41859800312499995 0.39415055 0.4240845203125 0.3936247046875 0.4361805296875 0.40122580937499996 0.473895078125 0.405137146875 0.4802217921875 0.413405903125 0.48143961874999996 0.45056656093749997 0.4757100796875 0.4402505625 0.42176271718749997
1 0.413860834375 0.586063925 0.42394936562499996 0.5876991328125001 0.4516920921875 0.582524296875 0.4545458375 0.5356697593749999 0.4419669296875 0.531427253125 0.4115743015625 0.5353156046875001 0.40986973281249994 0.5803976140625 0.413860834375 0.586063925
12 0.6012918859374999 0.5516812671875 0.570594978125 0.5426045078125 0.5169913421875 0.52963125625 0.504956003125 0.536372640625 0.5038393218749999 0.54561833125 0.5147904734375001 0.555595803125 0.5679155312499999 0.572531496875 0.5915726203125 0.5779574968750001 0.6159475796875 0.5774398390625 0.617622603125 0.5635712984375 0.606863471875 0.5597461796875 0.6012918859374999 0.5516812671875