8 0.2333960625 0.6741317875 0.23369959843750002 0.6836868046875 0.2367190296875 0.6863445828125 0.2788066703125 0.67540404375 0.29763119531250004 0.6385688109375 0.3077295859375 0.6234640921875 0.31372950624999996 0.6217794984375 0.33037530312499996 0.6433974328125001 0.3418642375 0.6682160296874999 0.407196703125 0.649872665625 0.41648065 0.6534007140625 0.5344790796875001 0.6202703546875 0.545244128125 0.604978459375 0.54480313125 0.6007203515625 0.5546758609375 0.5900609203125 0.5536174671875 0.5798414578125 0.5374722515625 0.5431844203125 0.53134519375 0.537017240625 0.5256980718750001 0.5421083234374999 0.5162766624999999 0.54387718125 0.5106009265625 0.5288194296875 0.45509192968749995 0.5426518890625001 0.282378296875 0.5972793078125 0.25288724687499997 0.6371093765625 0.2333960625 0.6741317875
8 0.30271489375 0.502178084375 0.2927150265625 0.5049857421875 0.20256608437499998 0.60829513125 0.20309528124999998 0.6134048625 0.2059383125 0.6143593984375 0.27406454375 0.6031191015624999 0.2841136734375 0.5941629125000001 0.3112026921875 0.5576364171875 0.317124734375 0.5419515203125 0.3241051734375 0.536486084375 0.3370958546875 0.51618736875 0.3378117734375 0.5098516640625 0.3135864328125 0.521035328125 0.30271489375 0.502178084375
12 0.52445295625 0.5433342984375 0.5244736015625 0.5170369359375 0.5194255859375 0.494791853125 0.51284720625 0.49751524687500004 0.5108369078125 0.5112254609375 0.5134336328125 0.5429226453125 0.5164530625 0.545580425 0.52445295625 0.5433342984375
4 0.5853182171875 0.4421121765625 0.59055295625 0.452911815625 0.59961124375 0.4608851546875 0.609875709375 0.4606323609375 0.6288846015625 0.4719465703125 0.636492759375 0.45929380625 0.6611590984375 0.45236824999999997 0.6678359984375 0.437347796875 0.6641991734375 0.4287286640625 0.63083766875 0.41793868749999996 0.6280439 0.410835621875 0.623112696875 0.409591 0.6089571312500001 0.3855211140625 0.6079869359375001 0.376153271875 0.6128402640624999 0.36339759374999997 0.6111152125 0.353365309375 0.6049881546875 0.3471981296875 0.596409803125 0.350483053125 0.57523250625 0.38447333125 0.5706930390625 0.3936353453125 0.5689473406250001 0.409900425 0.5718189859375 0.43100379375 0.5853182171875 0.4421121765625
0 0.5162400796875 0.47728215 0.515033903125 0.485508278125 0.5277393375 0.48895206093750004 0.565424971875 0.48187662812500004 0.5760422375 0.48503032343749997 0.5818657578125 0.481642484375 0.59071903125 0.46776374374999996 0.5854453546875 0.44996395 0.5780731796875 0.445022746875 0.5642990265625001 0.4445081796875 0.5425639171875 0.4532398921875 0.5259364109375 0.46491947343750006 0.5162400796875 0.47728215
10 0.32098160937500003 0.44008428750000006 0.328195675 0.47661976250000004 0.35606816406249997 0.46090654531249997 0.351118671875 0.4263644078125 0.32098160937500003 0.44008428750000006
10 0.32213617031249997 0.49760156875000006 0.32409720468750003 0.4900398859375 0.322156815625 0.47130420624999997 0.31795185625 0.45057518906249994 0.30532429843750003 0.46113170937500003 0.3089301515625 0.5091968875 0.3111065234375 0.5103385968749999 0.32213617031249997 0.49760156875000006
10 0.3553935390625 0.414647528125 0.359235378125 0.4451187359375 0.366568615625 0.4430597859375 0.3687060484375 0.43720134843749997 0.365883665625 0.4099494484375 0.362285778125 0.40833046875 0.3553935390625 0.414647528125
10 0.504527840625 0.3973139609375 0.507752284375 0.4218238171875 0.513428021875 0.4368815671875 0.5183592234375001 0.43812619374999995 0.512125675 0.3978098765625 0.5082631875 0.39363603125 0.504527840625 0.3973139609375
10 0.494107625 0.3695661421875 0.4917445296875 0.37986987031249997 0.49333212031249996 0.39519906250000003 0.49910637968750005 0.39795975625 0.4991270265625 0.371662390625 0.494107625 0.3695661421875
10 0.48228418125 0.3746385765625 0.483430775 0.385709659375 0.48694046249999995 0.3864770171875 0.4907743359375 0.3705020296875 0.48882362187500006 0.36491503125 0.4838924203125 0.3636704046875 0.48228418125 0.3746385765625
10 0.379089684375 0.39835413124999997 0.3730897640625 0.40003872500000004 0.375030153125 0.41877440468750005 0.37871623906249996 0.4212450078125 0.3810793359375 0.41094127968749994 0.379089684375 0.39835413124999997