4 0.553125 0.3791666671875 0.5506249999999999 0.3966666671875 0.536875 0.4025 0.52625 0.4258333328125 0.525 0.4325 0.526875 0.4341666671875 0.54875 0.43916666718749997 0.565625 0.43666666718749997 0.57125 0.4141666671875 0.56875 0.40499999999999997 0.573125 0.3825 0.5650000000000001 0.3741666671875 0.55625 0.3741666671875 0.553125 0.3791666671875
8 0.86625 0.5808333328125 0.786875 0.5349999999999999 0.7725 0.53 0.75125 0.53 0.565625 0.5366666671875 0.5599999999999999 0.5408333328125 0.564375 0.5549999999999999 0.56375 0.5658333328125 0.5599999999999999 0.5675 0.46375 0.5666666671875 0.44749999999999995 0.5708333328124999 0.39875 0.5733333328125 0.3875 0.5816666671874999 0.38125 0.6058333328125001 0.381875 0.6158333328125 0.3875 0.6174999999999999 0.729375 0.625 0.7375 0.6275000000000001 0.7681250000000001 0.6241666671874999 0.781875 0.6116666671875 0.883125 0.6066666671875 0.89 0.6033333328125 0.890625 0.5983333328125 0.86625 0.5808333328125
8 0.31625000000000003 0.5775 0.304375 0.575 0.294375 0.5616666671874999 0.28125 0.5608333328125 0.27625 0.5508333328125 0.26875 0.5475 0.22125 0.5475 0.18125 0.5508333328125 0.138125 0.5608333328125 0.12 0.5708333328124999 0.113125 0.585 0.099375 0.5816666671874999 0.05500000000000001 0.6108333328125 0.0375 0.63 0.04625 0.6333333328124999 0.0675 0.6341666671875 0.34249999999999997 0.62 0.359375 0.6158333328125 0.365625 0.6041666671875 0.368125 0.5916666671875 0.330625 0.5933333328125 0.319375 0.585 0.31625000000000003 0.5775
10 0.23562500000000003 0.4525 0.22937500000000002 0.4566666671875 0.22875 0.4641666671875 0.23312499999999997 0.4766666671875 0.23500000000000001 0.5 0.2425 0.5316666671875 0.321875 0.5483333328125 0.33125 0.5458333328125 0.3325 0.5291666671875 0.32437499999999997 0.45499999999999996 0.3075 0.4516666671875 0.23562500000000003 0.4525
10 0.0225 0.4225 0.026875 0.4325 0.029375000000000002 0.4491666671875 0.08562499999999999 0.4516666671875 0.093125 0.4483333328125 0.093125 0.4141666671875 0.09125 0.40499999999999997 0.0875 0.40083333281250005 0.021249999999999998 0.4025 0.0225 0.4225
10 0 0.5475 0.04 0.545 0.04 0.5349999999999999 0.03375 0.5141666671875 0.03125 0.4925 0.0225 0.47416666718749995 0.021875 0.4575 0.0125 0.4491666671875 0.000625 0.45083333281250004 0 0.5475
10 0.21937500000000001 0.4341666671875 0.24312499999999998 0.44166666718750003 0.273125 0.44333333281250004 0.275625 0.4408333328125 0.27125 0.4 0.22000000000000003 0.3983333328125 0.213125 0.40083333281250005 0.2125 0.4158333328125 0.21937500000000001 0.4341666671875
10 0.44625000000000004 0.41916666718749995 0.45125000000000004 0.4308333328125 0.46125 0.43499999999999994 0.50125 0.4325 0.505625 0.4291666671875 0.5037499999999999 0.40416666718750005 0.5 0.3991666671875 0.456875 0.3975 0.44749999999999995 0.40083333281250005 0.44625000000000004 0.41916666718749995
10 0.45875000000000005 0.5325 0.50875 0.5341666671875 0.571875 0.5291666671875 0.575 0.4591666671875 0.573125 0.44666666718750003 0.45875000000000005 0.4441666671875 0.45562500000000006 0.44749999999999995 0.45625 0.5291666671875 0.45875000000000005 0.5325
5 0.47562499999999996 0.5658333328125 0.561875 0.5666666671875 0.5650000000000001 0.5641666671875 0.56375 0.5508333328125 0.5599999999999999 0.545 0.479375 0.5441666671875 0.471875 0.5549999999999999 0.47125000000000006 0.5616666671874999 0.47562499999999996 0.5658333328125
5 0.369375 0.5666666671875 0.375625 0.5375 0.369375 0.5358333328125 0.350625 0.5433333328125001 0.32687499999999997 0.5891666671875 0.328125 0.595 0.36124999999999996 0.5891666671875 0.369375 0.5666666671875
5 0.00125 0.5608333328125 0 0.5683333328125 0.00375 0.5708333328124999 0.07062500000000001 0.5775 0.08625000000000001 0.5766666671875 0.11187499999999999 0.5616666671874999 0.110625 0.5583333328125 0.088125 0.5516666671875 0.052500000000000005 0.5508333328125 0.03125 0.5508333328125 0.00125 0.5608333328125
12 0.725625 0.5741666671875 0.73125 0.5691666671875 0.73375 0.5583333328125 0.7375 0.5291666671875 0.735 0.5116666671875 0.7268749999999999 0.5083333328124999 0.72 0.5275000000000001 0.7162499999999999 0.5691666671875 0.725625 0.5741666671875
8 0.884464375 0.5341666671875 0.89125 0.5416666671875 0.883125 0.5841666671875 0.8943749999999999 0.5841666671875 0.89875 0.5483333328125 0.9043749999999999 0.5316666671875 0.898125 0.5233333328125 0.72875 0.45499999999999996 0.68125 0.4583333328125 0.68125 0.4733333328125 0.6900000000000001 0.48333333281249996 0.7675 0.5308333328125 0.783125 0.5325 0.79625 0.54 0.8125 0.5391666671875 0.8318749999999999 0.5466666671875 0.85 0.5441666671875 0.8675 0.5341666671875 0.884464375 0.5341666671875
0 0.621875 0.45499999999999996 0.625 0.4591666671875 0.65 0.46333333281250005 0.66125 0.4725 0.68125 0.4733333328125 0.684375 0.4658333328125 0.6775 0.44166666718750003 0.6625 0.43333333281249997 0.623125 0.45083333281250004 0.621875 0.45499999999999996