10 0.452785075 0.4429333265625 0.4936360046875 0.533706275 0.583611475 0.49646265625 0.5328886703125 0.37828235625 0.444340190625 0.416394596875 0.452785075 0.4429333265625
10 0.72340748125 0.893116309375 0.6723753921875 0.9095567453125 0.6715219890624999 0.9137448875 0.6864290140625 0.9472129375 0.68495241875 0.9501658046875001 0.6984443078125 0.97554199375 0.785014553125 0.9360528140625 0.7615292375 0.8863638078125 0.7551484828125 0.885475540625 0.72340748125 0.893116309375
10 0.5410940203125 0.657174675 0.550572909375 0.6779233390625 0.5494396921875 0.691356384375 0.552916859375 0.6943289 0.5655473765625 0.6938858703124999 0.5726823171875 0.6982289749999999 0.5987432640625 0.7342068625 0.666293853125 0.713270571875 0.6809427703125001 0.7050688968750001 0.6340544625 0.6238878578125 0.629904490625 0.623501559375 0.5410940203125 0.657174675
10 0.738669521875 0.8253727359375 0.7431310890625 0.8263766718750001 0.7482972375 0.8346569328125 0.7647622484375 0.8712131671875 0.7822155359375 0.8685702203125001 0.799406834375 0.8614881484374999 0.7992758390625 0.8592685875000001 0.7758247093749999 0.8069047828125001 0.741753709375 0.8216865625 0.738669521875 0.8253727359375
10 0.6743535125 0.6586894125 0.6963776546875 0.710184596875 0.7074005796875 0.7104748734374999 0.72811865625 0.7025438265624999 0.7207395546875001 0.6800775703124999 0.7034211406249999 0.6477094765625 0.6743535125 0.6586894125
5 0.414500546875 0.4376037265625 0.41043196093749995 0.4432584796875 0.456286265625 0.530229584375 0.4627980140625 0.5333374140625 0.47601994375 0.5242671171875 0.4792847328125 0.5189790171875 0.4335614234375 0.43422747656249994 0.414500546875 0.4376037265625
5 0.6325863671875 0.8600868703125 0.6284363953125001 0.8597005718749999 0.62531655 0.89075480625 0.6347954421875001 0.91150346875 0.6603641890625 0.948465646875 0.670140728125 0.9462853765625001 0.6716173249999999 0.943332509375 0.66981518125 0.9221211703125001 0.6461338421875 0.8751807812499999 0.6325863671875 0.8600868703125
5 0.5327165703125 0.6131304265625 0.4895557828125 0.6510528296875 0.49950904218750003 0.684501234375 0.502051425 0.6856208374999999 0.5078585906249999 0.68145234375 0.540046065625 0.6394181734375 0.5394407 0.62449886875 0.5327165703125 0.6131304265625
4 0.5876955765625 0.3418855015625 0.583021628125 0.33262095 0.5779368687499999 0.3303817421875 0.5442766796875 0.338138178125 0.5357465265625 0.3427889984375 0.5339583328125 0.34512422656249997 0.5388942734375 0.3588279046875 0.522899753125 0.3722020109375 0.5249003250000001 0.37812739375 0.53921981875 0.38299211093749996 0.5494032890625 0.41101710156250004 0.5534222671875 0.4091838359375 0.5702880203125 0.3779375578125 0.5695516609375 0.3607986921875 0.5876955765625 0.3418855015625
10 0.5658186921875 0.451394821875 0.5882040374999999 0.49968615468750005 0.6309361859375 0.48247311875000004 0.6054348734375 0.428005421875 0.568509896875 0.4410499609375 0.5658186921875 0.451394821875
0 0.5941561515625 0.521283790625 0.5832959984375 0.53307561875 0.5945134750000001 0.5553105406250001 0.6033373953125001 0.564961390625 0.6128023359375 0.5621634828125 0.6131635421875 0.5589596296875 0.6195939046875 0.5560264078125 0.6082950406250001 0.5277504359375 0.5991099171875 0.5213034390625 0.5941561515625 0.521283790625