4 0.23562500000000003 0.3508333328125 0.254375 0.2991666671875 0.2575 0.2983333328125 0.259375 0.2925 0.254375 0.2883333328125 0.24312499999999998 0.29500000000000004 0.224375 0.2966666671875 0.215625 0.2816666671875 0.21187499999999998 0.2483333328125 0.20812499999999998 0.2425 0.19375 0.2366666671875 0.18812500000000001 0.24 0.185 0.24666666718750002 0.18687499999999999 0.2708333328125 0.181875 0.2816666671875 0.184375 0.29500000000000004 0.19 0.3016666671875 0.206875 0.3008333328125 0.21375000000000002 0.3066666671875 0.224375 0.32 0.21625 0.33999999999999997 0.21749999999999997 0.3466666671875 0.23562500000000003 0.3508333328125
8 0.5387500000000001 0.5383333328125001 0.598125 0.5075000000000001 0.60875 0.495 0.631875 0.48250000000000004 0.64375 0.4725 0.615625 0.45583333281250005 0.45499999999999996 0.3775 0.446875 0.3758333328125 0.436875 0.39 0.4175 0.39249999999999996 0.39187500000000003 0.37 0.38125 0.3691666671875 0.36625 0.3591666671875 0.3375 0.3583333328125 0.330625 0.3508333328125 0.32999999999999996 0.3458333328125 0.33375 0.3391666671875 0.330625 0.3325 0.32375 0.3266666671875 0.31062500000000004 0.3233333328125 0.3025 0.3133333328125 0.303125 0.305 0.294375 0.3016666671875 0.244375 0.3025 0.244375 0.31083333281250003 0.3175 0.36583333281249997 0.41 0.45083333281250004 0.5181250000000001 0.5349999999999999 0.5237499999999999 0.5425 0.5231250000000001 0.5825 0.5337500000000001 0.5825 0.535625 0.5425 0.5387500000000001 0.5383333328125001
10 0.396875 0.2783333328125 0.398125 0.3508333328125 0.445 0.3708333328125 0.446875 0.3641666671875 0.448125 0.2883333328125 0.396875 0.2783333328125
10 0.576875 0.2883333328125 0.5806250000000001 0.3016666671875 0.593125 0.3066666671875 0.619375 0.3066666671875 0.62375 0.30416666718749996 0.626875 0.27999999999999997 0.625625 0.2666666671875 0.5875 0.2608333328125 0.578125 0.2633333328125 0.576875 0.2883333328125
10 0.3025 0.2991666671875 0.31 0.2991666671875 0.305625 0.255 0.296875 0.25 0.288125 0.2508333328125 0.288125 0.26916666718750004 0.294375 0.2916666671875 0.3025 0.2991666671875
10 0.36062500000000003 0.3325 0.35812499999999997 0.2916666671875 0.35 0.2641666671875 0.348125 0.2625 0.34375 0.26749999999999996 0.349375 0.3333333328125 0.356875 0.3358333328125 0.36062500000000003 0.3325
10 0.48187499999999994 0.2483333328125 0.459375 0.24500000000000002 0.45625 0.2491666671875 0.45625 0.2741666671875 0.47562499999999996 0.2783333328125 0.48125 0.2758333328125 0.48187499999999994 0.2483333328125
10 0.414375 0.2716666671875 0.415625 0.2416666671875 0.398125 0.2391666671875 0.3975 0.26916666718750004 0.414375 0.2716666671875
10 0.395 0.31416666718749997 0.39875 0.34249999999999997 0.4125 0.3525 0.44437499999999996 0.3633333328125 0.44625000000000004 0.3483333328125 0.445625 0.2891666671875 0.3975 0.27749999999999997 0.395 0.2808333328125 0.395 0.31416666718749997
0 0.6912499999999999 0.3366666671875 0.685625 0.3466666671875 0.6849999999999999 0.35 0.690625 0.3583333328125 0.713125 0.36 0.749375 0.355 0.7525000000000001 0.3491666671875 0.753125 0.33999999999999997 0.75 0.335 0.73625 0.32999999999999996 0.7075 0.3266666671875 0.6912499999999999 0.3366666671875
8 0.9125 0.48250000000000004 0.915625 0.475 0.9243750000000001 0.47416666718749995 0.9412499999999999 0.48333333281249996 0.946875 0.48166666718749995 0.9637499999999999 0.43166666718749996 0.85375 0.40416666718750005 0.8474999999999999 0.40416666718750005 0.843125 0.4091666671875 0.83375 0.4091666671875 0.8300000000000001 0.4 0.795 0.39249999999999996 0.7825 0.4016666671875 0.75625 0.4125 0.6775 0.45583333281250005 0.650625 0.47583333281250006 0.649375 0.48333333281249996 0.6525000000000001 0.4883333328125 0.70125 0.5166666671875 0.739375 0.5316666671875 0.8300000000000001 0.5766666671875 0.8543749999999999 0.5833333328125 0.86875 0.5741666671875 0.9025000000000001 0.5275000000000001 0.9099999999999999 0.5075000000000001 0.9125 0.48250000000000004
12 0.846875 0.40499999999999997 0.85625 0.3691666671875 0.8550000000000001 0.355 0.8487500000000001 0.355 0.8400000000000001 0.37 0.8324999999999999 0.4058333328125 0.8425 0.41 0.846875 0.40499999999999997