8 0.4590206671875 0.5669270765625 0.480079078125 0.5666566703125 0.49756621718750005 0.5608368859375 0.5700606609375 0.509723721875 0.6957306203125 0.40634665312499996 0.7002313796874999 0.396672046875 0.6985054859375001 0.37938394531249997 0.7027465 0.3660408 0.7328507875 0.3305091578125 0.7356428328125 0.32505291875000003 0.7350618078125 0.31212139687499996 0.71253724375 0.2987722390625 0.6712096484375001 0.2513937046875 0.6398030546875 0.22836693437500002 0.6306920500000001 0.2178180078125 0.6203610484375 0.21602730312500001 0.6141343953125 0.208413809375 0.6033146765625 0.2020832484375 0.5884213765624999 0.2043727046875 0.4751467734375 0.3575980328125 0.4361776359375 0.40495853593750003 0.4172279375 0.437374478125 0.39102979531250004 0.4690092359375 0.35914166718749996 0.5218740484375 0.3400996609375 0.5458983187500001 0.3419314515625 0.552868840625 0.3681331859375 0.5614498 0.42979791250000005 0.56293104375 0.4590206671875 0.5669270765625
0 0.7715573671875 0.41883651562499996 0.8019693468750001 0.4112771046875 0.82612390625 0.3933069765625 0.8582274203125 0.3600227265625 0.8691666234375001 0.337326459375 0.8674715000000001 0.3228355828125 0.8404597671875 0.300451784375 0.8113736812499999 0.2889353953125 0.7571212421875 0.243296484375 0.74343435 0.255536965625 0.7527163812500001 0.301578478125 0.74496563125 0.3149666921875 0.7338418124999999 0.32087961875 0.6981226640625 0.3645265140625 0.6949342109375001 0.373834565625 0.6971402343750001 0.38490928750000003 0.6947531875 0.3972669453125 0.6863906421875 0.3949264109375 0.6774334843750001 0.39836360000000004 0.6774506640625 0.4198700671875 0.71219596875 0.40735918125000004 0.7304931046875 0.4153422375 0.7715573671875 0.41883651562499996
8 0.5998544421875 0.5855762453125 0.6011052078125 0.5796152453125 0.5957944515625 0.5754870140625 0.5812975609375 0.573924653125 0.498085703125 0.5681739625 0.4781413921875 0.5700037250000001 0.43944558437500003 0.6023235171875 0.4383930234375 0.606358609375 0.4419642953125 0.6119079859375 0.5985900843749999 0.6102464921874999 0.6058077625 0.6082304484375001 0.5998544421875 0.5855762453125
10 0.6778342609375 0.6142996171874999 0.6724619656249999 0.6045769375 0.669181203125 0.6054933218749999 0.661382503125 0.594577840625 0.6520597046875001 0.60466406875 0.6296889875 0.605301028125 0.635184359375 0.6262126 0.6510279140625 0.6704213484375 0.6954788375 0.6626816671875 0.6778342609375 0.6142996171874999
10 0.7492181953125 0.601842815625 0.7021426640625 0.61031560625 0.70063215625 0.6126080640625 0.709729571875 0.641866240625 0.7183075 0.6637873359375 0.7690602015625 0.6505463515625001 0.7492181953125 0.601842815625
10 0.8034978125000001 0.6100632328125 0.798614234375 0.6048804062500001 0.792220146875 0.60199004375 0.7780137703125 0.6068934453125 0.7845924734375 0.6265671484374999 0.79671090625 0.6512404015625 0.8185929078124999 0.6460635875 0.8034978125000001 0.6100632328125
10 0.854941028125 0.639651909375 0.838824140625 0.6104838703125 0.8335885109375001 0.5932408359375 0.8215487953125 0.5956685 0.8231516140625 0.6017677109374999 0.8183911109374999 0.607773775 0.8285103203125 0.630199634375 0.8335921031250001 0.6334565546875 0.8391933734375 0.6440505484375 0.854941028125 0.639651909375
5 1 0.41832820625 0.9841714874999999 0.42117706562499996 0.8807148078125 0.4697153421875 0.8769009703125 0.4820038953125 0.879159940625 0.4879198265625 0.9946871046875 0.4397511109375 1 0.4311743609375 1 0.41832820625
0 1 0.4490406828125 0.9782389406249999 0.46024505156249995 0.975279459375 0.47042441874999996 0.9805766265625 0.4932619015625 1 0.4853413203125 1 0.4490406828125
0 0.9627510265625 0.4683122296875 0.9648733296875 0.481748515625 0.95965488125 0.4860119515625 0.9634858968750001 0.49522986874999997 0.9742133093750001 0.49316875937500004 0.9668861453125001 0.46528666249999995 0.9627510265625 0.4683122296875
12 0.5394268906249999 0.5968432515625001 0.5350320281250001 0.5962002796875 0.5313240875 0.5981712546875 0.5330192140625 0.6126621343750001 0.5380874062500001 0.6346282999999999 0.5418876546875 0.6410489921875 0.547594821875 0.6413254109375 0.5466617453125 0.616333678125 0.5394268906249999 0.5968432515625001
1 0.9234254703125 0.2838246875 0.923165728125 0.28015615 0.9113993453125 0.26754310625 0.9074624312499999 0.268642765625 0.873328921875 0.29688239843750003 0.87073508125 0.3004127296875 0.8727650765625 0.3054573453125 0.882501465625 0.31302577187499997 0.88775068125 0.311559559375 0.9234254703125 0.2838246875