8 1 0.38514954375 0.8861533640625 0.19459471718750002 0.5464498625 0.2894966796875 0.523665896875 0.2999716046875 0.5228716875 0.3096188109375 0.5558112515625 0.43061181406250004 0.5684510046875 0.4596084359375 0.580474278125 0.4703243515625 0.571869115625 0.49825924375 0.5803431296875 0.5485087015625 0.57846128125 0.5563354296874999 0.6154678484375 0.6715911046875 0.621433659375 0.7129381359375 0.6279792421875 0.7207578812500001 0.63346680625 0.7221025015625 0.6466962046875 0.7160202875 0.652595690625 0.710213978125 0.68899135 0.6911605625 0.701426540625 0.694725553125 0.7105000765625 0.708344621875 0.7273648125000001 0.7067791046874999 0.7507850078125 0.711481784375 0.7647098796875 0.711267871875 0.7691196796875001 0.7092404671875 0.7682788890625 0.6686312296875 0.82677291875 0.6316830375 0.8337205453125 0.6339034046875 0.8403253718749999 0.632413846875 0.870851175 0.6145120875 0.9028172890624999 0.600589178125 0.9350373359375 0.604340146875 1 0.619224584375 1 0.38514954375
8 1 0.837633584375 0.9728522843749999 0.8228739015625001 0.9587327218749999 0.79610463125 0.948532053125 0.7868712890625 0.9035932593749999 0.766536103125 0.8907659015625 0.767018940625 0.8859836812499999 0.76999106875 0.8818969328125 0.7788315015625 0.8840524640625 0.7855755531249999 0.9037484546875 0.7997254875 0.9275410718750001 0.8034834390625001 0.9366244765625 0.8155509609375 0.943453615625 0.8363899359375001 0.9432660125 0.86586939375 0.9554938515625 0.9020169421875 0.9528869078125 0.9086300218750001 0.9458997874999999 0.9126158546875001 0.9140521609375 0.9079201609374999 0.9030474078124999 0.9098855703125001 0.9030079125 0.9160917718749999 0.9219393171875 0.935234259375 0.932463034375 0.9512806296875 0.934753184375 0.9533217578125001 1 0.9233245437500001 1 0.837633584375
10 0.5613314593750001 0.7722838359375 0.587738103125 0.8258913515625 0.646431125 0.930403178125 0.6703690578125 0.9689020656249999 0.6816869875 0.9753012328124999 0.6871943015624999 0.9735427515625 0.717789221875 0.9447801390624999 0.7852608359375 0.878952328125 0.7893377109374999 0.871663446875 0.7872019265625 0.8618162937499999 0.7437259828125 0.7843426640625 0.735496028125 0.7533186359374999 0.6966640703125 0.69459458125 0.68608110625 0.687857515625 0.5922790499999999 0.7456795984375 0.5613314593750001 0.7722838359375
10 0.8063913609375 1 0.737692565625 0.9263475124999999 0.72851041875 0.9297954984375 0.70932229375 0.9509933234375 0.6861165359375 0.970170725 0.68317666875 0.971522328125 0.6707513546875 0.9664057906249999 0.5851904046875 0.8231951296875 0.512310215625 0.8752659171875001 0.48504733125 0.8986291 0.551137721875 1 0.8063913609375 1
4 0.43844391250000003 0.85198653125 0.4274095375 0.85860659375 0.4030865203125 0.8806181734375 0.3956776109375 0.8933064875 0.386113171875 0.8992507468750001 0.38458399375 0.909235853125 0.3893168453125 0.9140214734375001 0.40107631093749996 0.9086150609375 0.42157638906250006 0.9115662406249999 0.4300334421875 0.90690460625 0.43373789687500003 0.9005604515625001 0.452494359375 0.88961665625 0.46214766406249996 0.8697084390625 0.483148521875 0.8515447390625001 0.484638203125 0.8477658359375001 0.47517250000000005 0.8381945921874999 0.45014413906249995 0.855889421875 0.43844391250000003 0.85198653125
4 0.23434574062500002 0.392764215625 0.2839016859375 0.37848943749999997 0.2967784140625 0.3702488484375 0.3226997265625 0.327391309375 0.3202211453125 0.313834234375 0.3093250046875 0.2987325890625 0.29615485 0.2955055015625 0.28035800312500003 0.3019945953125 0.269000578125 0.3018016296875 0.2543802359375 0.29614724375 0.239347975 0.2976437828125 0.224658515625 0.3028502484375 0.2092933328125 0.29908531250000003 0.1986609984375 0.30010599843749997 0.1710355703125 0.32286235625000004 0.1269474421875 0.3415848546875 0.111865815625 0.3508391484375 0.11109135156250001 0.35738325 0.122722459375 0.37214699375000004 0.12821002343750001 0.37349161406250003 0.13848968281250001 0.3703125515625 0.1472697890625 0.37246394375 0.172061178125 0.3920063265625 0.20202695624999997 0.40452875156249996 0.21337450625 0.4062732640625 0.23434574062500002 0.392764215625
5 0.897035015625 0.8182820984375001 0.8760566937500001 0.7753285062499999 0.8617297796875001 0.781141796875 0.819797184375 0.8066083453124999 0.8179350828124999 0.8113319750000001 0.8240884984375001 0.823199546875 0.8646936937499999 0.891163928125 0.94881990625 0.9143673515625 0.9543370937500001 0.9110573203125 0.9134088468750001 0.8362799125 0.9057361296875 0.8328458953125001 0.897035015625 0.8182820984375001
5 0.7371591421875 0.607134990625 0.682836425 0.5068019625 0.674428740625 0.5037058453125 0.6447070203124999 0.5104088499999999 0.6395523828125 0.514325709375 0.6391503390625 0.519925084375 0.68917186875 0.6052184625 0.69899024375 0.61694808125 0.7063300375 0.6151206234375 0.7154726890625 0.6178788390625 0.7231750265625 0.61665820625 0.7367669734375 0.6111828187499999 0.7371591421875 0.607134990625
1 0.8660631421874999 0.33051635625000003 0.8623883109375001 0.332205859375 0.8331250906250001 0.382014378125 0.8363880078125 0.3874758015625 0.895907646875 0.419671578125 0.9394681593750001 0.3687044203125 0.8660631421874999 0.33051635625000003
1 0.6766025078125 0.3348557671875 0.680580646875 0.343082390625 0.7071748921875 0.36721044687500004 0.7152496515625 0.3650450890625 0.7477757890625 0.32069799374999997 0.7452478390625 0.31489866875 0.7087858484375 0.2867987453125 0.6766025078125 0.3348557671875
1 0.7245517968749999 0.5154695234375 0.7333121546875 0.5207240171875 0.739926853125 0.5176829109375001 0.75984994375 0.4961471859375 0.76097708125 0.49176145625 0.7566265234375 0.4844795609375 0.71873409375 0.45084923750000006 0.7113844265625 0.4542282453125 0.69105929375 0.4813633484375 0.7245517968749999 0.5154695234375
1 0.6783433359375 0.4067649359375 0.6503877671875 0.3662456265625 0.64343026875 0.365576809375 0.6338559546875 0.3730726203125 0.6216549484375 0.3902846125 0.6455928859375 0.4287835015625 0.6529030578125 0.43161069531249996 0.6606152703125 0.42883851249999994 0.6783433359375 0.4067649359375
12 0.52312713125 0.49978371718750003 0.554289159375 0.4970595609375 0.6115968125 0.47380639843749994 0.616800825 0.46213178906249996 0.6102749890625 0.4512089421875 0.5971048328124999 0.4479818546875 0.5761730921875 0.4552847015625 0.5328199296875 0.47366929999999996 0.5169835890625001 0.48636459375 0.52312713125 0.49978371718750003