0 0.6287499999999999 0.5866666671874999 0.634375 0.5958333328125 0.64125 0.5983333328125 0.64625 0.6058333328125001 0.655625 0.6116666671875 0.6587500000000001 0.6183333328125 0.666875 0.6224999999999999 0.67125 0.635 0.6825 0.635 0.6825 0.6458333328125 0.684375 0.6508333328125 0.696875 0.65 0.7 0.6525000000000001 0.70125 0.6599999999999999 0.696875 0.6666666671875 0.696875 0.6716666671875 0.703125 0.6775 0.709375 0.6891666671875 0.719375 0.6983333328125 0.7224999999999999 0.7108333328125 0.729375 0.7091666671875 0.735625 0.6991666671875 0.746875 0.6941666671875 0.744375 0.6908333328125 0.73375 0.6883333328125001 0.7275 0.6783333328125 0.71875 0.6708333328125 0.71 0.6483333328125 0.713125 0.6316666671875 0.70625 0.6291666671875 0.701875 0.6241666671874999 0.70125 0.6216666671875 0.70375 0.6183333328125 0.7125 0.6183333328125 0.719375 0.6216666671875 0.724375 0.6291666671875 0.73625 0.6316666671875 0.745625 0.6575 0.764375 0.6533333328125 0.8 0.6575 0.811875 0.6516666671875 0.8162499999999999 0.6458333328125 0.835 0.6075 0.84375 0.5825 0.850625 0.5458333328125 0.8481249999999999 0.5308333328125 0.835 0.5166666671875 0.8225 0.5083333328124999 0.7731250000000001 0.48666666718749996 0.7224999999999999 0.4783333328125 0.6799999999999999 0.47750000000000004 0.6693749999999999 0.4783333328125 0.645625 0.4875 0.634375 0.495 0.618125 0.5 0.60875 0.5075000000000001 0.598125 0.5216666671875 0.595 0.5416666671875 0.598125 0.5583333328125 0.62 0.5825 0.6287499999999999 0.5866666671874999
0 0.9487500000000001 0.3975 0.961875 0.3975 0.9668749999999999 0.3883333328125 0.97875 0.37666666718749997 0.984375 0.36583333281249997 0.9868750000000001 0.3566666671875 0.9868750000000001 0.3275 0.9775 0.3233333328125 0.960625 0.3233333328125 0.9356249999999999 0.30583333281249997 0.929375 0.2983333328125 0.9087500000000001 0.2958333328125 0.89125 0.305 0.8462500000000001 0.3066666671875 0.8324999999999999 0.31083333281250003 0.826875 0.3183333328125 0.8231249999999999 0.34249999999999997 0.8331250000000001 0.35583333281249996 0.85875 0.375 0.884375 0.3825 0.9243750000000001 0.3875 0.9487500000000001 0.3975
10 0.7731250000000001 0.35 0.79 0.32999999999999996 0.8025 0.3066666671875 0.80625 0.2708333328125 0.8074999999999999 0.20416666718749998 0.8012499999999999 0.1983333328125 0.795 0.1983333328125 0.78625 0.20750000000000002 0.766875 0.22000000000000003 0.7625 0.22749999999999998 0.75625 0.2633333328125 0.754375 0.3133333328125 0.745 0.3441666671875 0.744375 0.3566666671875 0.7474999999999999 0.3641666671875 0.760625 0.3616666671875 0.7731250000000001 0.35
10 0.9199999999999999 0.1925 0.920625 0.1575 0.9268750000000001 0.1325 0.9256249999999999 0.12250000000000001 0.9199999999999999 0.12166666718750001 0.9112500000000001 0.1258333328125 0.89875 0.1375 0.889375 0.15 0.8793749999999999 0.1716666671875 0.87625 0.1925 0.8787499999999999 0.2 0.884375 0.2066666671875 0.8875 0.20833333281250002 0.9 0.2058333328125 0.9199999999999999 0.1925
10 0.354375 0.2916666671875 0.365625 0.2966666671875 0.379375 0.2958333328125 0.3825 0.2916666671875 0.395 0.255 0.395625 0.19 0.39187500000000003 0.1641666671875 0.383125 0.1591666671875 0.374375 0.1591666671875 0.30874999999999997 0.1716666671875 0.3 0.1766666671875 0.29874999999999996 0.1933333328125 0.304375 0.25166666718749997 0.304375 0.27 0.3075 0.28250000000000003 0.31124999999999997 0.2875 0.31625000000000003 0.2908333328125 0.335 0.29333333281249996 0.354375 0.2916666671875
10 0.528125 0.21833333281249998 0.530625 0.2108333328125 0.5325 0.1758333328125 0.53125 0.1616666671875 0.5275000000000001 0.1483333328125 0.52 0.13999999999999999 0.478125 0.1383333328125 0.45062499999999994 0.14416666718749999 0.4425 0.1508333328125 0.4425 0.21749999999999997 0.445625 0.2266666671875 0.45625 0.23500000000000001 0.47625 0.2316666671875 0.491875 0.2341666671875 0.503125 0.2258333328125 0.52125 0.2225 0.528125 0.21833333281249998
10 0.5962500000000001 0.20916666718750002 0.609375 0.2066666671875 0.63125 0.1925 0.63625 0.1816666671875 0.635625 0.1775 0.63 0.1716666671875 0.6224999999999999 0.155 0.623125 0.13916666718749998 0.6168750000000001 0.11750000000000001 0.6068749999999999 0.10500000000000001 0.600625 0.0891666671875 0.59375 0.0841666671875 0.586875 0.0875 0.575 0.0991666671875 0.5706249999999999 0.11499999999999999 0.57125 0.1266666671875 0.5599999999999999 0.1516666671875 0.56125 0.1775 0.566875 0.1966666671875 0.5706249999999999 0.20249999999999999 0.5818749999999999 0.20833333281250002 0.5962500000000001 0.20916666718750002
10 0.680625 0.1416666671875 0.680625 0.1125 0.67625 0.1075 0.6675 0.1058333328125 0.658125 0.10833333281249999 0.653125 0.11333333281249999 0.64375 0.1508333328125 0.64375 0.16499999999999998 0.645625 0.1708333328125 0.651875 0.1783333328125 0.658125 0.1816666671875 0.670625 0.1766666671875 0.6743750000000001 0.1716666671875 0.680625 0.1416666671875
12 0.39249999999999996 0.71 0.401875 0.7041666671875 0.40812499999999996 0.6966666671875 0.41312499999999996 0.6816666671875 0.406875 0.6591666671875 0.405625 0.6066666671875 0.39875 0.5825 0.396875 0.5666666671875 0.39125 0.5558333328125 0.3775 0.5541666671875001 0.3725 0.5575 0.366875 0.5675 0.366875 0.5833333328125 0.36375 0.5983333328125 0.36312500000000003 0.6383333328125 0.365625 0.6541666671875 0.3675 0.6958333328124999 0.375625 0.7091666671875 0.38375 0.7116666671874999 0.39249999999999996 0.71
1 0.5193749999999999 0.6825 0.526875 0.6900000000000001 0.55375 0.7025 0.5650000000000001 0.7016666671875 0.578125 0.6933333328125 0.58375 0.6841666671875 0.593125 0.6766666671875 0.600625 0.6616666671875 0.6012500000000001 0.6583333328125 0.598125 0.6533333328125 0.585 0.6458333328125 0.578125 0.6366666671875 0.5525 0.6266666671875 0.54125 0.6258333328125001 0.5237499999999999 0.6358333328125 0.51875 0.6458333328125 0.50625 0.6516666671875 0.499375 0.6516666671875 0.49625 0.645 0.49375 0.645 0.49312500000000004 0.6525000000000001 0.495 0.6591666671875 0.51 0.6783333328125 0.5193749999999999 0.6825
8 0 0.9991666671875 0.18062499999999998 0.9991666671875 0.203125 0.9766666671875001 0.225 0.96 0.22749999999999998 0.9491666671875001 0.23312499999999997 0.9458333328125 0.240625 0.9324999999999999 0.265625 0.9016666671875001 0.284375 0.8833333328125 0.290625 0.8716666671875 0.29500000000000004 0.8691666671875 0.305 0.8541666671874999 0.35375 0.7958333328125 0.36124999999999996 0.7908333328125 0.3675 0.7816666671875 0.3725 0.7791666671875 0.38375 0.7658333328125 0.405625 0.735 0.438125 0.6966666671875 0.43125 0.6849999999999999 0.414375 0.6799999999999999 0.40875000000000006 0.6825 0.4025 0.6950000000000001 0.395 0.7016666671875 0.378125 0.7033333328125 0.3725 0.6958333328124999 0.364375 0.6516666671875 0.35875 0.6416666671875 0.31437499999999996 0.6174999999999999 0.2925 0.6091666671875 0.23125 0.5716666671875 0.196875 0.5566666671875 0.144375 0.525 0.0875 0.495 0.078125 0.4875 0.0475 0.4733333328125 0.028749999999999998 0.45999999999999996 0.01125 0.45416666718750004 0 0.4583333328125 0 0.9991666671875