0 0.41533007031249997 0.44263910156249997 0.423126340625 0.45681094843750003 0.4233879890625 0.47483158750000004 0.4406368890625 0.4926847203125 0.4716616703125 0.5097414765625 0.48186318437500003 0.511905578125 0.495241721875 0.506206275 0.5100836765625 0.488980325 0.516630671875 0.47428959531250003 0.513566440625 0.4633737703125 0.4794888796875 0.43823195156250005 0.46228577812499994 0.43170185781250003 0.44700068125000003 0.43270184062499994 0.4209123390625 0.42276795156249997 0.41393365 0.4240634765625 0.4133777125 0.4266167453125 0.41533007031249997 0.44263910156249997
10 0.45050343281250005 0.645360165625 0.469781428125 0.604877321875 0.42530940937499995 0.5765353171875 0.4037733140625 0.6187389484375 0.45050343281250005 0.645360165625
10 0.5356343609375 0.6926455390624999 0.5500331734375 0.6591936234375 0.5225942078125 0.6420071484375 0.5152296296875 0.64123050625 0.517078934375 0.6317760296875 0.5089425734375 0.6268550546875 0.48778091874999996 0.6683000953125 0.5356343609375 0.6926455390624999
10 0.7513427125 0.776482640625 0.7908897484375 0.8005325421875 0.8029388609374999 0.74615534375 0.7682824609375001 0.7179052734375 0.7648895890625 0.7190710796875 0.760407746875 0.7310049359375 0.7513427125 0.776482640625
10 0.5857802515625 0.7237624671875 0.6217185703125 0.74228056875 0.6357314890625 0.7067564890625 0.6009164953125 0.6859626109375 0.5876295578125 0.7143079890624999 0.5857802515625 0.7237624671875
10 0.89605451875 0.810084715625 0.8727732453125 0.7916099421875 0.8675196187499999 0.7993994640625 0.8649557796874999 0.8188634015625 0.8626077875 0.8450249390625 0.8751194265625 0.8524977406250001 0.89605451875 0.810084715625
10 0.666746528125 0.7680693093750001 0.690576775 0.7797239874999999 0.6976453578124999 0.7539877125000001 0.695897396875 0.741832196875 0.6690487187499999 0.73058473125 0.6585987156249999 0.760317571875 0.666746528125 0.7680693093750001
10 0.5776536343750001 0.674585425 0.58254426875 0.6703852546875 0.6070529921875 0.6164513687500001 0.5466712390625 0.5746780593749999 0.5153882249999999 0.6337743125 0.5159670625 0.636882565625 0.5776536343750001 0.674585425
4 0.6277096281250001 0.7301431046875 0.631329796875 0.7385056624999999 0.6236365765625 0.7498106484375 0.6240453671874999 0.757544334375 0.6323746765625 0.7635013953125 0.6378441484375 0.762409478125 0.642700434375 0.7497170265624999 0.6560560718749999 0.7383562046875001 0.6635563453125 0.7260151328125 0.63500550625 0.7139351890625 0.6344266703125 0.7108269390624999 0.62862855625 0.7240004875 0.6277096281250001 0.7301431046875
5 0.4944945484375 0.55481028125 0.503765684375 0.56028624375 0.5517319203125 0.5658524546875 0.558143221875 0.5642794328125 0.559640984375 0.56124506875 0.5437198015625 0.5449830046875 0.5119919390625001 0.54076646875 0.49292808125 0.5408600906250001 0.488025996875 0.5422295046875 0.487470059375 0.544782771875 0.4944945484375 0.55481028125
12 0.21830139218750003 0.40372303125000003 0.2280941125 0.3981534484375 0.2468734234375 0.37437766875 0.25455519375 0.36024192187500004 0.24546555312499999 0.352971284375 0.24169824062499998 0.35489568125000004 0.218221240625 0.3839077171875 0.2129905140625 0.3973587578125 0.21830139218750003 0.40372303125000003
3 0.3658758125 0.3958511921875 0.371175240625 0.3993847078125 0.3783354234375 0.39629450624999996 0.380071934375 0.40561926093749995 0.3865061359375 0.409707759375 0.39685479218749997 0.4015849109375 0.37622447187499997 0.387728340625 0.37977593593750003 0.3791063453125 0.382601421875 0.3776630484375 0.3784253171875 0.37185375625 0.3680766578125 0.37997660624999996 0.36471813750000004 0.389634690625 0.3658758125 0.3958511921875
3 0.3989084953125 0.3959972765625 0.3994415328125 0.3877824921875 0.39188400625 0.3859697671875 0.3970019375 0.3912979578125 0.3959015140625 0.3992352515625 0.3989084953125 0.3959972765625
1 0.3665691515625 0.42726703749999995 0.3786772203125 0.4341304609375 0.380526525 0.424675984375 0.3786199703125 0.41997666406249995 0.3665119 0.413113240625 0.36409520781250004 0.42229022499999996 0.3665691515625 0.42726703749999995
8 0.4309832765625 0.5793102390625 0.4403901078125 0.5716684875 0.45437038281250003 0.574738953125 0.4227553140625 0.5517431875 0.3205913296875 0.4933022859375 0.3149861609375 0.5075119171875 0.4309832765625 0.5793102390625