4 0.584375 0.41333333281250006 0.590625 0.4125 0.5900000000000001 0.3933333328125 0.58375 0.36833333281249997 0.5775 0.3583333328125 0.573125 0.3416666671875 0.5700000000000001 0.3375 0.5575 0.335 0.54875 0.3391666671875 0.5443749999999999 0.3616666671875 0.516875 0.3991666671875 0.51625 0.4066666671875 0.5181250000000001 0.40833333281249995 0.53625 0.41166666718749995 0.5337500000000001 0.3975 0.54125 0.39249999999999996 0.5818749999999999 0.395 0.58375 0.3966666671875 0.584375 0.41333333281250006
8 0 0.49833333281250003 0.0075 0.5033333328125 0.084375 0.5325 0.108125 0.5475 0.14875 0.5608333328125 0.16999999999999998 0.5733333328125 0.26937500000000003 0.6125 0.28500000000000003 0.6233333328125 0.306875 0.6325000000000001 0.32687499999999997 0.6566666671875 0.346875 0.6708333328125 0.34875 0.6825 0.36875 0.6883333328125001 0.440625 0.6958333328124999 0.46624999999999994 0.6941666671875 0.500625 0.7075 0.515625 0.7083333328125 0.520625 0.7033333328125 0.536875 0.6691666671875 0.5725 0.5700000000000001 0.571875 0.5625 0.559375 0.5575 0.415625 0.5241666671874999 0.398125 0.515 0.37625000000000003 0.5166666671875 0.3075 0.5 0.29812500000000003 0.5033333328125 0.30062500000000003 0.515 0.2975 0.5191666671874999 0.275625 0.5341666671875 0.26749999999999996 0.5341666671875 0.21625 0.5108333328125 0.19437500000000002 0.5116666671875 0.17250000000000001 0.505 0.12625 0.5166666671875 0.12250000000000001 0.5108333328125 0.11000000000000001 0.5083333328124999 0.100625 0.49749999999999994 0.10124999999999999 0.4916666671875 0.11937500000000001 0.4883333328125 0.12687500000000002 0.48250000000000004 0.12875 0.46749999999999997 0.12437499999999999 0.46333333281250005 0.0675 0.46749999999999997 0.0025 0.4808333328125 0 0.48166666718749995 0 0.49833333281250003
8 0.795625 0.6008333328125001 0.734375 0.4516666671875 0.661875 0.44333333281250004 0.619375 0.45083333281250004 0.61625 0.4533333328125 0.60375 0.4841666671875 0.6025 0.4933333328125 0.57625 0.5641666671875 0.58125 0.575 0.641875 0.5908333328125 0.685625 0.5941666671875 0.73375 0.61 0.798125 0.6166666671875001 0.795625 0.6008333328125001
12 0.39437500000000003 0.51 0.390625 0.5133333328125 0.38937499999999997 0.5366666671875 0.39375 0.5825 0.3975 0.5891666671875 0.41187500000000005 0.5883333328125 0.41375 0.5733333328125 0.40812499999999996 0.5258333328125 0.401875 0.5108333328125 0.39437500000000003 0.51
10 0.273125 0.3991666671875 0.209375 0.3983333328125 0.20812499999999998 0.4033333328125 0.21937500000000001 0.4691666671875 0.22374999999999998 0.48250000000000004 0.278125 0.495 0.3 0.49833333281250003 0.30625 0.49583333281249997 0.29562499999999997 0.4033333328125 0.273125 0.3991666671875
10 0 0.3883333328125 0.0125 0.4225 0.01875 0.42833333281249997 0.048125 0.43499999999999994 0.04375 0.4108333328125 0.03125 0.37333333281250003 0.0075 0.36833333281249997 0 0.36833333281249997 0 0.3883333328125
10 0.40812499999999996 0.36583333281249997 0.42000000000000004 0.385 0.445625 0.39 0.4575 0.3883333328125 0.45625 0.3525 0.42750000000000005 0.3491666671875 0.40812499999999996 0.3508333328125 0.40812499999999996 0.36583333281249997
10 0.133125 0.40083333281250005 0.12 0.38333333281250004 0.11374999999999999 0.3808333328125 0.11374999999999999 0.39 0.11875 0.40083333281250005 0.12562500000000001 0.43583333281250003 0.136875 0.47083333281249995 0.13999999999999999 0.4733333328125 0.14875 0.4716666671875 0.1525 0.46166666718749994 0.133125 0.40083333281250005
10 0.29312499999999997 0.38333333281250004 0.29 0.3458333328125 0.256875 0.3458333328125 0.25625 0.36583333281249997 0.259375 0.38333333281250004 0.29312499999999997 0.38333333281250004
10 0.1775 0.37333333281250003 0.1925 0.37666666718749997 0.203125 0.3741666671875 0.198125 0.3433333328125 0.17124999999999999 0.34249999999999997 0.17124999999999999 0.355 0.1775 0.37333333281250003
0 0.6525000000000001 0.42000000000000004 0.64 0.41166666718749995 0.586875 0.4175 0.58125 0.42833333281249997 0.58375 0.43666666718749997 0.6131249999999999 0.44749999999999995 0.620625 0.45583333281250005 0.625 0.4516666671875 0.6425 0.4483333328125 0.6537499999999999 0.43916666718749997 0.6525000000000001 0.42000000000000004
5 0.25125000000000003 0.4933333328125 0.231875 0.49916666718749997 0.220625 0.5083333328124999 0.22000000000000003 0.5125 0.24500000000000002 0.52 0.271875 0.5333333328125 0.27749999999999997 0.5325 0.30062500000000003 0.5141666671875 0.299375 0.5108333328125 0.27999999999999997 0.5066666671875 0.25125000000000003 0.4933333328125