4 0.6775 0.3533333328125 0.676875 0.3358333328125 0.66875 0.3291666671875 0.665625 0.3116666671875 0.64375 0.31083333281250003 0.64 0.3133333328125 0.63625 0.32 0.63125 0.3416666671875 0.6018749999999999 0.3775 0.6018749999999999 0.3875 0.6212500000000001 0.39249999999999996 0.6212500000000001 0.37 0.6675 0.37333333281250003 0.6743750000000001 0.37666666718749997 0.675 0.3966666671875 0.68125 0.3966666671875 0.684375 0.3908333328125 0.6837500000000001 0.37666666718749997 0.6775 0.3533333328125
4 0.081875 0.4308333328125 0.09375 0.4266666671875 0.093125 0.42083333281249996 0.10187500000000001 0.40833333281249995 0.125 0.40416666718750005 0.125 0.395 0.093125 0.3983333328125 0.08125 0.3975 0.076875 0.39416666718750004 0.060625 0.3741666671875 0.061875 0.34750000000000003 0.058750000000000004 0.3433333328125 0.043125000000000004 0.3358333328125 0.035625000000000004 0.3358333328125 0.028125 0.3383333328125 0.020624999999999998 0.3466666671875 0.021249999999999998 0.35583333281249996 0.026875 0.365 0.023125 0.3708333328125 0.0125 0.37666666718749997 0.01125 0.3866666671875 0.019375 0.40750000000000003 0.024375 0.4125 0.051875000000000004 0.41333333281250006 0.0725 0.43 0.081875 0.4308333328125
8 0.89125 0.7116666671874999 0.88375 0.725 0.8775000000000001 0.7474999999999999 0.869375 0.7641666671875 0.85375 0.8166666671874999 0.8331250000000001 0.8675 0.838125 0.8783333328125 0.849375 0.8825 0.8637499999999999 0.8558333328125001 0.875625 0.8233333328124999 0.880625 0.7941666671875 0.9 0.7433333328125 0.9018750000000001 0.7325 0.909375 0.7141666671875 0.925 0.6975 0.931875 0.6725 0.929375 0.6258333328125001 0.9237500000000001 0.6033333328125 0.914375 0.5791666671875 0.8931250000000001 0.5375 0.8618750000000001 0.4525 0.85625 0.44666666718750003 0.846875 0.44333333281250004 0.766875 0.43166666718749996 0.755625 0.4325 0.734375 0.46749999999999997 0.70875 0.46333333281250005 0.69875 0.4691666671875 0.6599999999999999 0.5483333328125 0.659375 0.5525 0.6625 0.5558333328125 0.6793750000000001 0.5641666671875 0.7975 0.5908333328125 0.875 0.6191666671875 0.89625 0.6308333328125 0.906875 0.6508333328125 0.905 0.6691666671875 0.8943749999999999 0.6933333328125 0.89125 0.7116666671874999
8 0.6431250000000001 0.6891666671875 0.6131249999999999 0.7908333328125 0.596875 0.8258333328124999 0.5725 0.8675 0.5662499999999999 0.8916666671875 0.565625 0.9099999999999999 0.569375 0.9175000000000001 0.58125 0.9175000000000001 0.5856250000000001 0.9125 0.599375 0.8708333328125001 0.6425 0.7633333328125 0.6525000000000001 0.7091666671875 0.6587500000000001 0.6916666671875 0.6575 0.6808333328125 0.6431250000000001 0.6891666671875
8 0.58375 0.6866666671874999 0.593125 0.6825 0.6118750000000001 0.6566666671875 0.62375 0.6316666671875 0.629375 0.6041666671875 0.639375 0.5916666671875 0.658125 0.5516666671875 0.63375 0.5408333328125 0.40499999999999997 0.4691666671875 0.39437500000000003 0.47083333281249995 0.39187500000000003 0.4783333328125 0.381875 0.49000000000000005 0.36312500000000003 0.4933333328125 0.32875 0.47583333281250006 0.29125 0.4641666671875 0.25125000000000003 0.465 0.238125 0.45416666718750004 0.24375 0.4441666671875 0.244375 0.4375 0.22000000000000003 0.425 0.19875 0.4216666671875 0.190625 0.41333333281250006 0.1775 0.4066666671875 0.11000000000000001 0.40750000000000003 0.09812499999999999 0.4108333328125 0.0975 0.4183333328125 0.1025 0.4225 0.14250000000000002 0.44166666718750003 0.236875 0.49583333281249997 0.33875 0.5491666671875 0.364375 0.5641666671875 0.383125 0.58 0.433125 0.605 0.489375 0.6391666671875 0.58375 0.6866666671874999
12 0.47062499999999996 0.5008333328125001 0.47437500000000005 0.5525 0.47562499999999996 0.5549999999999999 0.48875 0.5533333328125 0.490625 0.55 0.48875 0.495 0.48125 0.48 0.475 0.4808333328125 0.471875 0.4925 0.47062499999999996 0.5008333328125001
10 0.3975 0.4625 0.390625 0.37666666718749997 0.37625000000000003 0.3716666671875 0.328125 0.3675 0.32 0.3675 0.3175 0.3716666671875 0.325625 0.43583333281250003 0.325 0.44333333281250004 0.30874999999999997 0.45 0.311875 0.4691666671875 0.325625 0.4725 0.368125 0.49583333281249997 0.390625 0.48250000000000004 0.39249999999999996 0.4766666671875 0.39 0.475 0.3975 0.4625
10 0.54125 0.3633333328125 0.54125 0.32999999999999996 0.49312500000000004 0.32999999999999996 0.49312500000000004 0.3516666671875 0.496875 0.3608333328125 0.5231250000000001 0.36583333281249997 0.54125 0.3633333328125
10 0.1775 0.3933333328125 0.19875 0.4 0.199375 0.39249999999999996 0.1875 0.3458333328125 0.16312500000000002 0.34249999999999997 0.1625 0.3516666671875 0.17375000000000002 0.3891666671875 0.1775 0.3933333328125
10 0.273125 0.4341666671875 0.275625 0.4291666671875 0.263125 0.37666666718749997 0.25 0.3533333328125 0.24625 0.3533333328125 0.24562499999999998 0.3616666671875 0.26 0.43499999999999994 0.273125 0.4341666671875
10 0.356875 0.3225 0.356875 0.34249999999999997 0.36 0.3566666671875 0.3875 0.35750000000000004 0.38687499999999997 0.3241666671875 0.356875 0.3225
10 0.31437499999999996 0.3508333328125 0.31 0.32166666718750003 0.28875 0.32 0.288125 0.3325 0.29312499999999997 0.3591666671875 0.31 0.3566666671875 0.31437499999999996 0.3508333328125