10 0.43771140468749997 0.49333177343749995 0.436984103125 0.49883365937499996 0.4730742421875 0.5775606062499999 0.47854114531249997 0.5806255703125001 0.5154147140625 0.5600514890625 0.58073526875 0.5164705374999999 0.5911661406250001 0.5055544203125 0.554898384375 0.429984221875 0.54980354375 0.42773087656250003 0.43771140468749997 0.49333177343749995
10 0.2144825234375 0.6372502953125 0.21153966406250002 0.64500759375 0.2314366390625 0.6848665953124999 0.254454090625 0.7138115484374999 0.297166625 0.6971140484375 0.324822734375 0.6918751203125 0.357167971875 0.6738276812499999 0.3046771234375 0.5859058421875 0.2275982375 0.626874565625 0.2144825234375 0.6372502953125
10 0.0390650359375 0.73483553125 0.0559908625 0.725682753125 0.058286815625 0.7182864046875 0.0401529375 0.6805013062499999 0.035058096875 0.6782479578125 0.0178786890625 0.6886196828125 0.0390650359375 0.73483553125
10 0.22550610624999998 0.563831321875 0.1720878546875 0.5926175046875 0.164147378125 0.6001056421875 0.174467928125 0.6208467625 0.1905134 0.6363551562499999 0.2441092703125 0.604412221875 0.24613038281250002 0.5981884390625 0.22550610624999998 0.563831321875
10 0.4695032375 0.43686292499999996 0.45780847968750005 0.42198463906250006 0.405409196875 0.45122149375 0.4159241890625 0.47593098281249996 0.43344109062499997 0.48756072812499995 0.47290227968750004 0.46554285 0.474534503125 0.4513823265625 0.4695032375 0.43686292499999996
8 0.4577373140625 0.7053662546874999 0.7161570703125 0.5336588109375 0.742485721875 0.5148915406250001 0.742938184375 0.5105622234375 0.7760275453125 0.49413801875 0.8358980218750001 0.454617221875 0.9304096859375001 0.38965263906250003 0.9388998453124999 0.37981936875 0.8541347781249999 0.37921199843750003 0.806116134375 0.3825626609375 0.758794865625 0.40692774062500003 0.592396378125 0.5170985796875 0.5836313765625001 0.5281044171875 0.5988355000000001 0.540005390625 0.6021840703125 0.5473099546875 0.601084703125 0.5520002203125001 0.496108515625 0.6136306796875 0.49187185 0.6221098765625 0.43847042187499996 0.65802118125 0.43164613437500005 0.6679441749999999 0.4295147 0.70582519375 0.4309225546875 0.714212603125 0.43601739375 0.7164659484375 0.4577373140625 0.7053662546874999
8 0.30409185625 0.729941784375 0.29454908125 0.72507414375 0.3015509875 0.7119944015625 0.29220265625 0.7110951296875 0.20986813437500002 0.76009238125 0.18363670625 0.7808438359375 0.18024138750000002 0.7929304515625 0.1566948 0.8142222984374999 0.147396940625 0.8346983921875 0.1504874921875 0.85030064375 0.12121598281249998 0.8768252109375 0.1119612625 0.8938511968749999 0.1263494359375 0.9252375234375 0.1333501015625 0.9210156015625 0.411629459375 0.734150371875 0.4216882703125 0.7224226375 0.41544359062499997 0.7034841953125001 0.4090549421875 0.7019527453125 0.372003753125 0.7256835796875001 0.35424565937499997 0.72947664375 0.3373457375 0.7440022484375 0.3274309 0.7383229890624999 0.32110582499999996 0.7245254828125 0.314442334375 0.7241666015625 0.30409185625 0.729941784375
5 0.5072835171875 0.6043377984375 0.6035751 0.548572240625 0.5980913734375 0.53838215625 0.5869631234375 0.528283859375 0.4975126515625 0.5812515453125 0.503110421875 0.6005509359375 0.5072835171875 0.6043377984375
5 0.40460700781250003 0.6993384515625001 0.394832415625 0.63548565625 0.38410987812499997 0.6404492187499999 0.37146345 0.65362075 0.369027246875 0.7191906359375 0.3723758171875 0.7264951984375 0.40460700781250003 0.6993384515625001
4 0.5048418046875 0.43243354843750004 0.5054083109375 0.4372135359375 0.5158728328125 0.44054766093750003 0.5566278312499999 0.417807884375 0.5539093421875 0.403017253125 0.5703399765625 0.38569584375 0.5448657765625 0.37442911562500003 0.5399653828125001 0.376144140625 0.5229009421875 0.3601850734375 0.5127280859375001 0.362803503125 0.5110790359374999 0.3698389046875 0.515285778125 0.387876009375 0.5095776812499999 0.40023385468750006 0.5048418046875 0.43243354843750004
0 0.41083307187500007 0.514444178125 0.4057214078125 0.5050657109375 0.3892571234375 0.5081368765625001 0.36283125312500003 0.5249199625000001 0.36145704375 0.5307827984375 0.366860375 0.54611381875 0.373249025 0.5476452671875001 0.395518625 0.534200440625 0.4005162453125 0.5344696015625 0.4080846578125 0.526169846875 0.41083307187500007 0.514444178125
0 0.6123925078125 0.40300071718749997 0.662593059375 0.3831443953125 0.6696117890625 0.377189775 0.6602298109375 0.3620402625 0.6492156062500001 0.3610512703125 0.62684878125 0.3725119109375 0.602202828125 0.398494021875 0.6034162390625 0.4029130625 0.6123925078125 0.40300071718749997
12 0.7354390000000001 0.3914214109375 0.742639071875 0.42307658125 0.756130571875 0.4542790140625 0.7625192203125 0.4558104625 0.7729669203125 0.4520194671875 0.7732249359375001 0.443721778125 0.7614965328125 0.4145932515625 0.7555435171875 0.40160736249999995 0.74496495 0.38916393125000004 0.7354390000000001 0.3914214109375