8 0.469189665625 0.425240096875 0.4873244171875 0.4082357140625 0.5008150875 0.399715490625 0.5439086046875 0.385208328125 0.5537449234375 0.39185130468749996 0.5643298875 0.43673326875 0.5677457078125 0.46642189843750004 0.549562740625 0.489738271875 0.5425940812500001 0.4891726296875 0.529646484375 0.494720384375 0.5255454859375 0.500232075 0.5293521109375 0.5060085546875001 0.5241141984375 0.5104852906249999 0.49633853125 0.5088906265625 0.4902606234375 0.51433611875 0.505700321875 0.61852914375 0.5201325031249999 0.622999946875 0.6143312171875001 0.6215020890625 0.624758825 0.61886060625 0.6336536374999999 0.6125125515625001 0.631425484375 0.590838771875 0.5886821109375 0.36876365624999996 0.538226509375 0.134467678125 0.534617828125 0.13002700625000002 0.52606815 0.132066784375 0.5002770187500001 0.17041396250000002 0.49860211093749995 0.19893524375 0.49247598750000005 0.2106927265625 0.48046736250000005 0.21593962812499998 0.46647928437499997 0.20782845 0.4629213609375 0.210367671875 0.46475870468749997 0.255953603125 0.460114625 0.2644377625 0.46140126718749996 0.27312051406250004 0.48724824218749996 0.26833699375000003 0.4962927796875 0.2696367375 0.5072279640625 0.3367941875 0.5067838578125 0.3404345609375 0.4787671140625 0.3703998421875 0.46285542968750004 0.38249424374999996 0.46364974999999997 0.4011293578125 0.469189665625 0.425240096875
0 0.5535723953125 0.5234343265625 0.554110390625 0.49387808906249997 0.5693292671875 0.4771083625 0.5745646375 0.4593397421875 0.56441869375 0.3842336421875 0.5604141234375 0.377121353125 0.55438443125 0.3762548578125 0.5313543578125001 0.38013581875 0.5146508953125 0.3868869875 0.47991165156250004 0.41131044375 0.47225272656249995 0.41936135781250006 0.4681035109375 0.4311850375 0.4681085921875 0.457768803125 0.47582589999999997 0.49657343125000003 0.4835381234375 0.508794296875 0.498069278125 0.5139330046875 0.5239670078125 0.5161293765625 0.5380566 0.5382003421875 0.5491262625 0.5332542953125 0.5535723953125 0.5234343265625
10 0.3033349953125 0.20203322343750002 0.321990028125 0.32128718749999996 0.3264387 0.32475909999999997 0.3321714765625 0.323621884375 0.4169272234375 0.3048607828125 0.42468511875 0.2974777734375 0.4080095375 0.1915818921875 0.398767053125 0.1889463390625 0.342279296875 0.1993497453125 0.3033349953125 0.20203322343750002
10 0.256909459375 0.366626121875 0.29264096875 0.3621735875 0.31987101562500003 0.353448840625 0.3101209625 0.28101435625 0.2493824734375 0.28928165156249996 0.256909459375 0.366626121875
10 0.299041209375 0.4916506328125 0.3383788578125 0.4783468875 0.329372365625 0.41756762500000005 0.3280375109375 0.41519686250000004 0.32022885625 0.41559997656250003 0.269572846875 0.42553406875000005 0.278333175 0.491289515625 0.28184288281250003 0.4950622828125 0.299041209375 0.4916506328125
10 0.27920351875 0.1321078265625 0.22474088281250001 0.1362654390625 0.2223198703125 0.139839615625 0.23028842031250002 0.200251828125 0.2396298765625 0.20355528281250002 0.291719715625 0.196659859375 0.283553221875 0.1349118375 0.27920351875 0.1321078265625
10 0.2100918234375 0.050358903125 0.2129149484375 0.06309685312499999 0.2586807203125 0.0666231015625 0.282451815625 0.0611054796875 0.285314390625 0.0405990484375 0.28270215625 0.027093909375000003 0.2100918234375 0.050358903125
4 0.25973137031250004 0.13344956562500002 0.2679841265625 0.1294060765625 0.2679257453125 0.0825505359375 0.22789529062499997 0.09117895312499999 0.219891234375 0.10353814374999999 0.2090677328125 0.10350801093749999 0.20071600156249997 0.1068835953125 0.1983965046875 0.1244175578125 0.20571283906249999 0.1339668046875 0.21589428906250002 0.136301503125 0.23353671718750002 0.12924948281249998 0.2450530265625 0.13395494375 0.25973137031250004 0.13344956562500002
4 0.33162832343750004 0.0677365921875 0.34329181875 0.0667979671875 0.33591964375 0.0236850609375 0.324007446875 0.0163079859375 0.315457771875 0.0183477609375 0.309676778125 0.025796965625 0.30202039687500004 0.047139760937500004 0.3007388375 0.065040775 0.33162832343750004 0.0677365921875
4 0.328567803125 0.0869072171875 0.3364246734375 0.0801921125 0.3067710734375 0.0791991515625 0.3033121203125 0.0824062796875 0.3111791578125 0.1288587046875 0.326745709375 0.1210725828125 0.3259006296875 0.0954575734375 0.328567803125 0.0869072171875
1 0.50969980625 0.5990576671875 0.5200792046875 0.602728171875 0.529567846875 0.6003875437499999 0.5257586796875 0.58131918125 0.5078675484375 0.5800555000000001 0.50969980625 0.5990576671875
12 0.5208963984375 0.7409902328125 0.516744640625 0.73952203125 0.5082939375 0.742229709375 0.4680680796875 0.7628142015625 0.45507226875000006 0.774673946875 0.454826109375 0.7796501265625 0.4591758125 0.7824541390624999 0.47721413281249997 0.7780737328125 0.5191199796875 0.755551725 0.523418925 0.7513758421875 0.5208963984375 0.7409902328125