4 0.5909188671875001 1 0.6001174218750001 0.9841844156249999 0.5913039609374999 0.9645073656250001 0.58495785 0.9583319093749999 0.5759439515625 0.9583862859375 0.5187556343749999 0.979166128125 0.47397741875 0.9910950046875 0.42033115 0.9771974875 0.39186929843749996 0.9443146625000001 0.37531665937500003 0.9202001578125 0.3694168484375 0.8902560703125 0.371857115625 0.8689737171875 0.3696264546875 0.86097978125 0.3637629 0.8562747749999999 0.3572892765625 0.8568903578124999 0.3454800703125 0.8699655999999999 0.34353152656249997 0.8831735359374999 0.3204231734375 0.8821598671875 0.31965850625000003 0.8594875468750001 0.3177282953125 0.85360575 0.311500534375 0.8501841234375 0.2964863953125 0.861869396875 0.2929626796875 0.8774570234375 0.2988170671875 0.8917068953125 0.2998275953125 0.9103420078125 0.286051509375 0.9557149218750001 0.2649642109375 0.9919714796875001 0.26254228125 0.9941641000000001 0.2557682078125 0.99266754375 0.236811975 0.951655928125 0.2209602453125 0.9536092640625 0.1971872359375 0.9517668374999999 0.1877545421875 0.9469552437500001 0.1735963328125 0.9492827187499999 0.1552497484375 0.9663690640624999 0.1429389859375 0.9837659828125 0.21642129375 1 0.5909188671875001 1
4 0.52089545 0.955771634375 0.5518159046875 0.9482823703125 0.5561772140625 0.9424266796874999 0.5446959609375 0.9289794609375001 0.48728053281249994 0.871288228125 0.4661844828125 0.8536711046875001 0.4583815484375 0.85262916875 0.467777571875 0.8956202296875 0.48747138906250004 0.9245202203125 0.52089545 0.955771634375
0 0.3762467578125 0.7076463265624999 0.3611688625 0.7227271203125001 0.3540668390625 0.7477530265625 0.359547853125 0.7728311421875 0.3740336 0.8073997546875 0.38569695625 0.820205284375 0.40021020468749996 0.826139296875 0.4355465578125 0.8189436921875 0.43821435 0.8127138625000001 0.44953183281250003 0.8077130374999999 0.466485346875 0.79236469375 0.4724764171875 0.7902786625 0.48197287031249997 0.7916947375000001 0.514896459375 0.777146884375 0.5206508375000001 0.7695531953125 0.5112818984375 0.7613460828124999 0.47729319062500003 0.751109471875 0.467869665625 0.7367530125 0.46884393593749996 0.7301490421875 0.44741118281250003 0.6851807 0.4419118328125 0.6791923140625 0.430239309375 0.67593165 0.4201965484375 0.6764406453125 0.41753792343749996 0.6731256078125 0.428254509375 0.663900503125 0.42808157343750003 0.654997328125 0.42064284531249996 0.6526720125 0.41731956718749996 0.6485282156250001 0.40546494062500005 0.6459092421875 0.4036164078125 0.6809607421874999 0.38866602499999997 0.6892504953125 0.3762467578125 0.7076463265624999
8 0.24811403125 0.5218149921874999 0.2567091359375 0.516894646875 0.26540425 0.5338178671875 0.27381725156250003 0.5295392156250001 0.3033721390625 0.4951533515625 0.3626731875 0.4161950703125 0.363829565625 0.408949409375 0.3514744671875 0.3605311703125 0.3483332890625 0.355745684375 0.34137711406250004 0.35489082031249997 0.2366873703125 0.5145171203125 0.2357768546875 0.51772556875 0.24811403125 0.5218149921874999
12 0.30063184062500004 0.45090501875 0.30371842656250003 0.44954115625 0.30499314843750003 0.445049328125 0.302152421875 0.44237597968750003 0.27663130625 0.434010065625 0.26356571562500003 0.432487403125 0.25956861249999996 0.4370597125 0.26779034375 0.4429676171875 0.30063184062500004 0.45090501875
5 0.24619049531249998 0.8868996234375001 0.250133009375 0.876177965625 0.25669830625 0.7801137125000001 0.2542217875 0.776156984375 0.2401910890625 0.7716934234374999 0.2299291390625 0.8744421250000001 0.23875176874999998 0.8845743078125 0.24619049531249998 0.8868996234375001
0 0.18705363125000002 0.9208874015624999 0.1964317375 0.919549646875 0.2021861171875 0.9119559578124999 0.21207427656250002 0.8834540515624999 0.21214720156250003 0.870513665625 0.20877849999999998 0.8506756546875 0.179506140625 0.842844840625 0.1724949609375 0.8992591750000001 0.1804616640625 0.91874915625 0.18705363125000002 0.9208874015624999
0 0.19735183750000002 0.8433777828125001 0.204854321875 0.8423075796875 0.2055827328125 0.83974081875 0.194156071875 0.8324429468749999 0.18550637812499998 0.8312139421875001 0.18241979218749999 0.832577803125 0.18126341562499998 0.8398234609375 0.19735183750000002 0.8433777828125001
4 0.5731964484375001 1 0.5880715249999999 0.991752 0.5948093437499999 0.9680094734375 0.5925149281250001 0.96341105625 0.5891916484374999 0.9592672578125001 0.5778195734375 0.9581187359375001 0.5356999828125 0.97336265 0.5257709828125 0.9813979078124999 0.5119178062499999 0.981065090625 0.4766998 0.991014525 0.453290996875 0.9878887171875 0.426558915625 0.9806191125 0.41531435468750005 0.97267955 0.3746520015625 0.9193713984375 0.369953990625 0.8978758687499999 0.37101035625 0.8687866468750001 0.3679329375 0.8606056421874999 0.36225148281249997 0.855258946875 0.358500240625 0.8557940468749999 0.3470552453125 0.867585909375 0.342866871875 0.8823447765625 0.3222987953125 0.8818923171874999 0.31917595312499997 0.8580170953125 0.31040791562500003 0.8540342624999999 0.2978157078125 0.8635269140625 0.293263128125 0.8795691640625 0.30062893281249997 0.8948348625 0.2972235609375 0.91317631875 0.285323096875 0.9582816812500001 0.2684787609375 0.9859287203125 0.258918553125 0.9879081640624999 0.23686656250000002 0.9578052749999999 0.2313034578125 0.9552124093750001 0.1879366453125 0.946313553125 0.1725674703125 0.9497373390625 0.161004125 0.958775371875 0.1426455484375 0.9837011562500001 0.21642129062499998 1 0.5731964484375001 1
4 0.47861208906249997 0.95256750625 0.4838018234375 0.96598861875 0.4920873109375 0.9685010046875 0.5444317671875 0.9521064031250001 0.5549024921875 0.9469185093749999 0.5556946609375 0.94095623125 0.47404200625000004 0.8608623874999999 0.46188693281250004 0.8561312765625001 0.46030259375 0.8680558328125001 0.4751887984375 0.9265801453125 0.47861208906249997 0.95256750625
10 0.16181712343750002 0.5532120625 0.21934214531250001 0.5597834421875 0.22933031874999998 0.5531251015625 0.24499077656249998 0.56135831875 0.24754022031249998 0.5523746625 0.23187976406250002 0.5441414421874999 0.244544890625 0.521708403125 0.1858726625 0.512837815625 0.17939903906250002 0.5134533984375 0.1612162234375 0.5489877875 0.16181712343750002 0.5532120625
10 0.1836503390625 0.6221361109375 0.199420390625 0.579249478125 0.174017621875 0.573637390625 0.146010815625 0.570859615625 0.1316884234375 0.6181575968749999 0.1836503390625 0.6221361109375
10 0.14531824375 0.66208400625 0.1608695234375 0.65801853125 0.1608241 0.642324315625 0.1370510921875 0.6404818875 0.11666511718749999 0.6393877390625 0.10745078125 0.6591735375 0.14531824375 0.66208400625
10 0.1267803890625 0.68935690625 0.14268670625 0.6935529171875 0.1462650140625 0.6841146390625 0.1422133203125 0.6825376015625 0.14082941875 0.6747307359375 0.131150865625 0.67395635 0.098782753125 0.677034265625 0.09392972187500001 0.6909643734375 0.1267803890625 0.68935690625