4 0 0.4631348234375 0.0115785734375 0.45598533750000003 0.026795915625 0.42790206875000003 0.03416943125 0.39579379375 0.033047128125000005 0.37675917812500004 0.047332634375 0.36870742343749996 0.0695560265625 0.37190732656250003 0.1186731234375 0.39506045 0.1364166734375 0.4205731703125 0.14967628125000002 0.4253262765625 0.15285096874999998 0.4249043765625 0.1607865125 0.41154321875 0.1534094828125 0.4067322640625 0.155276671875 0.403588459375 0.1464051875 0.39390870312500004 0.160783 0.3746239890625 0.17852479375000002 0.38167709375 0.18926111875 0.363600234375 0.17777522343750002 0.3546298765625 0.1625531984375 0.33348750625 0.15479991875000002 0.29976993125 0.15208793125 0.256333446875 0.180655428125 0.20331070625 0.215014953125 0.17992269375 0.21940190781250002 0.1626896296875 0.20903597187499998 0.1481410671875 0.197453084375 0.1011780296875 0.1614092265625 0.086784315625 0.1347042328125 0.0874376140625 0.131982946875 0.086480696875 0 0.30870173125 0 0.4631348234375
8 0.5020011546875 0.672775753125 0.6316982765625 0.674723415625 0.6386067515625 0.6618607078125 0.635803628125 0.64196359375 0.6168437140624999 0.5901896 0.611611959375 0.5608423765625 0.60152528125 0.5372077562500001 0.5981612984375 0.5108699375 0.5880734515625 0.47492890781249997 0.524560390625 0.28031115156249997 0.5116741046875 0.2736986453125 0.4981352390625 0.278031596875 0.454625559375 0.306979115625 0.42950907968749996 0.31972787187499996 0.38011799375 0.36103965 0.3549080359375 0.37271495625 0.3518274125 0.3803635125 0.35182858437500003 0.392669921875 0.3639705734375 0.42761404843750006 0.36266424218750004 0.4371985578125 0.349220025 0.45491136875000004 0.347820221875 0.4634224265625 0.3613608421875 0.4775490875 0.371260565625 0.49903680625 0.48136451718749995 0.66321169375 0.5020011546875 0.672775753125
0 0.3526616734375 0.3161861125 0.2929981296875 0.3440227796875 0.2699352046875 0.3496214296875 0.24640606874999998 0.3621592390625 0.23762981875000003 0.3720125453125 0.2342693515625 0.382593953125 0.2364193109375 0.40728332187499994 0.249494890625 0.44065554999999995 0.2639696921875 0.4593635140625 0.28227175781249997 0.466704121875 0.3218624546875 0.466510125 0.3479131109375 0.45834267031250003 0.356969790625 0.45170971875 0.3655590875 0.4397095109375 0.36863912656250003 0.4259077484375 0.3473434703125 0.3596038953125 0.350049603125 0.34150833281250004 0.35779878125 0.3321534734375 0.3526616734375 0.3161861125
8 0.51909388125 0.727693546875 0.5219881390625 0.7240512953125 0.5223602875 0.709885484375 0.5352436468749999 0.6857319656249999 0.5316015765625 0.6807866125 0.5196494703125001 0.6787554109375 0.5120866609375 0.6841039624999999 0.464369953125 0.658592990625 0.406944571875 0.65681363125 0.3767850484375 0.6608216812500001 0.36698114375 0.665020234375 0.3445707953125 0.6596734265624999 0.33420661875 0.6635844796875 0.3341143140625 0.6748174390624999 0.340184428125 0.6830596953125 0.344388528125 0.7067521625000001 0.3650251640625 0.716316225 0.38183219375 0.7126348234375001 0.3921034796875 0.7138035265625 0.4064836328125 0.7191316296875 0.4220772234375 0.7199549828125 0.4493436625 0.73189559375 0.47819568749999997 0.725165640625 0.5085427515625 0.7294576968750001 0.51909388125 0.727693546875
10 0.309649828125 0.67046753125 0.3056356078125 0.6796879890625 0.297419634375 0.689828796875 0.291070259375 0.690672596875 0.2552192109375 0.73995783125 0.2953713484375 0.75235774375 0.31871177500000003 0.7192134218749999 0.3347698203125 0.6946380046875 0.313013225 0.690652146875 0.3146922875 0.673055034375 0.309649828125 0.67046753125
10 0.221785078125 0.6756290796875 0.190882428125 0.7202751593750001 0.23168890156250002 0.7401892296875 0.23663729843749998 0.7355500765625 0.26445874062499997 0.692399346875 0.2455964015625 0.6847712390625 0.24298140156249998 0.679327434375 0.2450349578125 0.672177328125 0.23317720468749997 0.6804493828125 0.221785078125 0.6756290796875
10 0.16735153281249998 0.714353353125 0.19433344375 0.6800011796875001 0.18452836875 0.6718933234375 0.18518153125 0.66710106875 0.1823807515625 0.671816771875 0.17061618437499998 0.6780856749999999 0.14559493750000002 0.7103674984375 0.16221618437500002 0.7168456046875 0.16735153281249998 0.714353353125
10 0.150821421875 0.6843358765625001 0.15604966250000002 0.676763871875 0.14969970625 0.6714544671875 0.15446115 0.6646684125 0.1487649390625 0.6607199593749999 0.13980232343750001 0.67457956875 0.1142202171875 0.7004206875000001 0.1270130265625 0.7059597421875 0.150821421875 0.6843358765625001
0 0.0657375453125 0.475572759375 0.03398950625 0.4674853484375 0.0199844296875 0.47875745625 0.0326855171875 0.501682675 0.06873055 0.5283827984375 0.0696653140625 0.5391173078125 0.0849773046875 0.524413896875 0.09393992031250001 0.5105542875 0.0966466390625 0.498611928125 0.0833870328125 0.4938588234375 0.0657375453125 0.475572759375
12 0.4084466375 0.741674096875 0.41479542656249996 0.73467709375 0.4317864796875 0.70237656875 0.4232889046875 0.6969906124999999 0.40564410000000006 0.7279301859375 0.40303085781250003 0.7409459968750001 0.4084466375 0.741674096875
4 0.19638816875 0.6851574828125 0.1896654765625 0.687860684375 0.17220645625 0.70864075 0.1546527875 0.716040953125 0.1469036078125 0.7253958109374999 0.14587712343749998 0.7320474640625 0.15157333281250002 0.73599591875 0.159976846875 0.73415521875 0.17052680625 0.7200846578125 0.1862127015625 0.7096750515625 0.2004970359375 0.6893168875 0.19638816875 0.6851574828125