8 0.6065984171875 0.432736634375 0.57691281875 0.44345489843749997 0.567347596875 0.4591042328125 0.5796779843750001 0.5015588578125 0.5757972375 0.5151557578125 0.511373175 0.5384166703125 0.4886296625 0.5278657812499999 0.46342792499999996 0.5350888406250001 0.4555926140625 0.5266602625 0.4592229609375 0.520658828125 0.48656992343749994 0.5051561546875 0.49060997500000003 0.49619239843749996 0.4890907484375 0.4854833390625 0.48444758437499996 0.4843453984375 0.4396033859375 0.5005368171875 0.43448791875000004 0.5042600703125 0.4355348390625 0.5198303234375 0.4309883796875 0.5252243937500001 0.41469176093750004 0.5273559109375 0.4096047875 0.52074941875 0.4006996703125 0.525840959375 0.383190765625 0.5931413265625001 0.384835190625 0.600052653125 0.389762859375 0.6020260015625001 0.4354605703125 0.588340809375 0.4413043515625 0.59092151875 0.446328725 0.5994268796875 0.462340840625 0.5964599546875 0.762013359375 0.5079611609375 0.8024362984375 0.4933660796875 0.80628855 0.49009892187500004 0.8079899671874999 0.476350753125 0.7977819171875 0.4547068890625 0.7805009765625 0.43936928750000004 0.7588043843750001 0.44438864687499996 0.7486019453125 0.44150540625 0.7419331484375 0.4260887203125 0.7440157734375 0.419707975 0.7270249453125001 0.4239664078125 0.7046911359375 0.41045319375 0.692753175 0.41288724062500004 0.68855381875 0.41721785312500004 0.69576313125 0.4446351046875 0.6951656265625 0.4532940328125 0.6333305984375001 0.47374388281249996 0.6269178078125 0.46949235468749995 0.6140866234375 0.44222866875 0.6065984171875 0.432736634375
8 0.42193562656249994 0.4590711703125 0.4247353453125 0.42147313906250006 0.3439520640625 0.44876443593750004 0.28021054218749997 0.536510053125 0.25675554375 0.5759370734375 0.2605167 0.58489853125 0.2721075546875 0.583527940625 0.275140396875 0.586185434375 0.3213099640625 0.671771921875 0.329520875 0.6688072953125 0.307841559375 0.6259756609375 0.3588995296875 0.582211121875 0.3701773875 0.5903348703125 0.38267874687500003 0.570811015625 0.41149400312499995 0.5013046484375 0.42193562656249994 0.4590711703125
8 0.448799065625 0.410908440625 0.53027655625 0.3814902265625 0.5249335765625001 0.3637185796875 0.4397290359375 0.3926062140625 0.43193343906250004 0.411369140625 0.459496246875 0.48397298749999995 0.5529742984375 0.45022185937500003 0.5452926828125 0.4276658015625 0.46135135937499994 0.45609734062499996 0.45063690312500004 0.4308837890625 0.448799065625 0.410908440625
8 0.6103880671875 0.43136834375 0.60925005 0.4280267078125 0.596361871875 0.42142251562500005 0.5978754890625 0.4133709484375 0.6055173890625001 0.40873550468750003 0.6046638765625 0.406229275 0.5535035921875 0.42470117656250006 0.5623858234375 0.44870000625 0.6103880671875 0.43136834375
8 0.5487810015625 0.36918022968750003 0.554215078125 0.374723265625 0.590154159375 0.36362338906249997 0.58275705 0.3419027390625 0.5454921515625 0.35535758125 0.5487810015625 0.36918022968750003
0 0.524961621875 0.457521703125 0.49499152031250004 0.4674045578125 0.4841289765625 0.47507910937500003 0.4792354125 0.481536640625 0.4814829515625 0.49854966093749997 0.44971472968750004 0.515648671875 0.4482637125 0.5218013703125 0.453162884375 0.534104465625 0.4768795015625 0.5246032265625 0.500351328125 0.54145808125 0.513996315625 0.544036490625 0.5758939421875 0.5216877703125 0.5817321140625 0.5055078578125001 0.579200071875 0.48765942500000004 0.5694643265625 0.461154365625 0.5600812953125 0.45234647499999997 0.524961621875 0.457521703125
10 0.6664591921875 0.35858791874999996 0.678567675 0.398308265625 0.6813160125 0.40013034999999997 0.79380491875 0.357638909375 0.7785327828125 0.300298178125 0.7742937140625 0.2774372890625 0.775363521875 0.263917171875 0.765115759375 0.2150818015625 0.6856582953125 0.2400181359375 0.69675760625 0.2851059125 0.6960027625 0.2953855171875 0.655232715625 0.3110440546875 0.655266821875 0.31947493437499996 0.6664591921875 0.35858791874999996
10 0.91492701875 0.1561802046875 0.8667080171875 0.1718340359375 0.8652569984375 0.1779867328125 0.8715558078125 0.2235572484375 0.8761704734375 0.235024934375 0.9345942562499999 0.213930478125 0.91492701875 0.1561802046875
10 0.5575099890625 0.3031736703125 0.5556492671875 0.31228869375 0.561151553125 0.33469348593750003 0.567313940625 0.346540484375 0.6355276546875 0.321911284375 0.6381166890625 0.3191002234375 0.6236354656249999 0.266164590625 0.557663684375 0.2890461890625 0.5553591531250001 0.292692659375 0.5575099890625 0.3031736703125
3 0.393854290625 0.5536421265625 0.3939850984375 0.5686050171875 0.39866236875 0.578173834375 0.3997036796875 0.5749834609375 0.4226634890625 0.5695080046875 0.4272725484375 0.5622150640625 0.42919586875000004 0.551201175 0.42170766249999997 0.5417091390625 0.41798061249999996 0.541178559375 0.41292774374999996 0.5430029453125 0.41147672812499997 0.54915564375 0.402822009375 0.546651715625 0.3952427078125 0.54938829375 0.393854290625 0.5536421265625
1 0.41996653281249996 0.528265803125 0.43288320625 0.5245402484375 0.434647221875 0.5088932140625 0.4229937671875 0.512162671875 0.4169962890625 0.5237094421874999 0.41778720312499995 0.5281145375 0.41996653281249996 0.528265803125
12 0.3518896875 0.48248565 0.34256925625 0.4717788921875 0.336537675 0.47489478281249997 0.34147095312500003 0.4956287578125 0.3584104 0.5307904406249999 0.37006385625 0.5275209828125 0.368766534375 0.5195462015625 0.3518896875 0.48248565
5 0.600464521875 0.410559890625 0.5936761328125 0.4177015625 0.5993947140625 0.4240800078125 0.615378334375 0.4314428265625 0.6521765375 0.441609803125 0.6759557546875 0.4302096953125 0.6843544640625 0.4215484671875 0.679489396875 0.4176762515625 0.621023096875 0.40219889062499997 0.600464521875 0.410559890625