4 0.780625 0.3533333328125 0.78 0.3391666671875 0.7837500000000001 0.33166666718750004 0.8006249999999999 0.31 0.8 0.3 0.7893749999999999 0.2783333328125 0.79 0.2683333328125 0.795625 0.2625 0.80625 0.2666666671875 0.813125 0.2558333328125 0.813125 0.195 0.8168749999999999 0.1766666671875 0.8125 0.17333333281250002 0.79875 0.1758333328125 0.7306250000000001 0.2366666671875 0.73 0.2475 0.735625 0.2733333328125 0.73125 0.2958333328125 0.7325 0.3158333328125 0.746875 0.3416666671875 0.7474999999999999 0.3541666671875 0.753125 0.35 0.765 0.365 0.775 0.3608333328125 0.780625 0.3533333328125
8 0.306875 0.7358333328125 0.290625 0.7716666671875 0.284375 0.79 0.28500000000000003 0.8 0.32437499999999997 0.8483333328124999 0.4325 0.9650000000000001 0.469375 0.9991666671875 0.595625 0.9991666671875 0.676875 0.6166666671875001 0.6912499999999999 0.545 0.691875 0.5241666671874999 0.67625 0.5125 0.58125 0.4766666671875 0.556875 0.4783333328125 0.54625 0.46333333281250005 0.5387500000000001 0.4608333328125 0.52125 0.4441666671875 0.503125 0.43583333281250003 0.416875 0.41500000000000004 0.38 0.3991666671875 0.37312500000000004 0.4025 0.3775 0.4566666671875 0.37124999999999997 0.4641666671875 0.35125 0.46749999999999997 0.34375 0.49000000000000005 0.3375 0.49833333281250003 0.340625 0.51 0.365 0.5241666671874999 0.3725 0.5341666671875 0.375625 0.5666666671875 0.375625 0.5808333328125 0.3725 0.5891666671875 0.37374999999999997 0.6475 0.349375 0.6825 0.323125 0.71 0.306875 0.7358333328125
10 0.379375 0.4291666671875 0.370625 0.365 0.361875 0.3275 0.354375 0.3241666671875 0.31625000000000003 0.32 0.21749999999999997 0.3125 0.199375 0.3125 0.190625 0.31916666718750003 0.19 0.3308333328125 0.196875 0.3566666671875 0.2225 0.43583333281250003 0.22875 0.44749999999999995 0.238125 0.4516666671875 0.311875 0.4583333328125 0.3275 0.46333333281250005 0.3675 0.46333333281250005 0.380625 0.45499999999999996 0.379375 0.4291666671875
10 0.199375 0.3183333328125 0.32125 0.32083333281250004 0.308125 0.2391666671875 0.30125 0.20750000000000002 0.2975 0.20249999999999999 0.020624999999999998 0.2158333328125 0.010624999999999999 0.21749999999999997 0.005625 0.2233333328125 0.005625 0.2391666671875 0.008749999999999999 0.2541666671875 0.024375 0.2633333328125 0.03375 0.275 0.080625 0.37 0.095 0.3933333328125 0.130625 0.40083333281250005 0.206875 0.3858333328125 0.19375 0.3283333328125 0.199375 0.3183333328125
5 0.27 0.5516666671875 0.265 0.49916666718749997 0.256875 0.4966666671875 0.195 0.49416666718749996 0.159375 0.5408333328125 0.159375 0.5458333328125 0.165625 0.5475 0.27 0.5516666671875
5 0.415625 0.5358333328125 0.506875 0.5416666671875 0.51 0.5091666671875 0.50625 0.5033333328125 0.42437500000000006 0.49749999999999994 0.42062499999999997 0.5016666671875 0.41312499999999996 0.5266666671875 0.4125 0.5316666671875 0.415625 0.5358333328125
1 0.5549999999999999 0.7433333328125 0.5549999999999999 0.7391666671875 0.5337500000000001 0.6983333328125 0.525625 0.7 0.491875 0.7208333328125 0.49000000000000005 0.7275 0.5081249999999999 0.7733333328125 0.5549999999999999 0.7433333328125
1 0.63375 0.6608333328125 0.6331249999999999 0.6525000000000001 0.615 0.615 0.60875 0.6141666671875 0.5825 0.6233333328125 0.58875 0.645 0.600625 0.6708333328125 0.63375 0.6608333328125
1 0.52625 0.585 0.51625 0.5591666671875 0.478125 0.5691666671875 0.47625 0.575 0.48624999999999996 0.6025 0.52625 0.5925 0.52625 0.585
1 0.6056250000000001 0.5725 0.59875 0.5525 0.56125 0.5533333328125 0.5599999999999999 0.5625 0.566875 0.5841666671875 0.6056250000000001 0.5808333328125 0.6056250000000001 0.5725
12 0.5493750000000001 0.47083333281249995 0.548125 0.51 0.55375 0.5166666671875 0.5650000000000001 0.515 0.56875 0.51 0.575 0.4733333328125 0.5743750000000001 0.45083333281250004 0.56875 0.4291666671875 0.558125 0.43 0.55125 0.4491666671875 0.5493750000000001 0.47083333281249995