4 0.3682251859375 0.5516607015625 0.34284380312499996 0.55466603125 0.337497503125 0.566271940625 0.341137625 0.5756930515625001 0.34767351562500004 0.5773430921875 0.367039025 0.5740335937500001 0.37886770625 0.586837784375 0.4077218171875 0.590276046875 0.4152229671875 0.5893357296875 0.41618822499999997 0.5867453734375 0.41232376875 0.5614779546875 0.40268560937500003 0.544165990625 0.3767842078125 0.545825446875 0.3682251859375 0.5516607015625
8 0.4367735296875 0.138798940625 0.4285883984375 0.1710447078125 0.41361422187499997 0.2722251890625 0.4143585734375 0.2894173703125 0.42319887031250003 0.3122972109375 0.5074025953125 0.5098731671875 0.5141058796875 0.514500728125 0.5271207265625 0.5049320234375 0.538725075 0.501889903125 0.5420304109375 0.505355975 0.5811991125 0.6092739703125 0.592322546875 0.625341453125 0.615221153125 0.67697318125 0.6286277265625 0.6862283015624999 0.65653441875 0.6846702359375 0.6667461078125 0.6805680171875 0.6661513140624999 0.673940040625 0.5317803125 0.303271809375 0.5310181234375 0.2936663140625 0.5147871296875 0.26183551875 0.4959773140625 0.25131751874999997 0.44862005 0.14401644375 0.4422693890625 0.1377572375 0.4367735296875 0.138798940625
8 0.68214286875 0.9188709718749999 0.7105551703125 0.961874309375 0.7285671203125 0.9779601843749999 0.746262125 0.9805043359375001 0.7481370375 0.9939149 0.8007206328124999 0.976694771875 0.6874898671875 0.7215341484375 0.6761064218749999 0.70479373125 0.66128935625 0.7020651953125 0.6471596953125001 0.7036600515625 0.6645055015625 0.7434646953125 0.66045924375 0.7584352875 0.6539055140625 0.7643719328125 0.6562277546875 0.778015046875 0.6464256296875 0.79335440625 0.6510131703125001 0.8077718468749999 0.6426215421875 0.8165846218749999 0.64225108125 0.8258029546874999 0.6620117453125001 0.8769461281250001 0.68214286875 0.9188709718749999
10 0.5565504078125 0.8940467703125 0.563513703125 0.8993472671875 0.5716274859375 0.8974482421875001 0.5828970484375 0.8884510859375 0.606550984375 0.8784306171875 0.6365912578125 0.8594959843750001 0.62102298125 0.768317578125 0.6145049234375 0.7590808484375 0.5965320765625 0.7634504468750001 0.5222470921875 0.7976324671875 0.5257767624999999 0.8169448453125 0.5565504078125 0.8940467703125
10 0.5118069453125 0.93599044375 0.5277745015625 0.93151945625 0.5441125203125 0.9178301375 0.5420859625000001 0.8896865890625 0.5313508265625 0.8568140890624999 0.527692865625 0.8549796625000001 0.4867534921875 0.8736931203125 0.506328925 0.9294454609375 0.5118069453125 0.93599044375
10 0.41979267187499997 0.61133985625 0.394393453125 0.621931871875 0.39071765625 0.62768413125 0.4069129734375 0.6746882984375 0.41430367187500006 0.6836392515624999 0.4340218046875 0.6786981078125 0.444158715625 0.6693137859375 0.44436178281250005 0.657117934375 0.42510329999999996 0.6149073171875 0.41979267187499997 0.61133985625
10 0.459791484375 0.658887759375 0.5450503484375 0.6302090171875 0.5475008796874999 0.6263741781250001 0.5284454640625 0.5719677109375 0.4969487328125 0.5057157625 0.42234679843749995 0.52635605625 0.4100372046875 0.53266146875 0.45500087499999997 0.6566661703125 0.459791484375 0.658887759375
5 0.5656020171875 0.604526625 0.572843159375 0.602913375 0.5753863046875 0.5967739515625 0.5403777437499999 0.5036229390625 0.536459775 0.5011155765625 0.5230175265625 0.5070338265625 0.5184690875 0.5130718609375 0.551137575 0.6001664453125 0.5656020171875 0.604526625
5 0.587317890625 0.7141600921875 0.58817269375 0.7214610046875001 0.6038267281249999 0.7390771375 0.6617023484375 0.7489311828125 0.6672908203125 0.7455848953124999 0.6474018671875 0.7119196734375 0.6204604312499999 0.710887384375 0.587317890625 0.7141600921875
12 0.43358138124999995 0.3468013578125 0.47877351093750004 0.33655029999999997 0.48010923125 0.3247416125 0.47253330312499997 0.320399825 0.460148928125 0.3214231328125 0.42804642031249995 0.3273875890625 0.41076098437499997 0.3360805796875 0.41065052968750004 0.34597184687500004 0.43358138124999995 0.3468013578125
8 0.3810349234375 0.14719717968749998 0.3612420140625 0.1468562203125 0.3551156859375 0.1564433203125 0.35402144375 0.36224254375 0.377272675 0.41224262500000003 0.392980221875 0.4070987 0.3998117984375 0.39424830625 0.41731128437500004 0.2945150890625 0.4125563484375 0.27712012812500003 0.414949940625 0.2604165015625 0.4073170734375 0.243205925 0.40711057500000003 0.21977293125 0.39695239843749996 0.2011150921875 0.37920045468749997 0.185702153125 0.3721430375 0.16743663749999999 0.37717389687499997 0.157558603125 0.42505872968749997 0.1517323296875 0.420378571875 0.13961947187499998 0.3810349234375 0.14719717968749998
0 0.392980221875 0.4070987 0.3838264046875 0.4063059796875 0.361379896875 0.42199571249999995 0.3588936875 0.4410039265625 0.3935997109375 0.47739768125 0.39848293749999997 0.47731468593750004 0.4015461 0.4725211359375 0.3955089578125 0.4441748078125 0.400427859375 0.4289184421875 0.392980221875 0.4070987