8 0 0.631516315625 0.060690946875 0.6134072703125 0.14304643749999998 0.6361265828125 0.1687438625 0.62260516875 0.2277577828125 0.67836063125 0.2323627921875 0.715100109375 0.2545582015625 0.713347365625 0.26872691406250004 0.706974940625 0.2908156234375 0.7029322 0.3012952921875 0.6856873203125 0.3153129421875 0.682281940625 0.38437971875 0.71163253125 0.3939350265625 0.6993858421875 0.3904414046875 0.6802892968750001 0.39028914531250003 0.6087218328125 0.39605710156249996 0.5524474765625 0.39466996249999997 0.52267750625 0.402926853125 0.47014675625 0.3921978140625 0.45720347187500004 0.3521266625 0.4416521015625 0.336010921875 0.424865696875 0.3467663390625 0.4197478515625 0.3865173796875 0.42842922968749997 0.3958772671875 0.42440662968750004 0.4007748125 0.41154271875 0.4074923078125 0.25767453281249997 0.38336785 0.24907253125 0.0409521125 0.20003559218750003 0 0.307600565625 0 0.631516315625
8 0 0.9125132859375 0.068218040625 0.932579775 0.0623046703125 0.9150300687499999 0.07291741874999999 0.8820140578125001 0.0732015609375 0.8632758812500001 0.08112994999999999 0.8347403531250001 0.106934078125 0.8235089375 0.12237363593749999 0.8009471890625001 0.11832012343750001 0.7884617828125 0.11153789218750002 0.7857139046875 0.0974135390625 0.7868292875 0.0582763390625 0.8099490234375001 0.0334768953125 0.8365333765624999 0 0.8611357234374999 0 0.9125132859375
10 0.445677559375 0.735686390625 0.373348553125 0.7046233375 0.3215172984375 0.678836875 0.31267294218749997 0.6815053796874999 0.30492199375 0.6890127328125 0.2833140453125 0.7406277203125 0.26803514375000004 0.8038917218750001 0.2406676328125 0.8809158500000001 0.24502327343750002 0.8874671624999999 0.3055658 0.9263562515625001 0.359797271875 0.966400409375 0.3800996046875 0.9799010906250001 0.386517365625 0.98103601875 0.398970440625 0.96888884375 0.44691483437499996 0.8429579203124999 0.47224659375 0.753289046875 0.4706376578125 0.7498042921875 0.445677559375 0.735686390625
10 0.5303605796875 1 0.5858924171875 0.8763097859375 0.5780167828125 0.8687230578125 0.5536789203125 0.8555410578125 0.4591808765625 0.8081696171875 0.456025346875 0.8087471531249999 0.44895897500000004 0.82473745 0.3936746953125 0.9725176093749999 0.38516619531249996 0.9768742171874999 0.381646196875 0.975838803125 0.3239570734375 0.94230626875 0.316659309375 0.9409124875 0.30869495625 0.943839846875 0.2816379640625 0.9840646703125 0.277547753125 0.9941545796875 0.29741984375 1 0.5303605796875 1
5 0.2004358296875 0.8246622265625 0.2013601890625 0.8196640374999999 0.1974757203125 0.8170156734375 0.13255117968750002 0.7896364 0.11070345 0.85473251875 0.1046057953125 0.8604675828125 0.079344771875 0.9268182828124999 0.076731584375 0.935084053125 0.0949258609375 0.940435940625 0.16516630937500001 0.9121607562499999 0.2004358296875 0.8246622265625
5 0.3287587171875 0.4927493796875 0.312083084375 0.48257411406250006 0.2890520328125 0.47881095937499996 0.2817099140625 0.482674221875 0.2765989609375 0.49095813593750004 0.2323076453125 0.60215334375 0.23698339062499998 0.61557465 0.25220115 0.6192981171875 0.27982762031249997 0.6161314531250001 0.2938896296875 0.6074690281249999 0.33152340156250004 0.508620025 0.3322343546875 0.4990418390625 0.3287587171875 0.4927493796875
4 0.6804863765625 0.8077674140625 0.629943953125 0.7785957078125 0.6237839546874999 0.77678373125 0.6188240656249999 0.782100603125 0.608653478125 0.7836261234374999 0.5710019640625 0.7740565859374999 0.5588330328125 0.7674655875 0.552521975 0.76862065625 0.5518110218750001 0.778198840625 0.55953559375 0.788752615625 0.6081046156250001 0.8128266156249999 0.6237048234375 0.83096711875 0.6440515171875 0.8392107531249999 0.6507893890625 0.8472156765625 0.66072715 0.8493860203124999 0.6843180906249999 0.8465380343750001 0.7073491421875 0.8503011890625001 0.7142200937500001 0.84253498125 0.712139984375 0.8351472796875001 0.6804863765625 0.8077674140625
4 0.7926899328125 0.235464628125 0.78367653125 0.22829609374999998 0.7707343046874999 0.2237362390625 0.7383433671875 0.2239956859375 0.715827846875 0.218878434375 0.675063725 0.225709334375 0.656068203125 0.22162749843750001 0.6416860875 0.223419928125 0.6317219484375001 0.23931071249999997 0.630815571875 0.2571129875 0.6409667390625 0.2638633265625 0.6686471609375 0.299108915625 0.6881138531250001 0.307093696875 0.721749259375 0.3087060546875 0.767722640625 0.32674645 0.7814825234375 0.3240181171875 0.8633836296874999 0.28110405625 0.8706634078125 0.2696937546875 0.8687787218749999 0.2540819640625 0.7926899328125 0.235464628125
1 0 0.398790078125 0.0253902609375 0.420828884375 0.034554724999999994 0.42503037343749994 0.0699141625 0.40155226875 0.0923937171875 0.3810613484375 0.09093584375 0.37460955 0.048082023437499996 0.33038344999999997 0 0.36299209062500004 0 0.398790078125
1 0.1722231078125 0.299894371875 0.171663215625 0.3065055109375 0.21005469531249998 0.3418903015625 0.22310362343749998 0.3487401546875 0.2491918953125 0.3187705625 0.2511473171875 0.3110641828125 0.21067573125 0.2682916921875 0.202755734375 0.2659620078125 0.1722231078125 0.299894371875
1 0.2214251484375 0.4431080828125 0.193488159375 0.483074053125 0.22063506406250002 0.506869653125 0.22715953125000002 0.5102945812499999 0.2305728265625 0.509039996875 0.2580566265625 0.4779751640625 0.266625234375 0.463179621875 0.23797609375 0.43818926718749995 0.230936096875 0.4361184359375 0.2214251484375 0.4431080828125
1 0.284409859375 0.3419288015625 0.26413510156250003 0.3849015046875 0.2669885046875 0.3902580625 0.28765530625 0.405371690625 0.295575303125 0.407701375 0.30328189375000003 0.405451065625 0.3216899484375 0.35967065468750004 0.29853421406249997 0.3408134203125 0.290614215625 0.33848373593750003 0.284409859375 0.3419288015625
12 0.4354772484375 0.4360550515625 0.3912195046875 0.42378940781249996 0.35421516406250003 0.41817459062499995 0.3445975109375 0.42287423906250005 0.3424466671875 0.438804709375 0.350322303125 0.4463914375 0.3699400609375 0.45140917343750003 0.428686621875 0.46417238593750004 0.441824271875 0.460508153125 0.45315756250000006 0.461583253125 0.4575395765625 0.4500734390625 0.4354772484375 0.4360550515625