8 0.3 0.7775000000000001 0.291875 0.79 0.276875 0.8158333328125 0.268125 0.8383333328125 0.26625 0.8458333328125001 0.268125 0.8566666671875 0.29 0.8841666671875 0.395 0.9991666671875 0.61625 0.9991666671875 0.6837500000000001 0.6083333328125 0.690625 0.5658333328125 0.689375 0.5575 0.584375 0.505 0.564375 0.515 0.559375 0.5225 0.55625 0.5225 0.55125 0.5175 0.54375 0.49916666718749997 0.51 0.4925 0.459375 0.47000000000000003 0.42125 0.4583333328125 0.3775 0.44000000000000006 0.36875 0.44333333281250004 0.374375 0.4858333328125 0.374375 0.4966666671875 0.370625 0.5016666671875 0.328125 0.49749999999999994 0.32437499999999997 0.5033333328125 0.328125 0.5333333328125 0.32687499999999997 0.5408333328125 0.33375 0.5491666671875 0.359375 0.5633333328125001 0.36625 0.5725 0.366875 0.6941666671875 0.3375 0.7358333328125 0.3 0.7775000000000001
10 0.375625 0.47083333281249995 0.365625 0.3908333328125 0.35750000000000004 0.36666666718749996 0.31625000000000003 0.36 0.22125 0.3566666671875 0.191875 0.35750000000000004 0.185 0.365 0.185 0.3716666671875 0.21125 0.4608333328125 0.21812499999999999 0.4791666671875 0.22562500000000002 0.49000000000000005 0.32 0.5008333328125001 0.364375 0.5025000000000001 0.375625 0.495 0.375625 0.47083333281249995
10 0.20187499999999997 0.42833333281249997 0.20375000000000001 0.4233333328125 0.199375 0.40499999999999997 0.20125 0.3916666671875 0.29375 0.365 0.318125 0.3616666671875 0.301875 0.2616666671875 0.29874999999999996 0.25 0.29500000000000004 0.2483333328125 0.01 0.265 0.008125 0.2716666671875 0.01625 0.2958333328125 0.056874999999999995 0.3741666671875 0.074375 0.4141666671875 0.091875 0.4425 0.10375000000000001 0.4408333328125 0.121875 0.445 0.20187499999999997 0.42833333281249997
5 0.1875 0.5358333328125 0.14875 0.5833333328125 0.14750000000000002 0.5875 0.14937499999999998 0.5900000000000001 0.203125 0.5925 0.220625 0.5900000000000001 0.26 0.595 0.256875 0.5416666671875 0.25375000000000003 0.5358333328125 0.1875 0.5358333328125
5 0.41937499999999994 0.5358333328125 0.409375 0.5633333328125001 0.40875000000000006 0.5716666671875 0.4125 0.575 0.5025000000000001 0.58 0.5075000000000001 0.5733333328125 0.50875 0.5466666671875 0.506875 0.5416666671875 0.500625 0.54 0.41937499999999994 0.5358333328125
1 0.514375 0.7525000000000001 0.490625 0.77 0.491875 0.78 0.5075000000000001 0.8208333328125 0.51375 0.8208333328125 0.555625 0.79 0.5549999999999999 0.7841666671875 0.54 0.7541666671875 0.5325 0.7441666671875 0.514375 0.7525000000000001
1 0.585 0.6608333328125 0.58375 0.6683333328125001 0.5856250000000001 0.6741666671875 0.6018749999999999 0.7108333328125 0.635 0.7 0.6331249999999999 0.6891666671875 0.614375 0.6541666671875 0.608125 0.6533333328125 0.585 0.6608333328125
1 0.48687500000000006 0.595 0.48125 0.6041666671875 0.47562499999999996 0.6066666671875 0.473125 0.615 0.48375 0.6416666671875 0.49124999999999996 0.6416666671875 0.5237499999999999 0.63 0.5231250000000001 0.6216666671875 0.5131249999999999 0.5966666671875 0.49749999999999994 0.6008333328125001 0.48687500000000006 0.595
1 0.5599999999999999 0.5925 0.5599999999999999 0.6016666671875 0.566875 0.6191666671875 0.6012500000000001 0.6191666671875 0.604375 0.6158333328125 0.603125 0.6058333328125001 0.5962500000000001 0.5891666671875 0.5650000000000001 0.5891666671875 0.5599999999999999 0.5925
12 0.5587500000000001 0.4583333328125 0.5543750000000001 0.4641666671875 0.548125 0.48333333281249996 0.545625 0.5008333328125001 0.5443749999999999 0.545 0.54875 0.5525 0.556875 0.5541666671875001 0.5662499999999999 0.5441666671875 0.5700000000000001 0.5083333328124999 0.568125 0.46749999999999997 0.56375 0.4591666671875 0.5587500000000001 0.4583333328125
4 0.7375 0.395 0.7418750000000001 0.3866666671875 0.754375 0.40083333281250005 0.765625 0.395 0.76875 0.3891666671875 0.7681250000000001 0.3691666671875 0.783125 0.3491666671875 0.7825 0.3383333328125 0.775 0.32083333281250004 0.77625 0.30583333281249997 0.78125 0.3 0.79 0.30583333281249997 0.796875 0.29500000000000004 0.79625 0.2491666671875 0.8 0.2233333328125 0.7975 0.22000000000000003 0.7837500000000001 0.2216666671875 0.775625 0.2325 0.7725 0.2416666671875 0.754375 0.24333333281249997 0.72375 0.2708333328125 0.718125 0.2791666671875 0.719375 0.3025 0.72375 0.3066666671875 0.724375 0.315 0.716875 0.3458333328125 0.72 0.3566666671875 0.7368750000000001 0.38166666718750003 0.734375 0.39416666718750004 0.7375 0.395
10 0.999375 0.22833333281249998 0.999375 0.2166666671875 0.951875 0.215 0.94625 0.2266666671875 0.93625 0.2533333328125 0.9574999999999999 0.25666666718750003 0.963125 0.2608333328125 0.961875 0.2658333328125 0.9643750000000001 0.2658333328125 0.9818749999999999 0.2558333328125 0.991875 0.2316666671875 0.999375 0.22833333281249998
10 0.815625 0.24500000000000002 0.8300000000000001 0.24500000000000002 0.8331250000000001 0.2533333328125 0.858125 0.2541666671875 0.871875 0.2141666671875 0.8262499999999999 0.2116666671875 0.820625 0.2241666671875 0.815625 0.24500000000000002