8 0.88375 0.6558333328125 0.931875 0.6858333328125 0.999375 0.7166666671875 0.999375 0.5175 0.9818749999999999 0.41333333281250006 0.97875 0.40416666718750005 0.974375 0.40083333281250005 0.896875 0.3741666671875 0.869375 0.3708333328125 0.8474999999999999 0.3641666671875 0.8300000000000001 0.3633333328125 0.8125 0.3691666671875 0.78 0.3691666671875 0.770625 0.36583333281249997 0.76 0.375 0.6537499999999999 0.5083333328124999 0.6487499999999999 0.5183333328125 0.649375 0.525 0.66875 0.5358333328125 0.684375 0.5491666671875 0.7825 0.5933333328125 0.8099999999999999 0.61 0.820625 0.6224999999999999 0.82875 0.6258333328125001 0.844375 0.6391666671875 0.88375 0.6558333328125
8 0.44375 0.6341666671875 0.456875 0.6525000000000001 0.495 0.6883333328125001 0.49812500000000004 0.6883333328125001 0.5325 0.655 0.551875 0.6291666671875 0.575 0.6075 0.62625 0.545 0.6487499999999999 0.5133333328125 0.6443749999999999 0.5033333328125 0.63 0.4933333328125 0.593125 0.475 0.55375 0.45 0.37875000000000003 0.3591666671875 0.368125 0.3616666671875 0.35812499999999997 0.3783333328125 0.34375 0.3808333328125 0.340625 0.3758333328125 0.31875 0.365 0.305625 0.3541666671875 0.289375 0.3516666671875 0.26937500000000003 0.3375 0.26187499999999997 0.3241666671875 0.24 0.32166666718750003 0.23875000000000002 0.3133333328125 0.241875 0.31 0.241875 0.30416666718749996 0.238125 0.2925 0.230625 0.2866666671875 0.21187499999999998 0.29 0.196875 0.2658333328125 0.155 0.2616666671875 0.13374999999999998 0.2666666671875 0.12625 0.2616666671875 0.12062500000000001 0.2641666671875 0.12 0.26749999999999996 0.13 0.2833333328125 0.195625 0.3541666671875 0.22937500000000002 0.3991666671875 0.28125 0.45416666718750004 0.316875 0.49833333281250003 0.343125 0.5758333328125 0.36 0.575 0.4 0.5883333328125 0.44375 0.6341666671875
4 0.13125 0.31416666718749997 0.13187500000000002 0.3 0.129375 0.2883333328125 0.114375 0.255 0.104375 0.2408333328125 0.081875 0.22000000000000003 0.076875 0.20916666718750002 0.071875 0.2058333328125 0.06375 0.1866666671875 0.05500000000000001 0.1816666671875 0.038125 0.17916666718750002 0.029375000000000002 0.1883333328125 0.029375000000000002 0.2033333328125 0.040625 0.22000000000000003 0.03375 0.2308333328125 0.033125 0.2391666671875 0.046875 0.2625 0.074375 0.27999999999999997 0.093125 0.3066666671875 0.112916875 0.31 0.123125 0.3175 0.13125 0.31416666718749997
4 0.74375 0.3116666671875 0.754375 0.31 0.76125 0.2975 0.766875 0.255 0.76625 0.2425 0.7581249999999999 0.2341666671875 0.755 0.2 0.7474999999999999 0.1941666671875 0.7325 0.1975 0.725 0.20916666718750002 0.72 0.22916666718749998 0.6675 0.27 0.656875 0.2841666671875 0.65625 0.2916666671875 0.661875 0.30583333281249997 0.66875 0.3083333328125 0.670625 0.30416666718749996 0.67 0.2783333328125 0.67625 0.2733333328125 0.734375 0.2808333328125 0.73625 0.2816666671875 0.73625 0.3083333328125 0.74375 0.3116666671875
0 0.8306250000000001 0.335 0.826875 0.3241666671875 0.820625 0.3175 0.76375 0.3158333328125 0.7581249999999999 0.32 0.73375 0.32166666718750003 0.7268749999999999 0.3258333328125 0.725625 0.3358333328125 0.72875 0.3408333328125 0.77125 0.3641666671875 0.7725 0.3725 0.8 0.3725 0.8243750000000001 0.36833333281249997 0.834375 0.3608333328125 0.838125 0.3466666671875 0.838125 0.3408333328125 0.8306250000000001 0.335
10 0.29874999999999996 0.2841666671875 0.30375 0.31083333281250003 0.31062500000000004 0.3258333328125 0.340625 0.3458333328125 0.35875 0.3541666671875 0.368125 0.3541666671875 0.35750000000000004 0.24500000000000002 0.328125 0.2341666671875 0.29375 0.2325 0.29874999999999996 0.2841666671875
10 0.5599999999999999 0.25666666718750003 0.57625 0.255 0.576875 0.20916666718750002 0.533125 0.20416666718749998 0.52125 0.2066666671875 0.52 0.2216666671875 0.524375 0.25166666718749997 0.5599999999999999 0.25666666718750003
10 0.175 0.205 0.169375 0.20916666718750002 0.16625 0.2058333328125 0.16499999999999998 0.195 0.155 0.19083333281249998 0.15 0.1925 0.14937499999999998 0.2008333328125 0.155 0.21916666718750002 0.15562499999999999 0.2375 0.159375 0.24500000000000002 0.179375 0.2425 0.2 0.24500000000000002 0.203125 0.2425 0.191875 0.2008333328125 0.175 0.1975 0.175 0.205
10 0.24125000000000002 0.2125 0.231875 0.2166666671875 0.22562500000000002 0.2216666671875 0.22562500000000002 0.2258333328125 0.240625 0.2708333328125 0.24625 0.305 0.258125 0.3066666671875 0.26125 0.30333333281249997 0.263125 0.2925 0.263125 0.2708333328125 0.25625 0.2416666671875 0.24125000000000002 0.2125
10 0.32 0.1866666671875 0.323125 0.2316666671875 0.32999999999999996 0.2325 0.34249999999999997 0.2225 0.340625 0.1883333328125 0.32 0.1866666671875
10 0.385625 0.1916666671875 0.38687499999999997 0.2216666671875 0.395625 0.22749999999999998 0.410625 0.2266666671875 0.4125 0.195 0.385625 0.1916666671875
12 0.42312500000000003 0.4733333328125 0.429375 0.48 0.44000000000000006 0.4783333328125 0.4425 0.4733333328125 0.4425 0.45083333281250004 0.43875000000000003 0.40750000000000003 0.43 0.3883333328125 0.42000000000000004 0.3908333328125 0.4175 0.4066666671875 0.42312500000000003 0.4733333328125