4 0.78125 0.4091666671875 0.7975 0.40499999999999997 0.8006249999999999 0.39249999999999996 0.8006249999999999 0.3783333328125 0.81375 0.3566666671875 0.8175000000000001 0.3433333328125 0.8143750000000001 0.31083333281250003 0.820625 0.2916666671875 0.8231249999999999 0.26916666718750004 0.8243750000000001 0.2116666671875 0.8150000000000001 0.2033333328125 0.8 0.20416666718749998 0.7975 0.215 0.788125 0.22749999999999998 0.76875 0.22833333281249998 0.760625 0.24333333281249997 0.7424999999999999 0.25666666718750003 0.73875 0.2633333328125 0.744375 0.28500000000000003 0.745 0.30333333281249997 0.7368750000000001 0.3408333328125 0.7368750000000001 0.3508333328125 0.749375 0.39 0.756875 0.3975 0.75875 0.40499999999999997 0.78125 0.4091666671875
4 0.29375 0.2485 0.30625 0.2408333328125 0.306875 0.2341666671875 0.29 0.18 0.28250000000000003 0.1708333328125 0.281875 0.16 0.278125 0.1516666671875 0.2725 0.15 0.268125 0.1533333328125 0.26687500000000003 0.17250000000000001 0.25625 0.18416666718750002 0.254375 0.1933333328125 0.26 0.2033333328125 0.26375000000000004 0.22999999999999998 0.27 0.23333333281250002 0.27999999999999997 0.2791666671875 0.28625 0.2866666671875 0.29375 0.28500000000000003 0.29375 0.2485
8 0.348541875 0.6805558328125 0.341041875 0.6897225 0.330416875 0.6938891671875 0.327916875 0.6988891671874999 0.32916687499999997 0.7655558328125001 0.327916875 0.7780558328125 0.324166875 0.7863891671875 0.222916875 0.9255558328125 0.206041875 0.9463891671875 0.188541875 0.9588891671875001 0.189166875 0.9738891671875001 0.210416875 0.9980558328125 0.662291875 0.9980558328125 0.714166875 0.6097225 0.713541875 0.6022225 0.708541875 0.5930558328125 0.594166875 0.5555558328125 0.546666875 0.5480558328125 0.514166875 0.5288891671875 0.341041875 0.46638916718749995 0.329791875 0.4672225 0.327916875 0.4713891671875 0.336041875 0.5347225 0.330416875 0.5422225 0.277291875 0.5413891671875 0.274791875 0.5438891671875 0.27229187499999996 0.5713891671875 0.264791875 0.5797225 0.266041875 0.5847225 0.275416875 0.5947225 0.322916875 0.6197225000000001 0.32916687499999997 0.6297225 0.333541875 0.6455558328125 0.354166875 0.6513891671875001 0.356041875 0.6613891671875 0.348541875 0.6805558328125
8 0.114375 0.7224999999999999 0.15562499999999999 0.7233333328125 0.17375000000000002 0.7116666671874999 0.19875 0.6875 0.2 0.6708333328125 0.195625 0.6641666671875 0.18937500000000002 0.6616666671875 0.13999999999999999 0.6575 0.11499999999999999 0.6666666671875 0.09375 0.6666666671875 0.065 0.6616666671875 0.061250000000000006 0.6541666671875 0.06687499999999999 0.6425 0.10625 0.5974999999999999 0.161875 0.5825 0.179375 0.5825 0.184375 0.5775 0.191875 0.5575 0.209375 0.545 0.195625 0.5383333328125001 0.17625 0.5375 0.15562499999999999 0.5433333328125001 0.11625 0.5466666671875 0.100625 0.5641666671875 0.07875 0.5808333328125 0.05 0.5916666671875 0.00125 0.62 0 0.7725 0.013750000000000002 0.7866666671875 0.025 0.7916666671875 0.044375 0.7866666671875 0.065 0.775 0.08687500000000001 0.745 0.10687500000000001 0.7258333328125001 0.114375 0.7224999999999999
10 0.323125 0.5458333328125 0.333125 0.545 0.339375 0.5383333328125001 0.340625 0.5283333328125 0.328125 0.44333333281250004 0.32687499999999997 0.4166666671875 0.32125 0.3908333328125 0.31625000000000003 0.3808333328125 0.1575 0.37333333281250003 0.12125 0.37333333281250003 0.109375 0.3783333328125 0.110625 0.3966666671875 0.143125 0.5025000000000001 0.14750000000000002 0.5233333328125 0.153125 0.5333333328125 0.1625 0.5383333328125001 0.22562500000000002 0.5366666671875 0.265625 0.5441666671875 0.323125 0.5458333328125
10 0.118125 0.4658333328125 0.129375 0.45999999999999996 0.13 0.45416666718750004 0.12562500000000001 0.4516666671875 0.121875 0.44000000000000006 0.121875 0.43 0.11187499999999999 0.39 0.11187499999999999 0.3783333328125 0.114375 0.3758333328125 0.26875 0.37666666718749997 0.24937499999999999 0.2616666671875 0.24375 0.24583333281250003 0.0043749999999999995 0.2625 0 0.2633333328125 0.000625 0.48 0.023125 0.4858333328125 0.04875 0.4791666671875 0.059625 0.4791666671875 0.06999999999999999 0.48333333281249996 0.075625 0.47416666718749995 0.118125 0.4658333328125
5 0.16875 0.5883333328125 0.109375 0.5891666671875 0.09125 0.6083333328125 0.058125 0.6525000000000001 0.057499999999999996 0.6575 0.061250000000000006 0.6591666671875 0.1325 0.6591666671875 0.1575 0.6558333328125 0.176875 0.6599999999999999 0.19875 0.6599999999999999 0.1925 0.5916666671875 0.16875 0.5883333328125
5 0.39249999999999996 0.58 0.388125 0.5833333328125 0.379375 0.615 0.380625 0.6258333328125001 0.491875 0.63 0.495625 0.6283333328125 0.49812500000000004 0.6216666671875 0.49874999999999997 0.5883333328125 0.496875 0.5841666671875 0.490625 0.5825 0.39249999999999996 0.58
1 0.48 0.8724999999999999 0.505625 0.9341666671875 0.563125 0.8883333328124999 0.56125 0.8800000000000001 0.534375 0.8300000000000001 0.528125 0.8300000000000001 0.480625 0.865 0.48 0.8724999999999999
1 0.5912499999999999 0.735 0.615 0.7866666671875 0.619375 0.7875 0.65625 0.7716666671875 0.65625 0.7658333328125 0.6287499999999999 0.7141666671875 0.590625 0.7275 0.5912499999999999 0.735
1 0.45999999999999996 0.6816666671875 0.471875 0.7075 0.514375 0.6958333328124999 0.520625 0.6908333328125 0.52 0.6841666671875 0.50625 0.6508333328125 0.458125 0.6683333328125001 0.45999999999999996 0.6816666671875
1 0.56125 0.6408333328125 0.5599999999999999 0.6533333328125 0.5706249999999999 0.6791666671875001 0.6118750000000001 0.6758333328125 0.6168750000000001 0.6708333328125 0.614375 0.6583333328125 0.6056250000000001 0.6383333328125 0.566875 0.6383333328125 0.56125 0.6408333328125
12 0.558125 0.4891666671875 0.5525 0.4925 0.55125 0.5025000000000001 0.5443749999999999 0.5125 0.5425 0.5316666671875 0.541875 0.5866666671874999 0.5506249999999999 0.5958333328125 0.561875 0.595 0.569375 0.5841666671875 0.5700000000000001 0.5725 0.5706249999999999 0.5166666671875 0.565625 0.4916666671875 0.558125 0.4891666671875
0 0.66875 0.2483333328125 0.6681250000000001 0.25666666718750003 0.670625 0.25916666718750003 0.6975 0.2608333328125 0.7025 0.2525 0.703125 0.24500000000000002 0.6975 0.24 0.6793750000000001 0.2383333328125 0.66875 0.2483333328125