8 0.640625 0.6558333328125 0.6431250000000001 0.645 0.666875 0.6183333328125 0.704375 0.5583333328125 0.6993750000000001 0.5416666671875 0.6725 0.525 0.6643749999999999 0.5158333328125 0.6599999999999999 0.5083333328124999 0.6599999999999999 0.4933333328125 0.658125 0.49083333281249997 0.535625 0.43583333281250003 0.5181250000000001 0.42416666718749996 0.46687500000000004 0.40833333281249995 0.44375 0.3966666671875 0.43125 0.39416666718750004 0.415625 0.3966666671875 0.32687499999999997 0.4258333328125 0.308125 0.43833333281250003 0.30625 0.445 0.31 0.4491666671875 0.32875 0.46166666718749994 0.42374999999999996 0.55 0.556875 0.6533333328125 0.59375 0.6858333328125 0.6075 0.6941666671875 0.615625 0.6908333328125 0.625 0.6783333328125 0.640625 0.6558333328125
0 0.7462500000000001 0.6174999999999999 0.7618750000000001 0.5958333328125 0.76875 0.5841666671875 0.7693749999999999 0.5783333328125 0.78 0.5633333328125001 0.795 0.5541666671875001 0.8006249999999999 0.5466666671875 0.8106249999999999 0.5425 0.8225 0.5175 0.82 0.5041666671875 0.8087500000000001 0.49000000000000005 0.76875 0.465 0.74 0.45499999999999996 0.723125 0.45499999999999996 0.696875 0.46333333281250005 0.67875 0.47083333281249995 0.6643749999999999 0.48166666718749995 0.63375 0.47750000000000004 0.63875 0.49749999999999994 0.650625 0.49749999999999994 0.6637500000000001 0.5208333328125 0.7075 0.5508333328125 0.714375 0.5525 0.7262500000000001 0.5658333328125 0.728125 0.6075 0.7325 0.62 0.735625 0.6216666671875 0.7462500000000001 0.6174999999999999
8 0.5393749999999999 0.3366666671875 0.54875 0.3291666671875 0.54375 0.32 0.37875000000000003 0.3633333328125 0.37625000000000003 0.3641666671875 0.3775 0.3716666671875 0.4 0.38416666718750003 0.42000000000000004 0.3933333328125 0.44312500000000005 0.395 0.525625 0.36666666718749996 0.536875 0.355 0.5506249999999999 0.35 0.5525 0.3458333328125 0.5393749999999999 0.3366666671875
10 0.5525 0.2616666671875 0.548125 0.3091666671875 0.5475 0.3241666671875 0.5493750000000001 0.325 0.568125 0.31916666718750003 0.576875 0.31916666718750003 0.578125 0.3225 0.57875 0.3158333328125 0.5856250000000001 0.315 0.58875 0.305 0.593125 0.25833333281250004 0.5525 0.2616666671875
10 0.61125 0.2608333328125 0.61 0.3025 0.655625 0.2983333328125 0.660625 0.25166666718749997 0.6131249999999999 0.2525 0.61125 0.2608333328125
10 0.6993750000000001 0.2816666671875 0.705 0.24333333281249997 0.683125 0.24500000000000002 0.678125 0.2875 0.689375 0.2908333328125 0.6912499999999999 0.2941666671875 0.6993750000000001 0.2816666671875
10 0.73 0.2866666671875 0.7306250000000001 0.27 0.7381249999999999 0.24 0.723125 0.2408333328125 0.714375 0.2708333328125 0.71375 0.27749999999999997 0.720625 0.2883333328125 0.73 0.2866666671875
12 0.46687500000000004 0.35583333281249996 0.47062499999999996 0.3516666671875 0.47125000000000006 0.3233333328125 0.46749999999999997 0.3125 0.4625 0.3133333328125 0.46125 0.3408333328125 0.46312499999999995 0.355 0.46687500000000004 0.35583333281249996
5 0.7993750000000001 0.385 0.909375 0.4016666671875 0.9181250000000001 0.4016666671875 0.9199999999999999 0.3983333328125 0.914375 0.39 0.9043749999999999 0.38416666718750003 0.7943749999999999 0.37 0.79625 0.38166666718750003 0.7993750000000001 0.385
1 0.8699999999999999 0.5575 0.875625 0.5558333328125 0.881875 0.5408333328125 0.8800000000000001 0.5366666671875 0.843125 0.5241666671874999 0.836875 0.5258333328125 0.8324999999999999 0.5316666671875 0.83125 0.5391666671875 0.8699999999999999 0.5575
0 0.883125 0.365 0.9099999999999999 0.3775 0.9525 0.3791666671875 0.96125 0.37666666718749997 0.963125 0.3725 0.9637499999999999 0.3608333328125 0.945625 0.3491666671875 0.9237500000000001 0.3441666671875 0.880625 0.3416666671875 0.883125 0.365