4 0.7416416531250001 0.623117853125 0.74981711875 0.6277145734375 0.7558706484375 0.6268761546875 0.7611440015625 0.6202257859375 0.768523678125 0.61815336875 0.780927396875 0.632763184375 0.799072371875 0.6293907265625001 0.8063427515624999 0.6213179625 0.802301353125 0.5845434968750001 0.8034708546875 0.5376898953125 0.7931266140625 0.5250864515625 0.7915033015625 0.47298610625000004 0.775667115625 0.45503233437499996 0.7718755359375 0.43197295 0.76165620625 0.4262270484375 0.72819029375 0.43993308750000004 0.7251169421875 0.4563045625 0.7198279734375 0.4620977375 0.7193288453125 0.4717152578125 0.7084235296875 0.5023482453125 0.716568275 0.542278265625 0.7169742296875 0.564565271875 0.7117477171875 0.5737872171875 0.7097194625000001 0.57349523125 0.7084713859375 0.5790151890625 0.7121536703125 0.596074225 0.727724425 0.599455721875 0.7394104234375 0.6116823625000001 0.7416416531250001 0.623117853125
4 0.2008981109375 0.8482076812500001 0.2048609359375 0.8436485015624999 0.205952875 0.8295566171875001 0.213800453125 0.8161522968750001 0.219541709375 0.7981700234375 0.22386313906250002 0.7762785921875001 0.20955556875 0.7311866453125 0.2048594109375 0.73250545625 0.1980106015625 0.7637224203125 0.1927528578125 0.7712299812500001 0.1887119671875 0.771503196875 0.1861689734375 0.7799715359375 0.18400070468750002 0.8090124984375 0.1774948875 0.8220400171875 0.17972611875 0.8334755078124999 0.1899142203125 0.8375070250000001 0.1955310765625 0.8497148937500001 0.2008981109375 0.8482076812500001
10 0 0.79992141875 0.0440981296875 0.7914369109375 0.179054221875 0.7595685453125001 0.182954590625 0.7515805953125 0.19401553437500002 0.6924718515625 0.20410894062499998 0.6172648484375001 0.0377151890625 0.6631312421875 0.0335181609375 0.6548325328125 0.0395867984375 0.617803621875 0.045967706250000004 0.5979185640625 0.0457491140625 0.5859178671875 0.04300314375 0.583242703125 0 0.581840503125 0 0.79992141875
10 0.20008366249999998 0.6183952578125 0.2516789359375 0.6004595687500001 0.25765439687499997 0.5953351828125 0.2609151125 0.5892500187499999 0.2669837484375 0.552221109375 0.27562609843749997 0.4713905609375 0.277544546875 0.42863452031250004 0.270071190625 0.42556378125 0.249258309375 0.43054703749999995 0.1487668953125 0.46652200468749994 0.0836759609375 0.4839397609375 0.07835576718750001 0.48801855156249996 0.0699309921875 0.5067544328125 0.0376522265625 0.6226547906250001 0.0301325375 0.6540601546875 0.0315992046875 0.6605408953125 0.041116428125 0.6647608125 0.051866117187500005 0.6626035796874999 0.20008366249999998 0.6183952578125
5 0 0.4189086515625 0.0290219359375 0.4450087546875 0.12023033125 0.417671759375 0.12498792656249999 0.34568635312499996 0.0613168203125 0.3670132734375 0.05521644999999999 0.3652801140625 0 0.3801645171875 0 0.4189086515625
5 0.4377749640625 0.34055851718749997 0.4451234125 0.33677171562499997 0.44839974375 0.33154374375 0.447697128125 0.29297007812500003 0.4401457015625 0.2856133765625 0.32214896406250004 0.323058015625 0.31890386249999997 0.33000036875 0.31969965 0.336669509375 0.3310738828125 0.36879998125 0.335146003125 0.37024115 0.4377749640625 0.34055851718749997
1 0.4409501640625 0 0.423042778125 0.0500362796875 0.4224343515625 0.05365345312499999 0.42655331093750004 0.0576661984375 0.47410820156250005 0.07705140625 0.479490853125 0.0764013875 0.4867456203125 0.067471428125 0.5107562531250001 0.0159265578125 0.5113178375 0.0097378078125 0.49223610000000007 0 0.4409501640625 0
1 0.6115458515625 0.10738129375000001 0.6120762078124999 0.099478159375 0.574881171875 0.0935535890625 0.568172375 0.0954376046875 0.5443022640625 0.15469720781250001 0.5444584 0.1632691328125 0.5768792109375 0.1662265546875 0.5849297671875 0.163965734375 0.6115458515625 0.10738129375000001
1 0.4584457984375 0.21671748281249997 0.4186453125 0.215832478125 0.41338757031249995 0.2233400375 0.40318436249999995 0.2554990109375 0.406008403125 0.2624601390625 0.45593453906250003 0.2639478890625 0.4699756625 0.22037219531250002 0.4584457984375 0.21671748281249997
1 0.5634938640625 0.2458043328125 0.5705300375 0.22487368124999998 0.572324084375 0.2123077796875 0.5661924875000001 0.2088602375 0.522522859375 0.2176775703125 0.512272809375 0.24726496406249998 0.5138175453125 0.258031665625 0.5178896640625 0.259472834375 0.56018630625 0.24931791875 0.5634938640625 0.2458043328125
12 0.50924833125 0.4143987453125 0.5199667906250001 0.4105271265625 0.526238403125 0.3846417203125 0.5263940328125 0.3561659640625 0.5208547359375 0.3111963765625 0.516049284375 0.3065148390625 0.501929584375 0.3087568875 0.4946904328125 0.31854403593749997 0.496313746875 0.37064438125 0.4980458484375 0.3916973921875 0.5065023578125001 0.41172358124999997 0.50924833125 0.4143987453125