4 0.290772434375 0.2954153609375 0.269205553125 0.305039125 0.21911087031249998 0.2975573421875 0.19714541562500001 0.323601346875 0.1757983984375 0.359000921875 0.16546185 0.388274084375 0.1686608359375 0.403856540625 0.1835791265625 0.4162645625 0.185124175 0.42495905624999997 0.18167249375 0.433184425 0.1598344265625 0.46201895625 0.14982455156250002 0.4858725203125 0.14904381718749998 0.49392118281249997 0.1506977578125 0.5008091453125 0.1585113171875 0.5084891500000001 0.16897733125 0.5113953921875 0.1939424875 0.5091439609374999 0.214636159375 0.4845835734375 0.22570003593750002 0.4628594515625 0.22958727968749998 0.447407959375 0.2240625109375 0.431179671875 0.2303844296875 0.41456747812500006 0.2441747375 0.40645782500000005 0.263906884375 0.40275327812499995 0.3033875953125 0.3705523625 0.3132536703125 0.3687000875 0.32553592187499997 0.3610900546875 0.3381099328125 0.368255190625 0.35050107656249996 0.3588386265625 0.3608766953125 0.36814845625000003 0.36819920625 0.3692634140625 0.378391953125 0.3619915453125 0.388274440625 0.335347453125 0.39294241875 0.3118472984375 0.39837471406249997 0.3050902984375 0.40257221562499995 0.309011028125 0.4076778359375 0.30767362343750004 0.41274646875 0.2971421015625 0.4173055546875 0.275448478125 0.4138702890625 0.258882025 0.40018679218750003 0.2357962734375 0.39019333125 0.234858021875 0.381054584375 0.2442593375 0.377257734375 0.253307240625 0.3694811640625 0.254821353125 0.3647022171875 0.25073916406249996 0.360812890625 0.23680178125 0.3526541640625 0.22994431406250002 0.3312865703125 0.231357959375 0.3063769015625 0.24740056093749999 0.2959848671875 0.26288255 0.2957670859375 0.26649561093749996 0.3132104421875 0.27133934531250004 0.3126659875 0.28037200156250003 0.31046759218750003 0.28251669687500003 0.290772434375 0.2954153609375
4 0.19047230937499998 0.5127722734375 0.1792070703125 0.5133176359375 0.1766635046875 0.51628486875 0.17533831875 0.5333661875 0.164038165625 0.5541063125 0.1675453328125 0.559672115625 0.177302515625 0.5596263718750001 0.18262591718750001 0.5546759046874999 0.18664055 0.5420149375000001 0.1996131390625 0.53275983125 0.2054809953125 0.5187767078125 0.19047230937499998 0.5127722734375
10 0.34032080468750003 0.5424437515625 0.3684972046875 0.4722052078125 0.34838289843750003 0.467538178125 0.29539948125 0.4638461625 0.26649575468750003 0.5265356625 0.2756899875 0.5309255203125 0.34032080468750003 0.5424437515625
10 0.09734651875 0.4345648578125 0.067602415625 0.432734096875 0.031793246875 0.482485459375 0.07445653125 0.4906588171875 0.07874442968749999 0.4881759578125 0.11280926250000001 0.437940225 0.1054682578125 0.432228209375 0.09734651875 0.4345648578125
10 0.4285032734375 0.6045843343749999 0.4312831140625 0.602601096875 0.4481963515625 0.5622967953125 0.44748751875000004 0.5593448109375 0.4063322953125 0.5506718312500001 0.3968113890625 0.55170156875 0.38274989062500003 0.5790219875 0.37839009218749997 0.5925054921874999 0.4285032734375 0.6045843343749999
10 0.33896070625 0.5797198296875 0.3538029359375 0.5443507484375 0.353202996875 0.53959223125 0.3362691828125 0.5459106015625 0.30069213281249996 0.53786820625 0.2870846953125 0.56255955625 0.28503218124999996 0.5720918359375 0.33445502656250004 0.5858157515625 0.33896070625 0.5797198296875
10 0.21011406406250002 0.5154713125 0.198105078125 0.5332594546875 0.190275103125 0.55037126875 0.22806904375 0.5608660265625 0.23153921875 0.557237715625 0.24952495156249999 0.5236599171874999 0.2292832609375 0.5162023625 0.21011406406250002 0.5154713125
10 0.152953715625 0.5418444984375 0.1670152140625 0.514524078125 0.1522243109375 0.50490658125 0.139323625 0.5031610421875 0.120029121875 0.5290283390625 0.1185395578125 0.53412501875 0.152953715625 0.5418444984375
5 0.37322066875000004 0.4624962234375 0.4079450859375 0.4895879265625 0.41550387187500004 0.49168688125 0.43071184531249995 0.48948119375 0.4339457453125 0.48486888749999996 0.43091113124999997 0.4812710734375 0.39267955 0.448613565625 0.387446540625 0.44716044374999997 0.3658611671875 0.45218715 0.37322066875000004 0.4624962234375
0 0.63221233125 0.45175937812500006 0.6266156609375 0.4465317390625 0.6183850328125 0.45067491718749997 0.613152025 0.449221796875 0.6110255312499999 0.44036584375 0.6151675484375 0.430495403125 0.62984748125 0.41253055625 0.4653190546875 0.400823928125 0.4657382015625 0.41838961875 0.47038976562499996 0.41968128125000004 0.48187278906250003 0.41552285624999996 0.5248627453125 0.4182766203125 0.53649165 0.42150577812499995 0.5506107124999999 0.437365403125 0.5750166140624999 0.44046898749999996 0.566128940625 0.45453194375 0.5494129109375 0.45723725000000004 0.5349322640625 0.466991978125 0.5313531968749999 0.47242681875 0.5335700859375 0.47487918125000006 0.6268910078125 0.4860987234375 0.6425509593750001 0.45187509375 0.63221233125 0.45175937812500006
0 0.3440168609375 0.3928550546875 0.34941424374999996 0.4062928171875 0.3441093375 0.4158403421875 0.35217766875 0.429101396875 0.3496526015625 0.4366656875 0.3611911109375 0.4462984328125 0.3660789484375 0.4485740890625 0.37330488125 0.4329017140625 0.3845742265625 0.426158396875 0.4168803859375 0.42961898125 0.4261835109375 0.43220230624999995 0.43350810156249997 0.4627061390625 0.45989091875000004 0.46635867812500004 0.462650184375 0.430389509375 0.45552695937500004 0.4210644296875 0.4510007046875 0.3931744171875 0.36594740468750003 0.3870058125 0.3451612578125 0.38858091250000004 0.3440168609375 0.3928550546875
1 0.6196403953125 0.4739831203125 0.6224017421875 0.4674028265625 0.6051946609375001 0.4635430859375 0.5996349828125 0.467509559375 0.5959470234375 0.4747509328125 0.612227490625 0.4792717515625 0.6196403953125 0.4739831203125
8 0.813278075 0.5029567578125 0.81543948125 0.49161794687500004 0.8129863140625 0.488181590625 0.806717803125 0.4891960796875 0.8037920796875 0.483791734375 0.7796076578125 0.4779945 0.7654351890625 0.477732575 0.750481990625 0.4855193125 0.7382901359375 0.48672575625 0.6431159890625 0.4768283703125 0.625438434375 0.5003895171875 0.59257348125 0.56014228125 0.596425815625 0.5648855484374999 0.6830241671875 0.5797486484375 0.7103870031249999 0.56714240625 0.7198709171875 0.5569185546875 0.731481328125 0.555550653125 0.7351158796874999 0.5639069828125 0.7386045515624999 0.5648757296875 0.7481973578125001 0.5528453453125 0.753138603125 0.5395233015625001 0.813278075 0.5029567578125
12 0.741511778125 0.5656830187499999 0.7499231984375 0.5487326640625 0.7582051546875 0.4996029046875 0.7565697109375 0.49731199843749996 0.7423068453125 0.5034536640625 0.73840110625 0.5143080999999999 0.7310087734375 0.5535826640625 0.7338440984375 0.5653905984375001 0.741511778125 0.5656830187499999
0 0.45634676250000006 0.45159875937500005 0.46105380937499996 0.46668159375 0.46921253749999997 0.4735390609375 0.48491155781249995 0.477898421875 0.51163954375 0.48072842343750005 0.5256846265624999 0.4781998234375 0.5373854312499999 0.47042833437500003 0.5519564734375 0.45427001562499997 0.5687813953124999 0.4497581796875 0.5729234125 0.43988773906249995 0.550010771875 0.4326068890625 0.5383448765625001 0.42018361718749997 0.5253168046875001 0.4156475515625 0.4767486734375 0.4122632046875 0.467591428125 0.4170674609375 0.460669571875 0.42892113906249996 0.45634676250000006 0.45159875937500005