8 0.581769421875 1 0.5981495328124999 0.95010006875 0.6098157093750001 0.93176108125 0.6191075968749999 0.8853366359375 0.62789204375 0.8645387859375001 0.65430204375 0.7675715796875 0.6615854359375 0.7538692375 0.6660885921874999 0.73258271875 0.6774786328125 0.7123328546875001 0.7206952203125 0.5277013953125 0.7168009953125 0.518236003125 0.6811794234375 0.4990099953125 0.6183784906249999 0.47818519375 0.59679738125 0.46870565 0.5709255390625 0.4644997109375 0.56506059375 0.4647073125 0.5617917984374999 0.4712251765625 0.5428917281250001 0.6434720171875 0.54415203125 0.6696762546875 0.5370692265625 0.7313876828125 0.540125603125 0.7408827312499999 0.5461746375 0.7419490468750001 0.55008775 0.7398898859374999 0.5572507718749999 0.7428374140625 0.5714658828125 0.75962006875 0.5417209859375001 0.9034410734374999 0.53333305 0.9094999250000001 0.5235549921875 0.9117666859375 0.5209399546875 0.9169809765625001 0.525735746875 0.9443405 0.5327783921875 0.9639379 0.5402081078125 0.9745585796875 0.54613400625 1 0.581769421875 1
10 0.5307864984374999 0.8161185578125 0.53454385 0.795498653125 0.53639658125 0.74421580625 0.534086009375 0.7340541421875 0.4514976578125 0.7453003328125 0.4411578859375 0.7495076234375 0.45051816093749997 0.8317641374999999 0.4885069640625 0.8265781499999999 0.5307864984374999 0.8161185578125
10 0.418864071875 0.606888421875 0.41517282343749995 0.5871723890625 0.40735604218750004 0.585528434375 0.3689990609375 0.5881665875000001 0.3735729890625 0.637301303125 0.3746869734375 0.63918251875 0.388092565625 0.638708 0.4037355671875 0.636233634375 0.4091402875 0.6328412453125 0.40991442187500005 0.6148878 0.418864071875 0.606888421875
10 0.5189432921875 0.8856810796874999 0.4613794875 0.9069251421875 0.44962126874999997 0.9246271765625 0.45809180781250003 0.924967559375 0.5313906578125 0.9018860890625 0.5295497546875 0.8891469359374999 0.5239703875 0.8855031359375 0.5189432921875 0.8856810796874999
10 0.42825735 0.7826152734375 0.42347100156249995 0.7494934734375 0.3877196140625 0.7526796124999999 0.386126515625 0.7591381625 0.39203629218749997 0.7883789 0.41223672499999997 0.7883040796875 0.42825735 0.7826152734375
10 0.40912130468749996 0.8716424125 0.43315224375000005 0.8631091984375001 0.42807087499999996 0.8396010781250001 0.39678486875 0.8445498062500001 0.398606884375 0.8688135109375 0.39990495937500004 0.8719686421875 0.40912130468749996 0.8716424125
12 0.6075902234375 0.6424623125 0.6121570937499999 0.6390995796875 0.610224146875 0.62572346875 0.5495213640625 0.6310732484375 0.534522678125 0.638006315625 0.5356272203125 0.6456498078124999 0.5395308875 0.6493529234375 0.5589855140625 0.6499447171875 0.6075902234375 0.6424623125
4 0.3489497171875 0.496044984375 0.3669127359375 0.4979700109375 0.4046702328125 0.5203214921875 0.414724425 0.5199656015625 0.41808526874999996 0.514084696875 0.417634484375 0.50513763125 0.4093480359375 0.5060711625 0.398649528125 0.5019683484375 0.3937900203125 0.4566850390625 0.374151303125 0.454819328125 0.366233034375 0.4583006890625 0.3611870515625 0.4700031875 0.339577615625 0.477810471875 0.338812925 0.4900016390625 0.3489497171875 0.496044984375
8 0.571883859375 0.22054356875 0.541232728125 0.2357132765625 0.5140155921875 0.2571635875 0.44218946406250004 0.290436378125 0.43398561718749995 0.29776914374999996 0.4312690953125 0.30810875625 0.432085671875 0.3778633734375 0.4552858203125 0.4218572640625 0.4646768109375 0.428567221875 0.487289303125 0.43352874999999996 0.557069165625 0.45602716406250005 0.5720584093750001 0.45485637343749996 0.577113834375 0.43739159843750003 0.5786644875 0.3432249875 0.5922659984374999 0.2800023859375 0.5965213453125 0.23951816250000002 0.5937505468750001 0.22617170937500003 0.58659696875 0.2174619046875 0.571883859375 0.22054356875
0 0.44127368593750005 0.394823971875 0.429378590625 0.3824407078125 0.417648696875 0.3828559109375 0.41362465625 0.3958026671875 0.40747413125 0.39986167031250003 0.4124445703125 0.43425738437500006 0.41709404375 0.4372938859375 0.4220007640625 0.45376581250000003 0.42758013124999994 0.45740961718750006 0.43642829375 0.4545355546875 0.44327035 0.4261238703125 0.44127368593750005 0.394823971875
5 0.575921821875 0.7671449296875 0.5642202593750001 0.75027330625 0.55167140625 0.7391936125 0.5485961406250001 0.7412231171875 0.538282315625 0.7864033 0.5398470843750001 0.7972315828125 0.55536026875 0.817169365625 0.5606635015625 0.8189022953125 0.575921821875 0.7671449296875