4 0.810932159375 0.13729330312500002 0.8055519125 0.1437520203125 0.804738521875 0.15071812812500002 0.793325621875 0.1635630734375 0.7809976578125 0.184244890625 0.7769645921875 0.1961456421875 0.781573809375 0.201950096875 0.7855645078125 0.21871158125 0.7760241015625 0.25513915 0.78862319375 0.254774828125 0.7937153640625 0.239463509375 0.8139908406249999 0.2073158484375 0.819142321875 0.18583670000000002 0.8256833453124999 0.175096653125 0.8247428640625 0.166171565625 0.8154227562499999 0.155433415625 0.8179052953125 0.1398321609375 0.810932159375 0.13729330312500002
4 0.26364689218750004 0.1549915515625 0.2517764640625 0.13779563749999998 0.245659084375 0.13358773906250002 0.23561031250000003 0.14040982500000002 0.229552234375 0.19795269531249998 0.23427159375 0.2311132390625 0.2315857078125 0.248456021875 0.22569709062499999 0.25926855312499997 0.22296884062500003 0.271314271875 0.22525650000000003 0.28568139531250003 0.23666092343749998 0.31252819062500004 0.2356272359375 0.3327007171875 0.241786978125 0.34220568125 0.2739582984375 0.34401589375 0.3006307640625 0.296701884375 0.3060279546875 0.2787782734375 0.30130859375 0.24561773125 0.308654540625 0.199684725 0.289133153125 0.1631155109375 0.2837698546875 0.1581093328125 0.26364689218750004 0.1549915515625
8 0.76173888125 0.54727789375 0.755926525 0.5404577046875 0.710461340625 0.5336422640625 0.7019376765625001 0.5274029015624999 0.703013728125 0.512527440625 0.7149265265625 0.467101825 0.7155958828125 0.45570941718749997 0.7121898046874999 0.4509206921875 0.700751490625 0.44700368125 0.68554276875 0.44707806562499997 0.6731046593750001 0.440403796875 0.6595057734374999 0.43801085781250004 0.621615290625 0.46820143593749997 0.5973152265625 0.4725581015625 0.5629833343749999 0.4722719640625 0.52688061875 0.48149173593750005 0.5139341421875 0.479171284375 0.5037752265625 0.45863728437500006 0.48585519687499995 0.45929249531250005 0.47535736562500003 0.46430057031249994 0.46217364375000003 0.48665143125 0.45202319687500003 0.4943442796875 0.4256049234375 0.5055220859375 0.33356461249999997 0.5296964546875 0.3043333578125 0.5423258484375 0.297546625 0.5495103578125 0.2947166984375 0.5624268406249999 0.3014303359375 0.947089225 0.5144990328125 0.9707618078125 0.774856259375 0.954077359375 0.7605272249999999 0.9255468812500001 0.7313807078125001 0.880851809375 0.6968878375 0.819685665625 0.682628075 0.78899339375 0.6812385328125 0.7782542953125 0.6857121890625 0.73994070625 0.7022511609375 0.6209360578124999 0.7445475109374999 0.5982914609375001 0.7559604109375 0.5854465140625 0.76173888125 0.54727789375
8 1 0.6265595453125 0.9954787312500001 0.622642446875 0.9690943515624999 0.610890465625 0.951699640625 0.595726965625 0.9303565921875 0.6030583421875 0.9342117265625 0.6096610796874999 0.9346014734375 0.6176429171875 0.94051550625 0.6235923421875 0.96884863125 0.675253521875 0.9677302171875001 0.6848319203125001 0.9619009125 0.689476625 0.925857509375 0.69252856875 0.90647168125 0.7000774015625 0.8981767843749999 0.7088584703125 0.8900428703125 0.710600946875 0.88025675625 0.70951368125 0.8736903171874999 0.7034917703125 0.87792673125 0.6898494937499999 0.8740715953124999 0.6832467578125 0.8364353031249999 0.67730113125 0.8309533828125 0.6846306109375 0.8284708453125 0.7002318671875 0.83728258125 0.715323834375 0.866751065625 0.7459417234375 0.8883821921875 0.7474629484374999 0.908894903125 0.7585625671875 0.954741359375 0.81305159375 0.9819814953125 0.8231345328125 0.9907042687500001 0.83049859375 1 0.75088746875 1 0.6265595453125
5 0.8453826156250001 0.6006739515625 0.8404090671875 0.6036496140625001 0.8273778546875 0.658653628125 0.82595441875 0.670844315625 0.8277082921875 0.6728032953125 0.863243325 0.6741051687499999 0.9753557609374999 0.687443259375 0.9760674796875 0.6813479171875 0.94412493125 0.626639540625 0.9296448734375 0.6091536875 0.8453826156250001 0.6006739515625
5 0.5305323984375 0.5577545953125 0.5257621968749999 0.55898873125 0.52168676875 0.5655924156250001 0.5204751484375 0.604268425 0.5252877125000001 0.60833135625 0.639865740625 0.6175330859375 0.644839290625 0.614557425 0.6453052968749999 0.6049065437500001 0.63973018125 0.573415040625 0.6357733703124999 0.56768306875 0.5305323984375 0.5577545953125
10 0.8422561703125 0.3727551953125 0.7389131078125 0.369212003125 0.7240009296875 0.40636584062500003 0.709342934375 0.4753020671875 0.7009717765625 0.501715859375 0.6978198843750001 0.528709521875 0.7047337078125 0.53741620625 0.7516053828125 0.5435058500000001 0.8126436218749999 0.5414667890625 0.8919916406249999 0.546754359375 0.8975752343750001 0.538554115625 0.9505643031250001 0.41301447187500007 0.9563681921875 0.3916078078125 0.9498017531249999 0.3855858984375 0.9420745343749999 0.38384532031249996 0.8422561703125 0.3727551953125
10 1 0.2661216921875 0.8310635843749999 0.23655653124999998 0.8183119765625 0.2721862953125 0.7903092734375 0.37051197343750003 0.9467854265625 0.3887790140625 0.9514370062499999 0.3998805359375 0.927255553125 0.4598201390625 0.9251797093749999 0.4719383421875 1 0.49200532968750005 1 0.2661216921875
1 0.4538109265625 0.812966453125 0.420656753125 0.864852684375 0.42210560468749997 0.869423953125 0.443109740625 0.8876346500000001 0.49008308749999996 0.8928535312499999 0.5098078296875 0.8597626234375 0.5099688140625 0.8527240328125 0.4689179765625 0.81376283125 0.45878447656250004 0.8099907890625 0.4538109265625 0.812966453125
1 0.338029765625 0.7348303953124999 0.374488334375 0.756522246875 0.3798092703125 0.7562313578125 0.41186197656249995 0.702458634375 0.4118196125 0.69716156875 0.374301940625 0.678880284375 0.33939389062499997 0.7288075359375 0.338029765625 0.7348303953124999
1 0.49093039687499995 0.6592018546875 0.48915957499999996 0.668707765625 0.5368107484375 0.6907610921875 0.5411318875 0.687712946875 0.5539682234375001 0.6626773125 0.5565948015625 0.6515023546875 0.5468679984375 0.6442472609375 0.5084945703125 0.62763501875 0.49093039687499995 0.6592018546875
1 0.39536539375 0.623004559375 0.39178138749999997 0.6367193203125 0.40105913125 0.6421604046875 0.43989856562499996 0.6491217625 0.45177747031250004 0.6266259328125 0.45395498749999996 0.6136369671875 0.44804095625 0.60768754375 0.40693927656250006 0.603121021875 0.39536539375 0.623004559375
12 0.4806359359375 0.45871261875 0.47712818593749995 0.4547946578125 0.46713872343749996 0.45544891718749997 0.457564428125 0.48084697500000007 0.4528535296875 0.543831878125 0.45348899062500003 0.5553692531250001 0.4634615046875 0.5661798874999999 0.47506080468749995 0.5630583062500001 0.47968696718750004 0.5573978703125 0.48448259374999997 0.505007096875 0.48547391875 0.4795375046875 0.4812713984375 0.47024999687499996 0.4806359359375 0.45871261875