4 0.9968911031250001 0.6304255890625 0.998452425 0.6255386015625 0.991499615625 0.616143903125 0.9835784890625 0.612975675 0.9645591609374999 0.6141868390624999 0.94596956875 0.6100584109375 0.900118634375 0.613765228125 0.8789449765624999 0.6185239015625 0.8788117453125001 0.6245332343750001 0.8679556249999999 0.6273560078125 0.8160170109375 0.6341394015625 0.8137294484375 0.6436962421875 0.8177172265625 0.6463935359375 0.8412084875 0.644766428125 0.8417771109375 0.656567959375 0.8306789109375 0.6609473515625 0.833886025 0.6660881375 0.84288431875 0.6674826125 0.8932859921875 0.6551241609375 0.9077001546875 0.6603382734375 0.91920370625 0.6610813375 0.960824784375 0.65623384375 0.9728913015625 0.64562798125 0.975529790625 0.6389672375 0.9968911031250001 0.6304255890625
4 0.6965783546875 0.1371821234375 0.7131411875 0.11569826875 0.706805765625 0.097181003125 0.695193365625 0.0919852234375 0.63348894375 0.1095230890625 0.5951706796875 0.11425863124999999 0.57960054375 0.119053965625 0.5650831953125001 0.1325375953125 0.5438307296875 0.14553195937500002 0.5328169984375 0.16482611875 0.5142030234375 0.17115973906249998 0.5069049437500001 0.1820194 0.5109227609375 0.1974051 0.517282565625 0.20546031718750002 0.5371125984375 0.214494065625 0.58358658125 0.22481513749999998 0.59867255625 0.22313303750000002 0.6388354984375 0.2044747921875 0.6717547875000001 0.1989025671875 0.681073965625 0.19050473125 0.6908472609375 0.166305253125 0.6965783546875 0.1371821234375
8 0.5516869859375 0.764857103125 0.5670694640625 0.7638447421875 0.5900952890625 0.7317183640625 0.59036175 0.719699696875 0.5967703156249999 0.7068308156249999 0.6324369437499999 0.6990505625 0.663740484375 0.6961389671875 0.6664333984375 0.6917045796875 0.6636560171875 0.6812242015625001 0.627978071875 0.6427035390625 0.395793640625 0.35803699375 0.3601156921875 0.319516334375 0.35445774218750004 0.3172533125 0.3261192390625 0.3268623140625 0.057249915625 0.44485190937499997 0.07453875 0.5791922203125 0.2442115390625 0.962448215625 0.24666675468750002 0.961420840625 0.271950096875 0.9070492109374999 0.3512306015625 0.78113100625 0.35971469375 0.77295030625 0.377197078125 0.7661640828125 0.43487244843750006 0.75340801875 0.44637034218749994 0.7310006234374999 0.534495440625 0.7491626109375 0.5516869859375 0.764857103125
8 0.5781927046875001 1 0.5354602749999999 0.949063896875 0.53155130625 0.9381309140624999 0.5386316890625 0.9183658203125 0.537712134375 0.9036681921874999 0.535043603125 0.8976405265625 0.52170660625 0.8906526625 0.5116067671875 0.9014939906249999 0.5047684640625001 0.9197024671875 0.4892941171875 0.98571348125 0.48871193125 1 0.5781927046875001 1
10 0.7984540765625 0.7522251953125 0.762661621875 0.6861013609375 0.755037 0.6836028749999999 0.7254036296875 0.686080196875 0.6116930218750001 0.6984696421875001 0.5961228859375 0.703264975 0.59591085 0.7175100015625 0.6184995375 0.7706366359375 0.6788473578125 0.890122575 0.6883598515625 0.9010922203125 0.6990827421875 0.90427878125 0.8556061046875 0.9128712625000001 0.8619902890625 0.910464428125 0.867376115625 0.9015956578125 0.859261675 0.8790599484375001 0.7984540765625 0.7522251953125
10 1 0.8955961531250001 0.990079359375 0.8674502296875 0.936624265625 0.731982175 0.9298347265625001 0.72926655 0.8847644562499999 0.7305298734375001 0.790260828125 0.737925178125 0.8157357453125 0.8059849109374999 0.8373373953125001 0.8989505234375 0.8327866546875 0.9076021593749999 0.781168925 0.9045932390625 0.7719829781249999 0.9069817421874999 0.79095723125 1 0.8766777234375001 1 1 0.967934121875 1 0.8955961531250001
5 0.6309214171875 1 0.6522748125 0.96051298125 0.6125977703125 0.8729941140624999 0.6088520734375 0.868740203125 0.540750315625 0.8789794484375 0.5409135890625001 0.8856585203125 0.5661407671875 0.9321244140625 0.570291815625 0.9415007828125 0.5690814203125 0.94928386875 0.59271581875 1 0.6309214171875 1
5 0.4769023625 0.5475552234375 0.47232157968750005 0.54351845 0.46308120781250006 0.54368059375 0.43611637031250006 0.5521855796875 0.42984103281249997 0.5590451296875 0.48512391250000003 0.6776075296874999 0.4885731046875 0.6811916984375 0.49859413906250005 0.6785860593749999 0.52367110625 0.6616099156249999 0.526551675 0.653392553125 0.4769023625 0.5475552234375
1 0.1545665015625 0.551456503125 0.14645772031249998 0.5520712515625 0.1317096109375 0.6134124140625 0.1376396796875 0.6268072250000001 0.201462815625 0.636351403125 0.20701191406250002 0.6341617078125 0.21901268749999997 0.575028571875 0.21575115 0.5676614265625 0.1545665015625 0.551456503125
1 0.22425570625 0.4228043421875 0.21614692343750003 0.42341909062500005 0.216642403125 0.46660676875 0.2201460203125 0.47241729687499995 0.2837270765625 0.48351809375 0.289814759375 0.4804415203125 0.286680790625 0.44391458437500003 0.282880671875 0.43743431718750003 0.22425570625 0.4228043421875
1 0.357854690625 0.5478893390625 0.3559968625 0.5521065875 0.363390728125 0.6024626078125 0.3707732703125 0.6065177125 0.4039102578125 0.6098509187500001 0.4105365234375 0.6058874671875001 0.4033303140625 0.551748475 0.36566696875 0.5466048515625 0.357854690625 0.5478893390625
1 0.343145765625 0.43894160937500004 0.3316966375 0.440424903125 0.33078274687500003 0.4488777328125 0.3472537109375 0.49239253437499997 0.373952084375 0.4959062125 0.3859397953125 0.49353604375 0.3891712921875 0.48821478125000006 0.3701406453125 0.44312502968749995 0.343145765625 0.43894160937500004
12 0.5403519328125 0.46160147656249995 0.5347183656250001 0.44887640624999997 0.5100410890625 0.44782455 0.46887978906249994 0.46002085781249996 0.43892553437500004 0.472290490625 0.433890634375 0.484055359375 0.44113995 0.494119796875 0.4518628390625 0.4973063546875 0.5125276265625 0.4807856484375 0.5227907390625 0.47662339375 0.530385321875 0.4664334734375 0.5403519328125 0.46160147656249995