8 0.8100701015625 0.6273728640625 0.8295182234375 0.5228627578125 0.8159464109375 0.49092290624999996 0.7796583890625 0.4265747859375 0.7670173046875 0.416891121875 0.7608257046875 0.41638305468750003 0.74651304375 0.431749471875 0.731793625 0.460521975 0.7019562296874999 0.549800278125 0.699934165625 0.5720961140624999 0.7188758625 0.6130289890625 0.7385384687500001 0.6330629765625 0.7491856265625 0.656962309375 0.77097930625 0.6854416062500001 0.7819769515624999 0.7120951843750001 0.788740590625 0.713777978125 0.79826360625 0.7089204765625 0.8053812656250001 0.6502957109375 0.8111860406250001 0.6378024859375 0.8100701015625 0.6273728640625
8 0.5706701859375001 0.3432622265625 0.5642488343750001 0.326006465625 0.54620153125 0.2970827265625 0.49858645 0.32137023125 0.4926163953125 0.31928264687499996 0.44384436718750003 0.24150446093750003 0.44041214531249995 0.2344560984375 0.44237793906249995 0.22832059531249999 0.48776934218749995 0.20150106562499998 0.4892920421875 0.1985246 0.4701932703125 0.161338125 0.4636511796875 0.1580758125 0.4463493921875 0.1632348296875 0.4301553421875 0.1604962515625 0.41353813281249996 0.1345093328125 0.41266014375 0.159154621875 0.3933280921875 0.1682822609375 0.37354474375 0.162241721875 0.35340270625 0.135119725 0.3421635765625 0.13645304375 0.3095621328125 0.150882625 0.3055016046875 0.158819865625 0.33864341875 0.2167069859375 0.3376927578125 0.220858178125 0.3250598734375 0.22950172812499997 0.32417368281250003 0.23581980468750002 0.3601838859375 0.317907775 0.359362165625 0.3263927328125 0.41343960468749996 0.410997059375 0.41890209218749996 0.41407680156250004 0.4236636015625 0.41164805 0.4285540515625 0.41355306406250003 0.4382423453125 0.4232763765625 0.43842755625 0.411449809375 0.4536627421875 0.40001236562500003 0.4629360765625 0.40481455000000005 0.47246729375 0.4182842625 0.4988771390625 0.40334661718750003 0.5219192296874999 0.383527490625 0.5372188859375 0.374256928125 0.5706701859375001 0.3432622265625
8 0.646291621875 0.4660055359375 0.6428312640625 0.46703733906249995 0.6248085624999999 0.49309524375 0.6405759203125 0.5356472859375 0.6369022156249999 0.5565858218749999 0.6249621109375 0.55241065 0.600751340625 0.5148986796874999 0.57627095625 0.513453775 0.569442846875 0.509604096875 0.5425008328125001 0.4705522578125 0.5166020875 0.421435940625 0.5112685421875 0.4226899640625 0.45460987499999994 0.4589229796875 0.4507064234375 0.46311382031250004 0.4542031140625 0.472329065625 0.48066569687499994 0.5042928953125 0.523813490625 0.50134871875 0.6361297046875001 0.6750340640625 0.6481342828125001 0.6813761171875 0.65756469375 0.6824318984375 0.6607390328125 0.68081273125 0.6698752234375001 0.6629539359375001 0.6700604359375 0.65112736875 0.702758015625 0.5677227015625 0.646291621875 0.4660055359375
0 0.624458075 0.4903409984375 0.6444465687500001 0.458147590625 0.6452964234375 0.441582465625 0.6022084296875 0.3653045046875 0.591126378125 0.362891421875 0.5698285328125 0.37815456406250003 0.540973465625 0.3921397015625 0.528183503125 0.404529653125 0.5211139124999999 0.4286668765625 0.5410707390625 0.4676154390625 0.572810596875 0.5144855781250001 0.5769074625 0.516795384375 0.5939877046875 0.5132158859375 0.6021169625 0.515668615625 0.615144875 0.5383535734375 0.6272783937499999 0.5490293921875 0.6283017281250001 0.5653722953125 0.6344933296875 0.5658803609375 0.6403625734375 0.5555540203125 0.6427351265625 0.5360124296875 0.6307868171875 0.51351004375 0.624458075 0.4903409984375
10 0.41621824687500003 0 0.41414536718750006 0.0014802796875 0.4151968359375 0.00974301875 0.5084588140624999 0.17481614843749999 0.510904040625 0.17576865625 0.5212206421875 0.1705063625 0.6239998296875 0.1048821453125 0.6443974156250001 0.09997716250000001 0.6522629265625 0.11612965625 0.6647106 0.1193126734375 0.66122210625 0.12842464375 0.6631316328125 0.138449471875 0.6800067249999999 0.17310391875 0.6838175734374999 0.1748263625 0.698609665625 0.1665479546875 0.76450533125 0.124870075 0.7130219906249999 0.019144640625 0.7057507875 0.018454003125 0.633921403125 0.0682913421875 0.622931959375 0.059964979687499996 0.6163362015625 0.048454514062499995 0.5924034375 0 0.41621824687500003 0
5 0.48834138125 0.20267579218749998 0.48380142031249995 0.20352502499999997 0.5058975203125 0.2692461109375 0.5713746937499999 0.28570891249999997 0.590106575 0.2834867109375 0.5898123546875 0.2645721328125 0.576462090625 0.23105276562500002 0.48834138125 0.20267579218749998
3 0.6685131328125 0.59912219375 0.66314325 0.5901291718749999 0.655586028125 0.58885116875 0.6411725640625 0.591803653125 0.6354322578125 0.6064637640625 0.63566200625 0.6232114578125 0.64557185 0.6313552515625 0.647952603125 0.630140875 0.6465225109375 0.6272040578125 0.6611575249999999 0.622672053125 0.665447803125 0.63148250625 0.6525007640625 0.6476188578125 0.6636109515624999 0.6419517734375 0.6699877640625 0.630633275 0.6802398937499999 0.6232040999999999 0.676392709375 0.6112346093750001 0.6623578671875 0.6088611765625 0.6685131328125 0.59912219375
1 0.6713405125 0.5316869750000001 0.6655076015625 0.5522603671875 0.678406571875 0.570611559375 0.6815809109375001 0.56899239375 0.684940459375 0.5555466609375 0.6820439390625 0.5394259765625 0.6745148515625 0.530067809375 0.6713405125 0.5316869750000001
12 0.7964256171875 0.57493891875 0.7491246874999999 0.59173361875 0.7335390109375 0.6004168171875001 0.7401174375 0.6139261796875 0.743356246875 0.6144738953125 0.7994510781249999 0.5953933671875 0.8173530390625 0.5833289109375001 0.81385634375 0.574113665625 0.8072216484375 0.5767646359375 0.7964256171875 0.57493891875
8 0.5867270890625 0.323339825 0.5877785578125 0.3316025640625 0.6571439234375 0.451670921875 0.6601611859375 0.45379815625 0.692412140625 0.43661433125000004 0.621137253125 0.3065211421875 0.618692028125 0.3055686375 0.5867270890625 0.323339825
8 0.7045843890625 0.2500245625 0.6961409734374999 0.2550646359375 0.6852242015625001 0.267232365625 0.68535314375 0.27156613281249997 0.7539612578125 0.4022863296875 0.7592021984375 0.406945590625 0.7663444609375001 0.40330246406250003 0.7709125578125 0.394373065625 0.7792188265625 0.36667201562499996 0.711025671875 0.24087294531249998 0.7045843890625 0.2500245625
8 0.6646261953125 0.14355317031249998 0.65995729375 0.1400686390625 0.655195784375 0.1424973890625 0.6534515390625 0.1470533734375 0.656454734375 0.1532206890625 0.6452015390625 0.1585940921875 0.630465715625 0.1507121671875 0.679725378125 0.2539055765625 0.68626746875 0.257167890625 0.6931237125 0.2529374015625 0.7101676171875 0.23911085468749999 0.7091806187499999 0.23301500000000003 0.6646261953125 0.14355317031249998
8 0.5895263374999999 0.263984771875 0.5907712187499999 0.2787481546875 0.5858526328125 0.28492330625 0.5667702640625001 0.2843912609375 0.5633743765625 0.287589946875 0.578182871875 0.31596596718750003 0.5967858078125 0.309410003125 0.602719525 0.30125054218749997 0.6090682046875 0.2980122078125 0.6118920546875 0.29363879531250003 0.577191203125 0.22848109062500002 0.5895263374999999 0.263984771875