8 0.5665031296875 0.537288159375 0.5773088984375 0.5758053999999999 0.570222140625 0.5863114859375 0.526382975 0.604115625 0.49764350156250003 0.6124797078124999 0.4765817296875 0.599189015625 0.47762861093750003 0.5924589515625 0.473240859375 0.5810910890625001 0.4682478625 0.57813705 0.462428803125 0.582754953125 0.4585112921875 0.57854058125 0.4620506640625 0.5518295531249999 0.4572641828125 0.546982528125 0.3561525875 0.5796218468750001 0.3508180703125 0.59412810625 0.345442375 0.6835268390625 0.34722321875 0.6929967390625 0.352672153125 0.7003694031250001 0.373633809375 0.6945160390625 0.589852603125 0.61558794375 0.8183576671875 0.5272148140625 0.8228804234375 0.5230153640624999 0.821541215625 0.5152292218750001 0.7866045421875001 0.49728580781250004 0.7593535874999999 0.5006035859375 0.748512928125 0.4967977171875 0.7443459953125 0.4862717359375 0.7531420843750001 0.47156122343750007 0.7509625125 0.46861215625 0.7070804390625 0.47821170156250004 0.699274021875 0.4752526875 0.6908480546875 0.47797263125 0.6935693796875 0.5017495140625 0.69166783125 0.5105817890625 0.626425371875 0.5325555375000001 0.6229637984374999 0.5327597875000001 0.5962322765625 0.511254553125 0.5857760421875 0.49819298125 0.567834321875 0.5021583374999999 0.5442943625 0.5115834718750001 0.5593019546875 0.525915321875 0.5665031296875 0.537288159375
0 0.48727308281250004 0.6158273296875 0.503947103125 0.617750159375 0.5767608609375 0.5951586828125001 0.5838762234375 0.590122328125 0.5851439203125001 0.58423414375 0.5830850515625 0.5629828984375 0.5778140281249999 0.5482475171875001 0.5568872625 0.5193895125 0.5497146921875 0.51348640625 0.5386675171875 0.511573525 0.513154496875 0.5161566078125001 0.475355209375 0.530184725 0.46306894062500004 0.539629759375 0.4570862703125 0.5543452453125 0.4531052640625 0.5793725109375 0.4309045109375 0.5965837921875 0.4348506296875 0.6062678953125 0.44395334843749995 0.6088084546875 0.47227979062500003 0.6042303453125 0.48727308281250004 0.6158273296875
10 0.6510516640625 0.35841079531250003 0.65172841875 0.3636713 0.6636033859375 0.4411093078125 0.6701278046875 0.447221640625 0.772963034375 0.41311276250000006 0.7761608859375 0.4038620328125 0.7702623015625 0.35188964375 0.7705037078125 0.315285284375 0.654705453125 0.35357869218750004 0.6510516640625 0.35841079531250003
10 0.623992921875 0.3571007234375 0.6942140734375 0.33534615 0.6906729765625 0.2789601078125 0.6159004625 0.2994444 0.61758920625 0.33268621249999997 0.623992921875 0.3571007234375
10 0.5617704015625 0.37718645781250004 0.5641421875 0.375507671875 0.5643201015625 0.36814495625 0.5584501203125 0.321642296875 0.49471048125 0.341304603125 0.490835875 0.3452948265625 0.492866140625 0.361076340625 0.5027886374999999 0.3962260609375 0.5617704015625 0.37718645781250004
10 0.83605106875 0.227465540625 0.7774966390625 0.245454040625 0.7736506390625 0.25491399375 0.7765006796875 0.30330466562499997 0.8363514125 0.284897715625 0.8393570499999999 0.2802748390625 0.839306128125 0.22915427500000002 0.83605106875 0.227465540625
4 0.8877332734375001 0.2610061125 0.8823478343750001 0.2243918078125 0.8710655390625 0.21890218125 0.8718773000000001 0.20859537343749998 0.8692417890625 0.2012276828125 0.8525820703125 0.20203971874999999 0.8428884062499999 0.21064784531249997 0.8399113734375 0.22074045312499999 0.8454032140625 0.2363177140625 0.84005439375 0.2480891078125 0.8394777515625 0.26197265937499997 0.842761415625 0.269131125 0.8877332734375001 0.2610061125
4 0.8973428531250001 0.3190858640625 0.8974000625 0.330025325 0.9180321906250001 0.3229156171875 0.9089990453125001 0.2884762609375 0.9021642234374999 0.2892215171875 0.8973428531250001 0.3190858640625
4 0.8881400156250001 0.29740124375 0.8853122921875001 0.294661403125 0.8401625218750001 0.3101491328125 0.8465090296875 0.3236241796875 0.871153078125 0.31840844218750003 0.8791660140625 0.3194744703125 0.88504228125 0.3257960296875 0.8881400156250001 0.29740124375
1 0.3718369359375 0.5992142031250001 0.3904125046875 0.5923047578125 0.3929192984375 0.575058659375 0.3745502453125 0.5800751187500001 0.370276909375 0.5905861796874999 0.3718369359375 0.5992142031250001
12 0.23724858124999998 0.6033940734375001 0.22040293593750002 0.568652859375 0.2099610046875 0.558326153125 0.2052031296875 0.5589488593749999 0.2021974921875 0.5635717359375 0.20509672656250003 0.5799858999999999 0.2236803109375 0.6159924250000001 0.22737700468750002 0.6193649156250001 0.2375266078125 0.6151754140625 0.23923594062500003 0.610970990625 0.23724858124999998 0.6033940734375001