4 0 0.9991666671875 0.258125 0.9991666671875 0.28875 0.95 0.30062500000000003 0.9349999999999999 0.3125 0.9266666671875001 0.340625 0.8866666671875001 0.349375 0.8691666671875 0.34875 0.8608333328125 0.304375 0.8083333328125001 0.289375 0.7841666671875 0.294375 0.76 0.32875 0.6849999999999999 0.33125 0.6625 0.32625000000000004 0.6583333328125 0.299375 0.6541666671875 0.281875 0.6666666671875 0.27 0.6808333328125 0.23500000000000001 0.635 0.240625 0.6183333328125 0.253125 0.61 0.256875 0.5983333328125 0.24500000000000002 0.5908333328125 0.225 0.5900000000000001 0.21375000000000002 0.5933333328125 0.19 0.6075 0.165625 0.6316666671875 0.15437499999999998 0.6333333328124999 0.144375 0.6391666671875 0.09812499999999999 0.6799999999999999 0.07125000000000001 0.6900000000000001 0.06999999999999999 0.7025 0.055625 0.7033333328125 0 0.6933333328125 0 0.9991666671875
10 0.328125 0.3133333328125 0.313125 0.2241666671875 0.3075 0.1966666671875 0.304375 0.1933333328125 0.190625 0.19583333281249998 0.03875 0.20416666718749998 0.021875 0.2058333328125 0.006875000000000001 0.2125 0.0043749999999999995 0.22000000000000003 0.01 0.23333333281250002 0.03875 0.2533333328125 0.100625 0.38 0.128125 0.39249999999999996 0.21437499999999998 0.3775 0.215 0.37 0.19875 0.3158333328125 0.205 0.31 0.328125 0.3133333328125
10 0.370625 0.3275 0.36625 0.32 0.32125 0.3116666671875 0.221875 0.30583333281249997 0.20187499999999997 0.3066666671875 0.195 0.3133333328125 0.19437500000000002 0.31916666718750003 0.209375 0.36666666718749996 0.21749999999999997 0.38416666718750003 0.231875 0.4308333328125 0.23875000000000002 0.4408333328125 0.366875 0.4583333328125 0.383125 0.45583333281250005 0.384375 0.43916666718749997 0.375 0.3516666671875 0.370625 0.3275
8 0.169375 0.6283333328125 0.20437500000000003 0.6016666671875 0.22749999999999998 0.5891666671875 0.250625 0.5825 0.25875 0.5725 0.268125 0.5675 0.270625 0.5549999999999999 0.26625 0.5466666671875 0.26125 0.5466666671875 0.25625 0.48666666718749996 0.2625 0.48166666718749995 0.263125 0.4683333328125 0.265625 0.4641666671875 0.2875 0.465 0.32375 0.495 0.366875 0.5208333328125 0.37374999999999997 0.5316666671875 0.375625 0.5591666671875 0.3725 0.6458333328125 0.315625 0.7191666671875 0.2975 0.755 0.28875 0.7808333328125 0.29 0.79 0.33875 0.8516666671875001 0.47562499999999996 0.9991666671875 0.588125 0.9991666671875 0.6525000000000001 0.725 0.6743750000000001 0.645 0.696875 0.5291666671875 0.6925 0.5183333328125 0.6837500000000001 0.5125 0.621875 0.4841666671875 0.42874999999999996 0.385 0.415625 0.3825 0.40812499999999996 0.3858333328125 0.38 0.3858333328125 0.3775 0.3883333328125 0.37625000000000003 0.40750000000000003 0.3825 0.44000000000000006 0.3825 0.4483333328125 0.37875000000000003 0.45499999999999996 0.316875 0.4516666671875 0.291875 0.4483333328125 0.27937500000000004 0.44333333281250004 0.24 0.44000000000000006 0.230625 0.4291666671875 0.22749999999999998 0.4166666671875 0.216875 0.3983333328125 0.2125 0.3966666671875 0.196875 0.4166666671875 0.193125 0.4258333328125 0.191875 0.44166666718750003 0.19375 0.4566666671875 0.18812500000000001 0.4658333328125 0.0625 0.5433333328125001 0.061250000000000006 0.5508333328125 0.06687499999999999 0.5633333328125001 0.075 0.5658333328125 0.08249999999999999 0.5791666671875 0.088125 0.5808333328125 0.09375 0.5925 0.13187500000000002 0.6308333328125 0.138125 0.6358333328125 0.146875 0.6358333328125 0.169375 0.6283333328125
5 0.5134375 0.534145 0.5171875 0.4991675 0.428125 0.4879166671875 0.4134375 0.5274825 0.5134375 0.534145
4 0.811875 0.2791666671875 0.8275 0.22916666718749998 0.83375 0.18 0.820625 0.1741666671875 0.80625 0.1883333328125 0.7837500000000001 0.1866666671875 0.7693749999999999 0.2008333328125 0.7618750000000001 0.2033333328125 0.749375 0.2233333328125 0.75125 0.2541666671875 0.7325 0.30583333281249997 0.751875 0.355 0.76 0.3591666671875 0.7875 0.3566666671875 0.7925 0.34750000000000003 0.795625 0.3283333328125 0.803125 0.31916666718750003 0.806875 0.3083333328125 0.811875 0.2791666671875
1 0.5559999999999999 0.7396258328124999 0.53254 0.6927358328125 0.489530625 0.7135758328125 0.5059525 0.7698441671875 0.5559999999999999 0.7396258328124999
1 0.63654625 0.656265 0.61621375 0.609375 0.5845431249999999 0.6180383328125 0.599791875 0.6708533328125 0.63654625 0.656265
1 0.60683 0.5760308328125 0.59901 0.5478966671875 0.564015625 0.5515691671875 0.569294375 0.5791566671874999 0.60683 0.5760308328125
1 0.5247206249999999 0.5843666671875 0.5176825 0.5583166671875001 0.4785825 0.5676941671875 0.48796625000000005 0.5947866671875001 0.5247206249999999 0.5843666671875
12 0.5497443750000001 0.5051741671875 0.55834625 0.5114258328125 0.570858125 0.5051741671875 0.5771143750000001 0.4478633328125 0.57398625 0.42598166718749997 0.56382 0.42598166718749997 0.5528725 0.4478633328125 0.5497443750000001 0.5051741671875