4 0.8231249999999999 0.5308333328125 0.849375 0.5441666671875 0.868125 0.5658333328125 0.8925000000000001 0.6008333328125001 0.8943749999999999 0.6541666671875 0.874375 0.6925 0.84375 0.74 0.8418749999999999 0.7483333328125 0.8462500000000001 0.7558333328125 0.8625 0.7691666671874999 0.884375 0.7633333328125 0.900625 0.7408333328125 0.900625 0.7266666671875 0.903125 0.7224999999999999 0.913125 0.725 0.928125 0.7416666671875001 0.93625 0.7458333328125 0.96875 0.7424999999999999 0.999375 0.73 0.999375 0.3441666671875 0.9881249999999999 0.3391666671875 0.97 0.33999999999999997 0.93625 0.3525 0.9168749999999999 0.365 0.911875 0.3775 0.914375 0.3875 0.9112500000000001 0.41 0.90625 0.42416666718749996 0.9400000000000001 0.4525 0.9400000000000001 0.4591666671875 0.9375 0.4608333328125 0.9 0.47083333281249995 0.8556250000000001 0.4716666671875 0.8387499999999999 0.4658333328125 0.826875 0.4566666671875 0.811875 0.45583333281250005 0.798125 0.46666666718750005 0.8 0.4733333328125 0.805 0.4766666671875 0.8256249999999999 0.48333333281249996 0.821875 0.505 0.809375 0.5033333328125 0.795 0.5108333328125 0.7931250000000001 0.5166666671875 0.79625 0.5233333328125 0.803125 0.5275000000000001 0.8231249999999999 0.5308333328125
4 0.77 0.6108333328125 0.781875 0.635 0.8231249999999999 0.7033333328125 0.8331250000000001 0.7175 0.8393750000000001 0.7150000000000001 0.8525 0.6883333328125001 0.8306250000000001 0.6491666671874999 0.8081250000000001 0.6233333328125 0.770625 0.6033333328125 0.77 0.6108333328125
0 0.65625 0.5808333328125 0.6625 0.5816666671874999 0.67375 0.5941666671875 0.67625 0.6283333328125 0.681875 0.6391666671875 0.6900000000000001 0.6358333328125 0.71 0.6091666671875 0.7106250000000001 0.6 0.71375 0.595 0.73125 0.5833333328125 0.7381249999999999 0.5741666671875 0.744375 0.5733333328125 0.7581249999999999 0.5425 0.755625 0.5275000000000001 0.7462500000000001 0.5133333328125 0.7175 0.49083333281249997 0.6956249999999999 0.4791666671875 0.67125 0.4791666671875 0.654375 0.4891666671875 0.635 0.49583333281249997 0.624375 0.5075000000000001 0.591875 0.5 0.591875 0.5116666671875 0.595 0.5158333328125 0.595625 0.5233333328125 0.60375 0.5258333328125 0.614375 0.5183333328125 0.6168750000000001 0.5216666671875 0.614375 0.5308333328125 0.615 0.5425 0.619375 0.5491666671875 0.65625 0.5808333328125
8 0.50875 0.3091666671875 0.505625 0.3091666671875 0.338125 0.3641666671875 0.3375 0.3708333328125 0.34125 0.375 0.383125 0.3991666671875 0.39 0.4 0.47437500000000005 0.36583333281249997 0.5118750000000001 0.34750000000000003 0.5175 0.3408333328125 0.5037499999999999 0.3283333328125 0.51 0.32166666718750003 0.50875 0.3091666671875
12 0.42625 0.3508333328125 0.428125 0.3541666671875 0.4325 0.3541666671875 0.434375 0.3516666671875 0.43375 0.31916666718750003 0.43 0.31 0.425 0.3125 0.42374999999999996 0.325 0.42625 0.3508333328125
5 0.834375 0.4166666671875 0.845 0.4158333328125 0.844375 0.40833333281249995 0.836875 0.3975 0.740625 0.38 0.7418750000000001 0.39416666718750004 0.745 0.3975 0.834375 0.4166666671875
0 0.819375 0.3716666671875 0.836875 0.38 0.8487500000000001 0.38333333281250004 0.8768750000000001 0.38166666718750003 0.885 0.3783333328125 0.8881249999999999 0.37 0.8875 0.3633333328125 0.8712500000000001 0.3508333328125 0.818125 0.34249999999999997 0.819375 0.3716666671875
0 0.8125 0.36583333281249997 0.8150000000000001 0.3591666671875 0.8150000000000001 0.3433333328125 0.8081250000000001 0.34249999999999997 0.80625 0.34500000000000003 0.805625 0.3533333328125 0.8099999999999999 0.36583333281249997 0.8125 0.36583333281249997
4 0.8487500000000001 0.5433333328125001 0.889375 0.595 0.8943749999999999 0.6075 0.8956250000000001 0.6341666671875 0.89375 0.6566666671875 0.8775000000000001 0.6866666671874999 0.875 0.6995833328125001 0.865625 0.7066666671874999 0.843125 0.7416666671875001 0.8418749999999999 0.7525000000000001 0.845 0.7566666671875 0.8487500000000001 0.76 0.871875 0.76 0.9037499999999999 0.725 0.911875 0.725 0.93125 0.7441666671875 0.936875 0.7458333328125 0.9650000000000001 0.7441666671875 0.999375 0.73 0.999375 0.3441666671875 0.9800000000000001 0.3391666671875 0.9662499999999999 0.3408333328125 0.928125 0.35583333281249996 0.9175000000000001 0.3641666671875 0.9112500000000001 0.3775 0.9106249999999999 0.42000000000000004 0.911875 0.4258333328125 0.9349999999999999 0.45416666718750004 0.93125 0.4625 0.9025000000000001 0.47083333281249995 0.85875 0.47000000000000003 0.8412499999999999 0.4683333328125 0.82875 0.4575 0.813125 0.4575 0.8018750000000001 0.46666666718750005 0.80375 0.47583333281250006 0.825 0.485 0.82125 0.5041666671875 0.806875 0.5041666671875 0.79375 0.5116666671875 0.7925 0.515 0.79625 0.5216666671875 0.803125 0.5266666671875 0.8300000000000001 0.5333333328125 0.8487500000000001 0.5433333328125001
4 0.7731250000000001 0.6075 0.775 0.62 0.8318749999999999 0.7166666671875 0.8375 0.7175 0.844375 0.7091666671875 0.8699999999999999 0.665 0.869375 0.6566666671875 0.858125 0.6483333328125 0.835 0.6383333328125 0.784375 0.6091666671875 0.7731250000000001 0.6075
10 0.514375 0.2616666671875 0.510625 0.3183333328125 0.5337500000000001 0.3125 0.538125 0.3291666671875 0.546875 0.3291666671875 0.5425 0.3125 0.5506249999999999 0.305 0.55625 0.25 0.5525 0.2483333328125 0.51625 0.2558333328125 0.514375 0.2616666671875
10 0.5725 0.2666666671875 0.5725 0.2916666671875 0.615 0.2883333328125 0.621875 0.2391666671875 0.5756249999999999 0.24 0.5725 0.2666666671875
10 0.6643749999999999 0.22749999999999998 0.6443749999999999 0.2308333328125 0.64125 0.25 0.6381249999999999 0.2725 0.6525000000000001 0.2766666671875 0.659375 0.2633333328125 0.6643749999999999 0.22749999999999998
10 0.67875 0.2658333328125 0.6793750000000001 0.27 0.68875 0.26916666718750004 0.688125 0.2533333328125 0.69625 0.2233333328125 0.6825 0.2241666671875 0.673125 0.2533333328125 0.671875 0.2625 0.67875 0.2658333328125