8 0.2588837796875 0.47295792031249995 0.22291325781250002 0.5174173234375 0.18139405625 0.5613151546874999 0.178949284375 0.5717565921875 0.18328100625 0.580262065625 0.1980835140625 0.5847853515625 0.2800967359375 0.6011528125 0.301978165625 0.6008464296875 0.330355365625 0.6123905281249999 0.3602628109375 0.618543390625 0.5523350812500001 0.651192465625 0.5708282640625 0.6518540625 0.5837582953125 0.6446922625 0.5877477843750001 0.6361214140625 0.6020741734375 0.556396465625 0.5992618390625 0.5370533828124999 0.5998196609375 0.50766503125 0.6086805984375 0.4691340234375 0.605587546875 0.4635773859375 0.5920164703124999 0.45837202499999996 0.5747583359374999 0.45884380937499997 0.56057154375 0.4539794875 0.5522358625 0.44678303281250004 0.543572421875 0.42977208281249996 0.5266275734375 0.43279653281249997 0.5152169296875 0.42912072500000004 0.39749942968749996 0.43616438906250005 0.2955098203125 0.4481275078125 0.28196045625 0.4538148890625 0.2588837796875 0.47295792031249995
0 0.6447994765625 0.499108359375 0.6568186 0.49881221406250004 0.66204675625 0.493190203125 0.6745730390625 0.43808931093750003 0.6905418453125 0.409252290625 0.6975809640625 0.3844525984375 0.6972568234375001 0.37645355937499997 0.6864401859375 0.36154397031249996 0.6725594421875 0.355601403125 0.6275542984375 0.351449875 0.6022954781250001 0.35817061250000004 0.585368721875 0.3702723484375 0.5552348359375 0.4051377859375 0.5460316656249999 0.426592471875 0.5454376609375 0.4378262515625 0.5519370515625 0.45149219374999994 0.5590376828125 0.4575552671875 0.62378191875 0.46894814531250006 0.63335265 0.47727797968749996 0.638620609375 0.49162599843750004 0.6447994765625 0.499108359375
4 0.778402559375 0.4214721640625 0.7537449828125 0.420590034375 0.7667546171875 0.4533682875 0.8201352484375001 0.484686296875 0.830930175 0.48870314375 0.8349305203125 0.48557866718750003 0.8404249234375 0.45890838125 0.835787153125 0.4514811515625 0.79413045 0.42639161718749996 0.778402559375 0.4214721640625
4 0.8036092 0.23394293593749999 0.7518890765624999 0.262590140625 0.7278580703124999 0.26681334375 0.7115434109375001 0.2767585828125 0.70478139375 0.2859563734375 0.7084937796874999 0.2929874296875 0.7223600484375 0.291668171875 0.7593174687500001 0.278467709375 0.761532178125 0.3072291171875 0.7335116828125 0.3200231671875 0.7362986874999999 0.3266580515625 0.762500984375 0.32941077343749997 0.7748225343749999 0.32622092343750003 0.7880803249999999 0.3288736171875 0.8442226312500001 0.3541183109375 0.8668174734375 0.4024882296875 0.8506873578124999 0.505021775 0.8534743625000001 0.5116566609375 0.8618064265625 0.517037659375 0.8784524625 0.518722371875 0.8999844203125 0.49770875 0.9064150609375 0.4768810078125 0.8992963359375 0.46174064843749996 0.899901196875 0.45595323906249996 0.9054426375 0.45288389687499997 0.9203204171875001 0.4557084640625 0.9398423656249999 0.3369283765625 0.8319649796874999 0.0801099265625 0.8230371015625 0.0850549796875 0.8027365734374999 0.1053865265625 0.77999489375 0.1379749640625 0.780326271875 0.1496049140625 0.7933250546874999 0.176936796875 0.8090746546875 0.1927489953125 0.8272762625000001 0.2017506671875 0.8285257843749999 0.2101458765625 0.8036092 0.23394293593749999
8 0.23420087031249998 0.459367590625 0.2452946109375 0.45867527499999994 0.2477719484375 0.4645729515625 0.24439817656249999 0.4728027609375 0.290267190625 0.446487690625 0.308112090625 0.4311512125 0.31363544062500004 0.4190045828125 0.3382351234375 0.3908394 0.35854288749999996 0.3741387703125 0.3652687203125 0.3467864078125 0.3791168984375 0.336389865625 0.38310276875 0.32600355937500003 0.3615201515625 0.3216007828125 0.35348689843750003 0.311510621875 0.346094690625 0.3137876234375 0.3282497875 0.3291241 0.320890146875 0.347740215625 0.2830507671875 0.382329990625 0.2596571875 0.3971048953125 0.2473682 0.4166338578125 0.21321587812499998 0.44554649218750003 0.21230135 0.450596690625 0.21816331562500002 0.453710928125 0.23420087031249998 0.459367590625
1 0.7058804624999999 0.37349448281250003 0.7040550265625 0.38541033750000003 0.704681596875 0.39051567187499997 0.7074577453125 0.391704184375 0.7438211609375001 0.3897375046875 0.7465900734375001 0.3872951046875 0.7493336546875 0.3721445046875 0.74500916875 0.36726994375 0.7098808046875 0.37037000625 0.7058804624999999 0.37349448281250003
10 0.4590296828125 0.2266984515625 0.4475358140625 0.18126713125 0.40074503437500003 0.209001490625 0.4168622 0.25459820781250003 0.4590296828125 0.2266984515625
10 0.3481357140625 0.25540709375000004 0.36085015625 0.2947099640625 0.368588215625 0.31132474375 0.3891984109375 0.291730409375 0.3888706515625 0.2819159140625 0.3959351015625 0.2698244203125 0.39623029375 0.26329980000000003 0.3862956171875 0.2270009 0.377365928125 0.23103822499999999 0.3481357140625 0.25540709375000004
10 0.478296271875 0.151507025 0.4672206265625 0.1612766265625 0.4703426265625 0.18135691874999998 0.475621440625 0.2011513078125 0.48947323750000005 0.19257022031249998 0.48942619687500005 0.1689692796875 0.4850727640625 0.14957106250000002 0.478296271875 0.151507025
10 0.6563792453125 0.12374982187500001 0.6536067140624999 0.1243767640625 0.6462398375 0.1393619640625 0.6499594609375 0.150023934375 0.6562179359375 0.19744635 0.6703793984375 0.18960247187499998 0.66045195625 0.15693448593749998 0.6563792453125 0.12374982187500001
10 0.5048444187500001 0.173151525 0.5187034500000001 0.168201353125 0.51400055 0.1280958984375 0.5001487546875001 0.1366769859375 0.5001885578125 0.1566470109375 0.5048444187500001 0.173151525
10 0.6683911296875 0.11982276249999999 0.676399053125 0.11720472343749999 0.6797402609375001 0.0926358015625 0.6735143515625001 0.061552498437500006 0.6692224343750001 0.0730170515625 0.6698779515625 0.0926460421875 0.66373165 0.1015027921875 0.663753359375 0.1123955359375 0.6683911296875 0.11982276249999999
5 0.724350415625 0.20787124375000002 0.7135591046875 0.2056698546875 0.61531445 0.2410031421875 0.6208848406249999 0.25245745468749997 0.6276685671875 0.25415240781250004 0.7129795750000001 0.22416546249999997 0.72744346875 0.21342788124999998 0.724350415625 0.20787124375000002
12 0.29508074375 0.3874802171875 0.303398334375 0.3855993859375 0.2922467 0.3572443890625 0.28360135 0.349310725 0.2799106734375 0.353172409375 0.28332786875 0.366728084375 0.29508074375 0.3874802171875