8 0.33115722187499996 0.3708575234375 0.3309981203125 0.363816934375 0.326550684375 0.359506328125 0.25995775781249997 0.35143054218750003 0.20363612187500002 0.348719115625 0.19555697656249998 0.35052947031250004 0.1801184734375 0.34750234375 0.1219228921875 0.351697378125 0.1075754015625 0.35845045 0.102789534375 0.3648300375 0.10214547968750001 0.413328659375 0.09588970937499999 0.47016098125 0.0992789375 0.491809625 0.0961573421875 0.5461705859375 0.0998773484375 0.6337900125 0.097336659375 0.649691175 0.0978890234375 0.8853519125 0.12832035 0.8989508796875001 0.15380456250000002 0.877040434375 0.18774002343750001 0.8387725484375 0.1932456703125 0.8257451234375001 0.1966753546875 0.797851021875 0.208671596875 0.7768826437499999 0.206307771875 0.7107777359375 0.21043700781250002 0.7010071640625 0.2405084015625 0.6842441640625 0.263200203125 0.6874150484375 0.2712894609375 0.67321900625 0.31442049375000003 0.47721332656250004 0.33115722187499996 0.3708575234375
12 0.20958354375 0.5349067796875 0.20776263281250001 0.5441601031250001 0.22253439375 0.556181934375 0.273890834375 0.583003728125 0.2814194125 0.5824961156249999 0.28932933906249997 0.5860308562500001 0.295375440625 0.5840863749999999 0.2981282640625 0.5775726609375 0.2814926734375 0.5600716078125 0.2233274359375 0.527109584375 0.20958354375 0.5349067796875
10 0.2430111 0.7821610328124999 0.3353365109375 0.8381322250000001 0.3693755734375 0.7402827734375 0.2712263125 0.6832578296875 0.26748853906250003 0.68468506875 0.25961141875 0.7082685609375 0.2430111 0.7821610328124999
10 0.458877621875 0.6199806296875 0.4875523734375 0.6312458546874999 0.5096280015625 0.5814830140625 0.46530260625000003 0.5578032109375 0.45241736875000005 0.590764525 0.45443018437499993 0.6156700203125001 0.458877621875 0.6199806296875
10 0.2378791515625 0.8758917890625 0.22354177343749998 0.8702591765625 0.213757903125 0.8736308984375001 0.21023226718750002 0.8844455874999999 0.2871722046875 0.9397365140625 0.297115178125 0.9434053828125 0.3070051140625 0.9447273875000001 0.3095356890625 0.941211909375 0.292031334375 0.9109324203125 0.2610583703125 0.8877987546874999 0.2378791515625 0.8758917890625
10 0.400169209375 0.781147221875 0.42362371249999997 0.792402815625 0.4396431234375 0.7569701453125 0.42168415625 0.7450728109375 0.403555975 0.738520571875 0.38748352656249996 0.77160638125 0.400169209375 0.781147221875
10 0.385687775 0.8846389171875 0.3980754828125 0.855327209375 0.366933303125 0.8375386406249999 0.36132158593749997 0.8458723406249999 0.35630335468749996 0.867635846875 0.385687775 0.8846389171875
8 0.5377070640625 0.24555629375 0.3902849765625 0.099915253125 0.3618803203125 0.22893492499999998 0.33090216875 0.346737525 0.3310612703125 0.3537781125 0.3514447453125 0.3574662421875 0.4763393171875 0.3660407203125 0.48646161718750003 0.351978803125 0.5103808437499999 0.33246655937499997 0.5380884125 0.2495986484375 0.5377070640625 0.24555629375
4 0.5849517734375 0.46258884531250005 0.5695764140625 0.4495228953125 0.56486380625 0.4334779734375 0.5598658046875 0.43047010781250006 0.5547087 0.420421653125 0.5414724546875 0.41218355781250005 0.5149368140624999 0.405746184375 0.5083931828125 0.4113402703125 0.507398121875 0.41863948281249996 0.516515246875 0.42426246562500003 0.523843034375 0.434119359375 0.507739015625 0.4722245796875 0.505483721875 0.4750886859375 0.500814034375 0.4737763140625 0.4950331046875 0.4874551109375 0.50085695625 0.4885088609375 0.5363076999999999 0.47879607812499997 0.550877440625 0.46904477343749995 0.56752314375 0.474160140625 0.5847825578125 0.46793394218750006 0.5849517734375 0.46258884531250005
0 0.512191640625 0.335598921875 0.4958641390625 0.34456473125 0.4849058765625 0.37296644375 0.48306473906249997 0.406991140625 0.4922349 0.41496098437500006 0.4982809953125 0.41301650156249997 0.5097797109375 0.39569773124999996 0.513845796875 0.39596598437499997 0.5245818125 0.370562503125 0.5265820515625 0.343578396875 0.512191640625 0.335598921875
0 0.41193827812499995 0.6346264984375 0.4113775984375 0.6483149265625 0.416650884375 0.650671421875 0.42819251875 0.648085196875 0.44160809375000004 0.6385925125 0.4517935421875 0.6144917750000001 0.440262025 0.6046923125 0.4177722421875 0.6232945640625001 0.41193827812499995 0.6346264984375
5 0.24798394687499997 0.6813896875000001 0.2150006296875 0.6976258125 0.20735586874999998 0.7058253875 0.2098662171875 0.7270812796875 0.20768665 0.7717961703125 0.2120810546875 0.7737599140625 0.2392405203125 0.7564700359375001 0.247711128125 0.7463163484375 0.24687270312499998 0.6963808578124999 0.2503983421875 0.68556616875 0.24798394687499997 0.6813896875000001
5 0.19850884062500002 0.8404873015625001 0.180413465625 0.861053296875 0.1638637140625 0.8730173421874999 0.152524103125 0.8973767015625 0.1552137796875 0.9009018125000001 0.1586762703125 0.90012594375 0.2097650765625 0.8509381359375 0.21312150000000002 0.84546854375 0.21103542343749998 0.842987553125 0.20136773125000001 0.8386673140625 0.19850884062500002 0.8404873015625001
10 0.531155525 0.5972982078125 0.5226849171875 0.60745189375 0.5165857843749999 0.607049515625 0.5152093734375 0.6103063703125 0.55777700625 0.6332006765625 0.5720916890625001 0.5993293703125 0.530455971875 0.579174675 0.526548984375 0.5859470109375 0.53280721875 0.59338998125 0.531155525 0.5972982078125
10 0.5675053796875 0.563206803125 0.5385023109375 0.550246084375 0.5273319125 0.56926035 0.5578174609375 0.583657934375 0.5675053796875 0.563206803125
10 0.652565175 0.2976577828125 0.6792068828125 0.30878888125000004 0.687667375 0.3110208796875 0.695153034375 0.29578071875 0.6936175203125 0.2919969859375 0.6585153203125 0.2786338875 0.652565175 0.2976577828125