8 0.44625000000000004 0.7858333328125 0.401875 0.7883333328125001 0.39437500000000003 0.7833333328125 0.3975 0.7641666671875 0.39375 0.7525000000000001 0.40437500000000004 0.7433333328125 0.41 0.7266666671875 0.40750000000000003 0.7216666671875 0.39125 0.7216666671875 0.38937499999999997 0.7291666671875 0.37687499999999996 0.7416666671875001 0.32999999999999996 0.7166666671875 0.320625 0.705 0.25187499999999996 0.7016666671875 0.184375 0.7025 0.153125 0.7208333328125 0.136875 0.725 0.133125 0.7333333328125 0.11937500000000001 0.7358333328125 0.12 0.7458333328125 0.11687499999999999 0.7508333328125001 0.10874999999999999 0.7541666671875 0.091875 0.77 0.057499999999999996 0.7925 0.056874999999999995 0.7966666671875 0.059375 0.7983333328125 0.073125 0.8008333328124999 0.421875 0.8266666671875 0.43875000000000003 0.8241666671875001 0.45 0.7975 0.449375 0.7891666671875 0.44625000000000004 0.7858333328125
8 0 0.795 0.024375 0.7958333328125 0.04 0.79 0.0925 0.7558333328125 0.11374999999999999 0.7366666671875 0.109375 0.7316666671875 0.041249999999999995 0.7166666671875 0.001875 0.7233333328125 0 0.7241666671875 0 0.795
8 0.999375 0.8383333328125 0.999375 0.7341666671875 0.905 0.7316666671875 0.90625 0.7375 0.98375 0.8291666671875 0.999375 0.8383333328125
8 0.8787499999999999 0.7316666671875 0.868125 0.7283333328125 0.73625 0.7233333328125 0.70375 0.725 0.709375 0.73 0.724375 0.7333333328125 0.750625 0.735 0.7618750000000001 0.7424999999999999 0.766875 0.7625 0.76625 0.7766666671875 0.75875 0.7841666671875 0.729375 0.7875 0.5925 0.7866666671875 0.584375 0.7841666671875 0.58 0.7783333328125 0.578125 0.7691666671874999 0.5725 0.765 0.49312500000000004 0.7625 0.488125 0.7675 0.471875 0.8216666671875 0.471875 0.8308333328125 0.47874999999999995 0.8341666671875 0.9256249999999999 0.8691666671875 0.9893750000000001 0.8716666671875 0.993125 0.8683333328125 0.990625 0.8608333328125 0.9112500000000001 0.7733333328125 0.8787499999999999 0.7316666671875
4 0.8081250000000001 0.49000000000000005 0.8006249999999999 0.4658333328125 0.795 0.465 0.79125 0.4533333328125 0.786875 0.4483333328125 0.774375 0.4458333328125 0.75875 0.4583333328125 0.75 0.4841666671875 0.73 0.505 0.71375 0.5391666671875 0.7150000000000001 0.5558333328125 0.7224999999999999 0.5625 0.7837500000000001 0.5625 0.795 0.5383333328125001 0.8225 0.5383333328125001 0.8237500000000001 0.5341666671875 0.8106249999999999 0.5108333328125 0.8081250000000001 0.49000000000000005
10 0.78125 0.7091666671875 0.77625 0.5625 0.75625 0.5616666671874999 0.71180375 0.5666666671875 0.593125 0.5658333328125 0.5862499999999999 0.5683333328125 0.58375 0.5716666671875 0.584375 0.6658333328125 0.5856250000000001 0.6950000000000001 0.5900000000000001 0.7066666671874999 0.6012500000000001 0.7108333328125 0.6693749999999999 0.7141666671875 0.77 0.7141666671875 0.78125 0.7091666671875
10 0.370625 0.7208333328125 0.37687499999999996 0.7150000000000001 0.406875 0.7150000000000001 0.40812499999999996 0.7025 0.40062499999999995 0.58 0.33875 0.5700000000000001 0.2925 0.5683333328125 0.288125 0.5691666671875 0.28375 0.5791666671875 0.286875 0.6475 0.29125 0.6816666671875 0.299375 0.6866666671874999 0.34625 0.7008333328125 0.355 0.7091666671875 0.359375 0.7183333328125 0.365 0.7208333328125 0.370625 0.7208333328125
10 0 0.6783333328125 0.048125 0.6833333328125 0.06999999999999999 0.6808333328125 0.073125 0.6733333328125 0.06937499999999999 0.6411108328124999 0.071875 0.6141666671875 0.06687499999999999 0.5974999999999999 0.0675 0.5733333328125 0.049375 0.5666666671875 0.005625 0.5666666671875 0 0.5675 0 0.6783333328125
10 0.57875 0.49416666718749996 0.5743750000000001 0.49749999999999994 0.5706249999999999 0.5175 0.57125 0.5366666671875 0.57625 0.5433333328125001 0.650625 0.5433333328125001 0.65625 0.54 0.6587500000000001 0.5325 0.6575 0.49583333281249997 0.651875 0.4933333328125 0.57875 0.49416666718749996
10 0.084375 0.5041666671875 0.068125 0.5075000000000001 0.06625 0.5108333328125 0.065625 0.5308333328125 0.06999999999999999 0.5608333328125 0.09812499999999999 0.5683333328125 0.12625 0.5666666671875 0.133125 0.5599999999999999 0.13625 0.5341666671875 0.13125 0.5058333328125 0.084375 0.5041666671875
10 0.278125 0.49833333281250003 0.268125 0.5025000000000001 0.265625 0.5075000000000001 0.265 0.53 0.26687500000000003 0.5416666671875 0.27 0.5458333328125 0.32625000000000004 0.5441666671875 0.335625 0.5391666671875 0.336875 0.5041666671875 0.334375 0.5008333328125001 0.278125 0.49833333281250003
5 0.681875 0.7316666671875 0.614375 0.7233333328125 0.610625 0.7283333328125 0.60625 0.7458333328125 0.60625 0.7566666671875 0.614375 0.7633333328125 0.74875 0.7783333328125 0.766875 0.7783333328125 0.7681250000000001 0.7758333328125 0.76125 0.7416666671875001 0.749375 0.735 0.681875 0.7316666671875
5 0.42874999999999996 0.7075 0.39625 0.7741666671874999 0.395 0.7816666671875 0.39875 0.7849999999999999 0.43 0.7841666671875 0.440625 0.7808333328125 0.4525 0.7341666671875 0.45437500000000003 0.7058333328125 0.4425 0.7025 0.42874999999999996 0.7075
5 0.11750000000000001 0.6950000000000001 0.07625 0.6925 0.043125000000000004 0.6975 0.03625 0.7033333328125 0.03375 0.7116666671874999 0.04 0.7166666671875 0.10375000000000001 0.7308333328125001 0.118125 0.7291666671875 0.143125 0.7091666671875 0.140625 0.705 0.1275 0.7025 0.11750000000000001 0.6950000000000001