8 0.352606196875 0.4190425609375 0.371210721875 0.41475310624999995 0.37537211875 0.40950343437500003 0.412900115625 0.39994094375 0.5485388078125 0.34565694062499996 0.5520623109375 0.34237443437500004 0.54947679375 0.3332850546875 0.5282226453125001 0.2964532703125 0.4896171390625 0.248671246875 0.46837430312499995 0.21749214375 0.423340828125 0.1648868265625 0.40986208281250003 0.1647443140625 0.215003215625 0.2935902265625 0.20667287656250002 0.3003211125 0.2028530515625 0.31589256250000003 0.19612499375 0.3214739890625 0.06164720781250001 0.4044398203125 0.0675351203125 0.4430677921875 0.1328527765625 0.455928153125 0.163956578125 0.4434265953125 0.1844936390625 0.4426567765625 0.2271134796875 0.41170427500000006 0.24219072968750002 0.40881309843749997 0.2781730140625 0.42866347187500004 0.2794789703125 0.43980295625 0.283659221875 0.44397442187499997 0.2939296390625 0.4445316265625 0.352606196875 0.4190425609375
12 0.381496221875 0.42284721875000003 0.38855454218749996 0.42193489062499995 0.38947744375000004 0.4020260984375 0.3713826015625 0.3402846671875 0.3643054265625 0.3317758609375 0.3524327328125 0.332368115625 0.3505190484375 0.3382696140625 0.3653942515625 0.39477305937499996 0.3766705328125 0.416874465625 0.381496221875 0.42284721875000003
10 0.32399145156250003 0.5527864796874999 0.292008415625 0.4466646703125 0.22272740781249997 0.46504320468750004 0.205736475 0.47383587968749996 0.23288628125000002 0.57021648125 0.32399145156250003 0.5527864796874999
10 0.5153246296875 0.586481725 0.5065886140625 0.5508589734375 0.5004645125 0.5375151890625001 0.49050172812500004 0.530321721875 0.466122215625 0.5353576265625 0.45590836250000005 0.5630638265625 0.4662391171875 0.5937686656250001 0.5153246296875 0.586481725
10 0.1427681203125 0.599769553125 0.14338716093749998 0.5883812515625 0.1504266265625 0.5780477890625 0.148456378125 0.55568588125 0.137765196875 0.5052381265625 0.12298049687499998 0.49395613281250006 0.114961565625 0.49593498281250004 0.1327902546875 0.585039175 0.1373045390625 0.595763965625 0.1427681203125 0.599769553125
10 0.3475423359375 0.6147650437500001 0.336877553125 0.5775068796875 0.2993382421875 0.5814166921874999 0.312254509375 0.6212109078125 0.3475423359375 0.6147650437500001
10 0.252583403125 0.6308084515625 0.2425640546875 0.5953515765625 0.22203076249999998 0.598005621875 0.214338321875 0.6027693421875 0.224031178125 0.6354413453125 0.252583403125 0.6308084515625
4 0.6025647249999999 0.56201245 0.6150866265625 0.5651057078124999 0.6257174734375 0.5854058281250001 0.6337514859375 0.5909638859374999 0.641132525 0.590952203125 0.643038665625 0.58128225 0.638832015625 0.563921196875 0.6449108671875 0.55465425625 0.6503065734375 0.52474375625 0.646418871875 0.50639911875 0.62459470625 0.5054505859375 0.627187765625 0.5183084171875 0.6244795421875 0.5280820453125 0.5960877359375 0.5326942046875 0.5951308937500001 0.535644953125 0.5816483796874999 0.5336182171875 0.5723272625 0.5263418093750001 0.55563265 0.522845540625 0.549215996875 0.5236749281249999 0.5521166875 0.529896496875 0.6025647249999999 0.56201245
8 0.6415102218750001 0.45897336875 0.6668616609375 0.4585236234375 0.6871024015625 0.47004275 0.7015379875 0.46723451406249994 0.719489534375 0.45737531562499995 0.7502856999999999 0.4515100203125 0.7605334921875 0.44076186406250006 0.7667766828125 0.35325803125 0.7731518546875 0.3317021421875 0.77859658125 0.3262865953125 0.7956025999999999 0.3250308296875 0.8148902703124999 0.34138493125 0.8197197296875001 0.34924191250000003 0.8373938109375001 0.3610927953125 0.868189978125 0.355227503125 0.873630934375 0.347927725 0.886460471875 0.34438472343750004 0.9156769859375 0.35097425000000004 0.9320413375 0.3498014234375 0.9326754625 0.34595003125 0.877333859375 0.2739452375 0.86094688125 0.263812703125 0.85095393125 0.24154542031249998 0.83553510625 0.234114815625 0.8201275984375 0.232336896875 0.77777768125 0.2378108625 0.7736162859375 0.243060534375 0.755007990625 0.2454657625 0.7364185484375 0.257292125 0.7081928125 0.26470988906250004 0.627076821875 0.3025229515625 0.5792859515625 0.31529669375 0.5565313421875 0.3304885015625 0.55623125 0.34089321875 0.617389321875 0.432878059375 0.6415102218750001 0.45897336875
5 0.21757523124999997 0.4562855828125 0.22816836562499998 0.45774342968750004 0.2759366109375 0.43366432499999996 0.277531346875 0.4287464109375 0.2405884515625 0.4099625578125 0.23610810781249997 0.4161958125 0.2203929609375 0.42105415468749996 0.193150465625 0.43871076249999996 0.19091029531249998 0.44182738749999995 0.1928428328125 0.44534702656249997 0.21757523124999997 0.4562855828125
5 0.09112944375000001 0.45378227187500003 0.06959260625 0.45656603125000006 0.0707647453125 0.4642559171875 0.1393222234375 0.48147794218750006 0.1434873921875 0.47811250000000005 0.138008725 0.4665700046875 0.09112944375000001 0.45378227187500003