4 0.5895477421875001 0 0.591274515625 0.0215465875 0.5962274390625 0.044003151562499995 0.6024820796875 0.0445861859375 0.60542008125 0.056128362499999994 0.612480375 0.1108526953125 0.6224273328125001 0.11394689843750001 0.6252347312500001 0.10998298124999999 0.6235412046875 0.08533821875 0.6358244828124999 0.08561643125 0.6403826453125 0.0975263328125 0.64573328125 0.0945579296875 0.6471846796875 0.0852668515625 0.634321746875 0.031735201562499996 0.639748703125 0.0170722109375 0.6405220984375 0.0051175546874999995 0.6399327359375 0 0.5895477421875001 0
4 0.150736234375 0.21895749062499997 0.1255489171875 0.20696654531249997 0.0952369609375 0.198831865625 0.0728761203125 0.1799533546875 0.053602967187499996 0.1851994703125 0.0481950921875 0.1969388140625 0.06644886718750001 0.2626530125 0.0713777171875 0.303006596875 0.0763688 0.319615865625 0.09040284062500001 0.3357678953125 0.10392764375 0.35891514999999996 0.124009403125 0.3718387078125 0.130601565625 0.39173934374999997 0.14190452656250002 0.40016070781249996 0.15791828125000001 0.397102790625 0.16630231875 0.3910583296875 0.1757048296875 0.371023425 0.1864472140625 0.3232677 0.18469644999999998 0.3073938796875 0.1652765625 0.264085921875 0.15947687500000002 0.22930698125 0.150736234375 0.21895749062499997
8 0.7140425796875001 0.35392061875 0.7015333 0.352754546875 0.6881391015625 0.345113390625 0.680041253125 0.307303146875 0.6770108046875001 0.27440758125000003 0.6723954046875 0.2712686203125 0.6614872093749999 0.2733939234375 0.6213941078125 0.3077954609375 0.325107278125 0.5291628453125 0.285014178125 0.5635643875 0.28265878125 0.569304025 0.2926600265625 0.5995989109375001 0.453113228125 0.977733165625 0.4903172953125 0.9762172171874999 0.9185624984375 0.8164466375 0.9202515625000001 0.8135114203124999 0.92929665625 0.7166211625 0.8965305515624999 0.699012571875 0.7654722765625 0.606942490625 0.7569576359375 0.5974808578124999 0.74989439375 0.5787281484375 0.73661761875 0.517573484375 0.713295540625 0.5039144765625 0.7321989109375 0.41325480781249996 0.7485340609375 0.396466515625 0.747480378125 0.3803326296875 0.7140425796875001 0.35392061875
10 0.8936470265625 0.252887259375 0.9000834453125 0.135739684375 0.8855235546875001 0.07853999375000001 0.867398746875 0.0837995796875 0.7353865125 0.13791185156250002 0.6665634593750001 0.170393728125 0.66396298125 0.17816915312499998 0.6665414296875001 0.2092889984375 0.6794366187499999 0.32891660312500004 0.684427703125 0.34552586875 0.6992542187499999 0.346799596875 0.754549521875 0.327142090625 0.87891295625 0.27296692031249997 0.8903303906250001 0.2638464015625 0.8936470265625 0.252887259375
10 0.711517003125 0 0.7128055718749999 0.0462022328125 0.720502759375 0.1454090640625 0.7913407343750001 0.12384157031250001 0.8881012687500001 0.10815765937499999 0.8939543875 0.11166119687500001 0.8655315968749999 0 0.711517003125 0
5 0.961134046875 0.37558181875 0.9441801703125 0.30897717187499996 0.8610853015625001 0.3408652046875 0.8566577421874999 0.34446140000000003 0.8673149609375 0.4163151359375 0.8742666781249999 0.4166381046875 0.9226293406250001 0.3937339828125 0.9323884578125 0.39009303281249996 0.94048925625 0.3919316546875 0.9603425015625 0.3840607875 0.961134046875 0.37558181875
5 0.641072253125 0.418087234375 0.6325194546875 0.41447289375 0.5223617734375 0.458487271875 0.518160215625 0.4629713265625 0.518328978125 0.47263012968749996 0.5271811453125 0.5014093625 0.534320703125 0.5084674828125 0.6577229015625 0.4595118171875 0.6614533796875001 0.45617568906250006 0.6587413765625 0.44552137187499996 0.641072253125 0.418087234375
1 0.5509566015625 0.7297501875 0.543288725 0.732610934375 0.52642230625 0.795289715625 0.527062146875 0.803800590625 0.590907296875 0.823729046875 0.6048488937500001 0.8185276890625 0.614782671875 0.7526022921875 0.612503590625 0.7466473406249999 0.5509566015625 0.7297501875
1 0.4144904515625 0.64941945 0.4077456546875 0.6529079890625 0.39251847500000003 0.71303085 0.393158315625 0.7215417234375 0.438108946875 0.724214978125 0.4441566640625 0.7209865046874999 0.455710603125 0.65542883125 0.4525084421875 0.648846090625 0.4144904515625 0.64941945
1 0.5267261921874999 0.535605265625 0.52137260625 0.5745452953125 0.5227095265624999 0.5827961 0.527098928125 0.5850471984375 0.5795105140625 0.5810482 0.5837311515625 0.5736404984375 0.5872004203125 0.53929218125 0.5830751796875 0.532081646875 0.5267261921874999 0.535605265625
1 0.4605990109375 0.545693484375 0.4136686671875 0.562230175 0.40931447656250003 0.59010340625 0.41085831875 0.60216571875 0.419656196875 0.60374426875 0.46494730312500004 0.5897635015625 0.46860441406250003 0.5621503390625 0.466137490625 0.5494602343749999 0.4605990109375 0.545693484375
12 0.4485344546875 0.4053402828125 0.43792857500000004 0.39665885312500004 0.43289933437499994 0.38589688125 0.41965481875000005 0.390838171875 0.418560025 0.416523203125 0.4312541953125 0.4603960515625 0.44402468125 0.4925743140625 0.45626979843750004 0.49869982031250004 0.46674507500000006 0.4918751546875 0.4700617109375 0.4809160125 0.4528666171875 0.416362321875 0.4485344546875 0.4053402828125