4 0.58218815625 0.6944442265624999 0.5697034953125 0.6982948953125 0.563144525 0.704708446875 0.5167110859374999 0.711055321875 0.5035931437500001 0.723882428125 0.489929625 0.728544709375 0.473165253125 0.7206333140625001 0.462777996875 0.703586759375 0.44820518125 0.694641003125 0.424850453125 0.68652220625 0.3942563953125 0.6838619609375 0.3796429515625 0.7019888984375 0.376651946875 0.7125885624999999 0.378906271875 0.724796115625 0.3836687921875 0.7314810921875 0.3906228671875 0.737131709375 0.41517214375 0.747749371875 0.44983267031249996 0.7528291171875 0.4582979375 0.7564903796875 0.46458734375 0.764496478125 0.4670549125 0.78604659375 0.4781068390625 0.8007376687500001 0.507236778125 0.8153186984374999 0.54699215625 0.825905678125 0.5794454359375 0.82870930625 0.5989968078125 0.7829848265625 0.6178742703125 0.7733094765625 0.6384604828125 0.76767685625 0.6413323953125001 0.7675974953125 0.6489668281250001 0.7742031078125 0.6439818234375 0.791869215625 0.6470355953125 0.7945114625 0.6649631359375 0.79830076875 0.690778978125 0.79096555625 0.7028685359375 0.77505071875 0.7014607374999999 0.7632092921875 0.692101865625 0.74925046875 0.6912239546875 0.7422633875 0.696437896875 0.7372503218750001 0.7057496921874999 0.7412777109375 0.7180838765625001 0.7413263890625 0.722435603125 0.73263671875 0.710640546875 0.7037487375 0.698908259375 0.6881026640625 0.67890825625 0.6748274140625 0.6677372390625 0.67065664375 0.6640344890625001 0.67368035625 0.66507856875 0.6800785671875 0.656795159375 0.6791389125 0.63526826875 0.6645425406250001 0.6085117437500001 0.651648759375 0.5973721125 0.654098940625 0.5945315812499999 0.660799259375 0.5968015984374999 0.6763172890625 0.5827900515625 0.6788468359375 0.58218815625 0.6944442265624999
4 0.3423329984375 0.67263743125 0.365007365625 0.6798012328125 0.3795958734375 0.6920574640625 0.38331431718750003 0.6923442296875 0.3895252609375 0.683797940625 0.3923187125 0.6671661906249999 0.37792775624999997 0.66094204375 0.36375004375 0.664060459375 0.35138447500000003 0.657390825 0.344627953125 0.6577722921875 0.3395958671875 0.6655069671875 0.3423329984375 0.67263743125
10 0.513694284375 0.5736384906249999 0.4420718328125 0.541340015625 0.41836628906250006 0.60178625 0.4172345046875 0.612529296875 0.483081740625 0.638365540625 0.5071980828125 0.593293953125 0.513694284375 0.5736384906249999
10 0.41160138437500005 0.81426103125 0.4107077796875 0.8039634703124999 0.352360196875 0.79194266875 0.348143253125 0.7934225140625 0.33295929687500003 0.8337677984375 0.3918053828125 0.8440219921875001 0.4055409140625 0.8189079734375 0.41160138437500005 0.81426103125
10 0.483168584375 0.4428246140625 0.4811275046875 0.4399596234375 0.4396476890625 0.4220194359375 0.43660960624999995 0.42268766874999997 0.4207923671875 0.4720093890625 0.4340044609375 0.47904515 0.46345104531250003 0.48913796249999997 0.4691634890625 0.4823582828125 0.483168584375 0.4428246140625
10 0.437174534375 0.5418648640625 0.4509885265625 0.5333032328125 0.44742055937499997 0.5291171218749999 0.41101990468749994 0.5133736921875001 0.4037491875 0.512211290625 0.3896250015625 0.5622652625 0.3984382984375 0.5680592640625 0.425511465625 0.5764648265625001 0.437174534375 0.5418648640625
10 0.4065998234375 0.65021699375 0.410888778125 0.6282854109375 0.3743376484375 0.616441328125 0.3696065109375 0.6163773078125 0.35880566406250003 0.6546538765625 0.3767488953125 0.6617536578125 0.39738218281250004 0.6660524703124999 0.4065998234375 0.65021699375
10 0.3520646828125 0.9305698640625 0.358019975 0.9166271 0.355464703125 0.9122182437499999 0.350219375 0.91061035625 0.3055980796875 0.9071691796874999 0.3046427578125 0.910059690625 0.3520646828125 0.9305698640625
10 0.3760906765625 0.7011132625000001 0.34664409687500003 0.6910204515625 0.3353133625 0.7244426749999999 0.3402263578125 0.7272283015625 0.37116843906249997 0.7320212828125 0.37635099843750003 0.720387259375 0.3760906765625 0.7011132625000001
5 0.543789840625 0.57806534375 0.54528534375 0.5727655109375 0.5382620515625 0.5168688593749999 0.5368856375 0.5116483875 0.53147414375 0.5106293703125 0.5218927812499999 0.52102163125 0.5197326125 0.5286769453125 0.5240187749999999 0.577443134375 0.5286465109375 0.5913379359375 0.543789840625 0.57806534375
0 0.6292568078125 0.43002347656250006 0.645258659375 0.4339049453125 0.63529234375 0.455759703125 0.6409798515625 0.4793631953125 0.6376565125 0.49114060000000004 0.617891896875 0.5275225156250001 0.608627178125 0.5334265578124999 0.6072978421874999 0.5381375203125 0.6213878484375 0.5521603640625 0.69607890625 0.4120118953125 0.673934425 0.4097024375 0.663776103125 0.4053089234375 0.6576528625 0.396713953125 0.6591483640625 0.3914141203125 0.6667357203125001 0.38808830156249996 0.665343615625 0.379557353125 0.6705418671875 0.371233809375 0.63465540625 0.35703424375 0.596019771875 0.440095634375 0.5968819937500001 0.44377223906249996 0.6031400140625001 0.44515738125000004 0.6184965874999999 0.44122735312500005 0.6292568078125 0.43002347656250006
0 0.54816209375 0.6004392421875 0.531700284375 0.5939801796874999 0.5310513109375 0.599646140625 0.5329889921875 0.6163419109375 0.5404415671875 0.62022591875 0.5471103859374999 0.636985709375 0.5576010421875 0.6402014828125 0.565781053125 0.654971921875 0.5698475203125 0.6573914234375 0.581770909375 0.6420654531250001 0.62028745 0.5695243671875 0.5998923453125 0.5441849484375 0.595944965625 0.5312451421875 0.5652410625 0.50541155625 0.554709778125 0.5292684703125 0.5758009375 0.558873365625 0.5731422671875 0.568295290625 0.5594224265625 0.5967197859375 0.54816209375 0.6004392421875
1 0.64758224375 0.375179178125 0.6408100296875 0.37225016875 0.632708478125 0.3740321203125 0.62805580625 0.3905204875 0.6358407140625 0.3932267546875 0.641916878125 0.391890290625 0.64758224375 0.375179178125
8 0.5871271546875 0.239349578125 0.55490001875 0.31989676562499997 0.556790625 0.326661103125 0.6222741421875 0.34705413125 0.6505104796875 0.351337603125 0.691171496875 0.267830725 0.6983951359375 0.259061690625 0.7123909890625 0.2532216671875 0.7194327687500001 0.24173102812499997 0.7270921375 0.2179534734375 0.7241888390625 0.211411878125 0.7282239234375 0.20721042656250002 0.7266813421875 0.20257882343750003 0.7163411609375 0.195463703125 0.6557770859375001 0.214860425 0.642398825 0.20841353593749998 0.6276912234375 0.20667760624999998 0.6266942234374999 0.2102108265625 0.6316386015625 0.21961741093749998 0.62458113125 0.227797575 0.6114004203125 0.22738276875 0.5871271546875 0.239349578125
12 0.6919081796875 0.24502350781249999 0.690879790625 0.2419357734375 0.64663145625 0.2102441671875 0.6285220578125 0.2037332546875 0.6248350031250001 0.2100674453125 0.6329993218750001 0.22152740468749998 0.6687666953125 0.2462472703125 0.679605378125 0.2515957828125 0.6919081796875 0.24502350781249999
0 0.5686521046874999 0.476492890625 0.5641655984375 0.4923923890625 0.565573396875 0.5042338156249999 0.5754464640625 0.5197365046875 0.5961268265624999 0.53396675 0.60932323125 0.537692034375 0.6179232796874999 0.5341434703125 0.6400299281249999 0.49282784843750005 0.643005240625 0.47891770781250004 0.6388603078124999 0.459945815625 0.6446604578125 0.43602487968750003 0.6345021375 0.4316313640625 0.6222150281250001 0.441514115625 0.6015974359375 0.44052578281250004 0.5892789421875 0.4437875796875 0.5800299156250001 0.4530021015625 0.5686521046874999 0.476492890625