8 0.46204531718749997 0.4268423171875 0.4536313859375 0.4385805515625 0.45455564531250003 0.5775995625 0.460608084375 0.6579068218749999 0.46494929531249996 0.67412490625 0.47468284374999997 0.6903143859374999 0.5378782203125 0.7694523328125 0.5622581875 0.790328178125 0.569823296875 0.7911542421875 0.5747757609375 0.7818164000000001 0.5916562187500001 0.716978959375 0.6022472546875 0.6915866421875 0.606359571875 0.6657955984374999 0.6169506078125 0.6404032828124999 0.67319529375 0.41316246406249996 0.6594768828124999 0.4002423453125 0.634287690625 0.3940960671875 0.624189125 0.38743664375 0.607449121875 0.3862261515625 0.6038688734375001 0.38213072812500004 0.587331178125 0.377237846875 0.5750598390625 0.36972375468749996 0.563470271875 0.37000178125 0.557998746875 0.3656998421875 0.5390463765625 0.36146941250000003 0.499373478125 0.34478910625000003 0.48975437812499995 0.3496041890625 0.484480825 0.356128609375 0.4768235234375 0.39449825 0.4697774734375 0.40731196875000003 0.459393078125 0.4145131421875 0.46204531718749997 0.4268423171875
0 0.543088171875 0.30233032656250003 0.4327648984375 0.24119932031250002 0.40544252812500003 0.23636364687500003 0.3923619625 0.243579121875 0.38350382656250004 0.26051686875 0.3781380796875 0.3062369921875 0.3813885703125 0.336536490625 0.39095940625000003 0.3585736328125 0.4220952578125 0.3950051109375 0.431951921875 0.403181653125 0.45907198749999995 0.4116997203125 0.470621959375 0.4092564203125 0.4790754828125 0.399683459375 0.491082665625 0.348514403125 0.487665128125 0.33857131875 0.49519497812499996 0.3227233578125 0.5332667640625 0.31082780312499997 0.543088171875 0.30233032656250003
8 0.3581710125 0.6004153015625 0.404912215625 0.6644821609375 0.42083865937500003 0.69493096875 0.43089763124999997 0.6994251218749999 0.4599003046875 0.7371672015625 0.46581603749999995 0.736269628125 0.4671047296875 0.73301456875 0.46977430781249996 0.6873087484375 0.463260325 0.6702359984374999 0.45635473125 0.6170017828125001 0.45160890625 0.608148484375 0.430646478125 0.5972157250000001 0.418775415625 0.5968456 0.409684046875 0.5862829656249999 0.4108539578125 0.5765320921875 0.423450721875 0.5723508578125001 0.4263096015625 0.5664888921875 0.3892450140625 0.5744812375 0.381640309375 0.5714899015625 0.3654676328125 0.557066965625 0.3485735875 0.5326866406249999 0.34237635625 0.5329360624999999 0.3500559171875 0.5547666890625 0.35609043125 0.5603649296875 0.35677220468750004 0.5681570484375 0.3536318296875 0.5733708625 0.350654165625 0.5727370125 0.3502099609375 0.5779365249999999 0.3581710125 0.6004153015625
8 0.45657437500000003 0.5552843937499999 0.45154705625 0.54578294375 0.40250562656250005 0.5033831015625 0.378077396875 0.50935948125 0.403662534375 0.5371584765625 0.42691652031249994 0.5554417171875 0.4310597578125 0.5608334421875 0.4290057703125 0.5664745890625 0.445824959375 0.5720156234375 0.45407184375 0.580633803125 0.45697031875 0.5769371078125001 0.45657437500000003 0.5552843937499999
5 0.2870752640625 0.2956760859375 0.2754591078125 0.2502625921875 0.2794439703125 0.24699323281250002 0.2796066828125 0.24114556875 0.2635657890625 0.189692196875 0.2545975390625 0.17111662968750002 0.24751623125000002 0.167256325 0.2413585953125 0.16967101874999999 0.237048309375 0.18463570625 0.2745576890625 0.3041878640625 0.2809968203125 0.302421321875 0.2870752640625 0.2956760859375
10 0.2815566453125 0.58371440625 0.3267097390625 0.5756791546875 0.342526065625 0.570614646875 0.315977659375 0.534375384375 0.2592350015625 0.5426886625 0.2815566453125 0.58371440625
10 0.2523999296875 0.522802490625 0.29264448593750003 0.5117616015625 0.2683523765625 0.4661988 0.22130800625 0.4740275359375 0.24238054843749998 0.5204736078125001 0.24648419375000002 0.5237000609375 0.2523999296875 0.522802490625
10 0.1455635453125 0.23947458125 0.149706784375 0.24486630625 0.1616570328125 0.24956697499999997 0.21932336718749998 0.24752869375 0.2445960828125 0.2434967671875 0.24371200312500002 0.2393870421875 0.2333319390625 0.23207946562499998 0.18894414375 0.237728628125 0.16814009218749998 0.2354569546875 0.1455635453125 0.23947458125
10 0.23717693125 0.42760205156250003 0.228525434375 0.4263486578125 0.1943593203125 0.43064430781249996 0.2005918109375 0.44706890781249997 0.2074312171875 0.45244633125 0.22513882343749997 0.44758833906250006 0.246950075 0.4459568046875 0.23717693125 0.42760205156250003
10 0.21504892656250002 0.4119114171875 0.22040166718749998 0.409717540625 0.2206479046875 0.3936916703125 0.2082930421875 0.3963557875 0.17565752343750002 0.39587926093750003 0.18321829843749998 0.41121407187500003 0.21504892656250002 0.4119114171875
10 0.1530933953125 0.223626621875 0.1681444265625 0.22094820624999997 0.174262465625 0.21636824062499999 0.1730968890625 0.2116103640625 0.153981809375 0.21322760000000002 0.116156259375 0.209097284375 0.105692671875 0.211967915625 0.11848740937499999 0.21861303593749998 0.1530933953125 0.223626621875
1 0.3994253484375 0.1727304078125 0.40150593125 0.21278078125 0.40347639687500003 0.2173178390625 0.41405876406250003 0.220943021875 0.41864621093750004 0.2211352359375 0.42102128906249997 0.21830751093749998 0.4205900859375 0.179980775 0.41721214375000004 0.17220295937500002 0.40393360781250004 0.1685920796875 0.3994253484375 0.1727304078125
12 0.37927881874999997 0.663535396875 0.41062997812499996 0.65275823125 0.4099878 0.6471313875 0.4072520359375 0.6449804171875 0.3916380140625 0.6463625296875 0.375579784375 0.6529441593749999 0.3684149546875 0.6592620609375001 0.3709088140625 0.6629301515625 0.37927881874999997 0.663535396875