8 0.22903302499999997 0.3825848453125 0.22823198125 0.44599092812499996 0.2134787890625 0.46494813593749995 0.2549200546875 0.4707896296875 0.27767660625 0.4977113015625 0.3229206234375 0.497043684375 0.3346894296875 0.4897975375 0.36645064843749997 0.48334048906250004 0.40270420468749996 0.47119013593750003 0.42241331718749997 0.46232972656250004 0.43476869999999995 0.45239047499999996 0.4678318390625 0.4449333578125 0.5494524109375 0.41363218125 0.5566258578125 0.4085704265625 0.5616017578125 0.39667510781250004 0.550725465625 0.2982853921875 0.541929496875 0.24808179218749998 0.531837378125 0.221747603125 0.51774225 0.21777404687500002 0.5076758859375 0.19231708593750002 0.5025854234375 0.154964803125 0.49257056875 0.131262296875 0.48638999062500005 0.12479725 0.476483925 0.127473 0.4666493515625 0.1099110875 0.43630340156249997 0.0243178765625 0.2328793890625 0.043139046874999996 0.11571072812500001 0.1502970828125 0.10547563125 0.1644382140625 0.10512084375 0.1750263671875 0.1107663546875 0.185938971875 0.1249129921875 0.19166698437500002 0.153644090625 0.21803588281250003 0.20998464062500002 0.2779143421875 0.214250965625 0.2871953296875 0.2238537515625 0.296862190625 0.2290672140625 0.3157312671875 0.23186288593749999 0.3656104171875 0.22903302499999997 0.3825848453125
5 0.1386853140625 0.43404490781250005 0.138725275 0.3900606765625 0.13594115 0.385920215625 0.08554095625 0.3923425578125 0.06948006875 0.3894304875 0.016321503125 0.3925895953125 0.014458759375 0.39715999375 0.0643611875 0.441801125 0.1374349 0.43679943125 0.1386853140625 0.43404490781250005
5 0.3920970015625 0.4273113875 0.3939855 0.423618215625 0.38989367812500003 0.397608478125 0.385118040625 0.3936522765625 0.2954741296875 0.4010666859375 0.2928960390625 0.4039440484375 0.29374015625 0.4100232265625 0.30365199375 0.43021682187500004 0.311108740625 0.4348045734375 0.3920970015625 0.4273113875
10 0.262222275 0.47011401406250003 0.2204004671875 0.473983446875 0.214116871875 0.4640094875 0.21250589843749998 0.454482821875 0.20515217031250002 0.45340397968749996 0.1992291359375 0.45571121249999996 0.19624475 0.467422271875 0.1845532046875 0.47730010156249997 0.16931068124999998 0.47958998125 0.162517771875 0.47494080937499994 0.14076563749999998 0.482231021875 0.10496988437500002 0.48730213281249996 0.0954301515625 0.525128415625 0.0863539984375 0.5787448000000001 0.08189318281249999 0.6081846765625001 0.08209921875000001 0.6152025 0.0841164875 0.61589546875 0.25273139218749996 0.6002949015625 0.2649548921875 0.4725000203125 0.262222275 0.47011401406250003
10 0 0.7080460890625 0.20166469843749998 0.6973788109375 0.20546744687500001 0.6908696984375 0.2162717984375 0.605427434375 0.20690080156250001 0.6036556234375 0.0903714421875 0.6135575281250001 0.0851351125 0.6052458953125 0.0915044046875 0.5501207328125 0.0872895875 0.5425941984375 0.0269615703125 0.5464166374999999 0 0.5455461421875001 0 0.7080460890625
1 0.412752796875 0.223969425 0.3626758625 0.196057040625 0.3498169375 0.234190421875 0.3527040796875 0.24183979375 0.3905743859375 0.26208545 0.3972127671875 0.2614712546875 0.412752796875 0.223969425
1 0.46383415 0.2860936953125 0.450897965625 0.3215953921875 0.45240592187499995 0.3276131484375 0.4812085078125 0.3337443859375 0.496774290625 0.2971197828125 0.46383415 0.2860936953125
1 0.36164036875 0.342168221875 0.35587185625 0.349738821875 0.3525069328125 0.3711608078125 0.393387378125 0.3805726328125 0.3998397046875 0.3509484984375 0.36164036875 0.342168221875
1 0.47669618593749996 0.3614298078125 0.440004803125 0.3586672875 0.43518342812500005 0.3758259734375 0.43684591250000004 0.3871070953125 0.47077892343750005 0.38660638125 0.47514249375000006 0.3765269375 0.47669618593749996 0.3614298078125
12 0.4495849484375 0.48092641093750005 0.44852325000000004 0.422090725 0.44571337031249997 0.41707303749999997 0.4383081328125 0.4142397390625 0.43041933749999994 0.4176084578125 0.427918509375 0.423117503125 0.42969555625 0.48364622500000004 0.43610792343749993 0.498006321875 0.4434358984375 0.498207934375 0.4495849484375 0.48092641093750005
4 0.645140146875 0.680097121875 0.6551492296875 0.680930284375 0.66035691875 0.676930015625 0.6611695078125 0.6592626187499999 0.65892045 0.6506746 0.6520502796875001 0.64339374375 0.6592179546875 0.6154626453125001 0.6643483812500001 0.60883069375 0.6787982953125 0.6022160953125 0.6851533812499999 0.5919523921875001 0.7002928875000001 0.58615360625 0.70348330625 0.58146036875 0.699829309375 0.5703635046875 0.683917175 0.5498454578125 0.6809527703125 0.5395643999999999 0.6700995703125 0.5326520625 0.6597614562499999 0.5432842828125 0.6612951671875 0.5501792671875 0.667959303125 0.5504423 0.67832894375 0.5635566515625 0.6752157875 0.570881571875 0.6664828734375 0.568171115625 0.6613782015624999 0.5756802921874999 0.6481271921875 0.5777859140625 0.6227525890625001 0.5977258328125 0.6278887875 0.6139632265625 0.62735949375 0.641280128125 0.6309619828125 0.6506225375 0.6405390140625 0.6594121687500001 0.645140146875 0.680097121875
10 0.8901879156250001 0.6152035296875 0.837158121875 0.6227487765624999 0.8382597828125 0.63760023125 0.8441370828125001 0.6564078875 0.9018652515625 0.6501871593749999 0.8901879156250001 0.6152035296875
10 0.9363706421875 0.6198651984375 0.9156970640625 0.62251909375 0.9153422796875 0.6331072453125001 0.9226502703125 0.6553009765625 0.9325734984375 0.6540768015625 0.9363706421875 0.6198651984375
10 0.7388643328125 0.652953759375 0.7075866734375 0.6532087953125 0.711704246875 0.6800957609375 0.7508449484375 0.675594778125 0.7453996968750001 0.6488306515625 0.7388643328125 0.652953759375
0 0.59577855625 0.6538777734375001 0.5955982765625001 0.6477371765625 0.5934522359375001 0.6426580703125 0.5722094156249999 0.6446234953125 0.56702748125 0.6495009921875 0.5685354375 0.6555187453125 0.574638753125 0.6593521109375 0.5925366296875 0.65681655625 0.59577855625 0.6538777734375001
0 0.7405667765625 0.62025065 0.7364807296875 0.6171102562499999 0.723867803125 0.618277228125 0.69808113125 0.6241815015625 0.6962441421875 0.6296291265625 0.6997693671875 0.636339853125 0.732961278125 0.633268875 0.7400832171875 0.6264526640625 0.7405667765625 0.62025065