4 0.9213086765625 0.5761222109374999 0.93179328125 0.577911828125 0.9373949640625 0.5754882890624999 0.9392580125000001 0.5681456593750001 0.9455516312500001 0.5642630375000001 0.9653497328125 0.573725821875 0.9817024171875 0.5657020515625 0.9848295531250001 0.556547375 0.9620652062499999 0.5251735671875 0.9393544875 0.483444528125 0.9226298906249999 0.4751822984375 0.8944640984375001 0.4295930671875 0.8695434875 0.41812935625 0.8540168171875001 0.3988059625 0.8409110609375 0.39656894062500003 0.8145654703125 0.41798297343749996 0.8198471218750001 0.433304515625 0.8175317171875 0.43989399687499997 0.8219354734375001 0.44853162031249993 0.8266843250000001 0.4786328609375 0.8551433312500001 0.5116546296875 0.86690455625 0.531236546875 0.866398571875 0.540838628125 0.8642297749999999 0.5411443765625 0.8657996109375 0.5463692109375 0.8781597984375 0.56042055 0.895390378125 0.5590806984375 0.9132592687500001 0.5666369953125 0.9213086765625 0.5761222109374999
4 0.49746386249999996 0.9253362546874999 0.4990873265625 0.9202058578125 0.49299394375 0.9074495140625001 0.4939790984375 0.893422965625 0.4905336828125 0.8759364109375 0.4836821984375 0.8553900343749999 0.44645502812500004 0.819519753125 0.4424499984375 0.8219905109375001 0.451536440625 0.8514802593749999 0.45012574687500007 0.8595760390624999 0.4462405078125 0.8609406828124999 0.44802311250000004 0.8691309015625001 0.46066223281249996 0.8953967421875 0.4608213734375 0.90871735625 0.46887078281249994 0.9182025703125 0.48107182968749995 0.91893329375 0.49288668593749996 0.9281599796875 0.49746386249999996 0.9253362546874999
10 0.130041278125 0.7535694703125 0.12019498437500001 0.7606760046875001 0.11088650156249999 0.7608445781250001 0.230317534375 0.9596919640625 0.3123723359375 0.918752675 0.4305404140625 0.8530786375 0.43035446093749996 0.8449356390625 0.41125004687500005 0.7896274562500001 0.3829787453125 0.720362375 0.24063387343749998 0.8071446999999999 0.2322250859375 0.8009778359374999 0.2194000109375 0.766568996875 0.21562203124999998 0.747223175 0.209289065625 0.736679065625 0.20519105624999998 0.735078321875 0.130041278125 0.7535694703125
10 0.3795458625 0.7224801703125 0.42179178124999994 0.6922892140625 0.425131684375 0.6860999171875 0.4252782921875 0.679816184375 0.4124532171875 0.645407346875 0.3798711375 0.5715761406250001 0.3599943390625 0.5332598921875 0.350986590625 0.5326236093750001 0.3327976734375 0.5428123921875 0.2510467796875 0.60253559375 0.1950961390625 0.636020109375 0.1918760265625 0.6411032859375 0.19303285625 0.66000170625 0.21994534375 0.7713936484375 0.2284596390625 0.8012363625000001 0.233222775 0.8065556375 0.2448516734375 0.807639325 0.2544583859375 0.8027450249999999 0.3795458625 0.7224801703125
5 0.1657895515625 0.502364178125 0.11324498281249999 0.538908515625 0.106286240625 0.5390726031249999 0.040609098437500005 0.5785575359374999 0.036484275 0.5821344109375 0.0390786125 0.5877594328125 0.12082600624999999 0.6168088593750001 0.1977333234375 0.5672992328124999 0.1657895515625 0.502364178125
5 0.4746919375 0.4108906015625 0.48008084687499997 0.4055016765625 0.4806798109375 0.39997109375 0.4603238421875 0.3660793109375 0.44905432031250003 0.3616772734375 0.350618178125 0.42756497812500005 0.35092392499999997 0.43460186093750003 0.3551149125 0.440274103125 0.382815815625 0.46550583437500004 0.3876057640625 0.46564749375 0.4746919375 0.4108906015625
1 0.384304915625 0.155954965625 0.3819519125 0.10373139687499999 0.3793575765625 0.098106375 0.304129103125 0.087744059375 0.3012683671875 0.0895088875 0.31197652656249997 0.15825455156249998 0.31321379843749997 0.1616201234375 0.3193608109375 0.16402123125 0.3766006 0.16793336718750002 0.38163013437500004 0.16586279375 0.384304915625 0.155954965625
1 0.5289348765625 0.15653340625 0.52543583125 0.149402084375 0.48537299375 0.15450533125000002 0.47965152031249997 0.1580349875 0.486075715625 0.2170369125 0.49059926249999997 0.22456841875000003 0.5243953 0.21817017968750002 0.5312610656250001 0.2139345921875 0.5289348765625 0.15653340625
1 0.43217233281249995 0.2957081125 0.39208267812500003 0.3059889734375 0.3906719828125 0.314084753125 0.3968976921875 0.3453393296875 0.4032574734375 0.3507058265625 0.4537387578125 0.338143084375 0.44551767499999995 0.295732903125 0.43217233281249995 0.2957081125
1 0.5516152828124999 0.2922126921875 0.5479570984375 0.2717607546875 0.543340571875 0.2601577453125 0.5354771171875 0.2588155328125 0.496478128125 0.2787456953125 0.5013467703125001 0.30774081875000003 0.508371678125 0.3168258484375 0.513161628125 0.31696750625000003 0.5501116109375 0.2962369734375 0.5516152828124999 0.2922126921875
12 0.583501928125 0.4562756109375 0.5922039265625 0.449875009375 0.585259465625 0.42525713125 0.5709039015624999 0.400050190625 0.5424717109375 0.36185080625 0.535300196875 0.3590495109375 0.5223803953124999 0.3649554890625 0.52015796875 0.3756164671875 0.5483237609375 0.421205696875 0.5607769265625 0.43932853749999995 0.57940391875 0.4546748703125 0.583501928125 0.4562756109375