4 0.41547559375 0.5578451046875 0.41871381718749995 0.5545646640624999 0.4262952359375 0.53769321875 0.421266728125 0.5290943 0.40991430156249997 0.5195863140625 0.404314496875 0.503125253125 0.40229587499999997 0.47853451874999997 0.39216244218749996 0.47304375 0.37753328750000004 0.4886139328125 0.37338051875 0.5048256546875 0.3560844328125 0.5315384171875001 0.35547463281249997 0.5454740046875 0.36259848125 0.5510123921875001 0.38736076875 0.5568771734375 0.399932490625 0.5544581796875 0.41547559375 0.5578451046875
8 0.528507678125 0 0.39354087187500003 0.102874565625 0.3762068796875 0.1194966703125 0.35293013125 0.12450694375 0.1886577796875 0.2528432203125 0.1507136703125 0.2792772109375 0.12065542968750001 0.30578825468750004 0.1177980703125 0.314310121875 0.12252183125 0.32190473750000004 0.1329600125 0.328399809375 0.1379503140625 0.34285226562500004 0.149874034375 0.36022239375 0.1798549609375 0.39325100156250004 0.2152831625 0.4502106171875 0.2283121609375 0.441325984375 0.3371544890625 0.3316273609375 0.3729274484375 0.288072584375 0.3885469625 0.2797524359375 0.45060655625 0.2151955703125 0.4565878203125 0.20500967499999997 0.4421114890625 0.1971657171875 0.44306454375 0.1624367078125 0.4521697109375 0.15058678125 0.50283806875 0.11426385312500001 0.5191817015625 0.09039171093750001 0.536820440625 0.074773909375 0.5475257640625 0.056238434375 0.5626437578125 0 0.528507678125 0
8 0.21055910312499998 0.4585601953125 0.20274934375 0.4627202671875 0.14800433125 0.5194920421875 0.1244604390625 0.549532865625 0.088040075 0.580988375 0.049067096875 0.6219700593749999 0.033104628125 0.6351394375 0.0165708640625 0.6404466703125 0.0147802765625 0.64451150625 0.026970840625 0.6527952781249999 0.0347423921875 0.6544887390625 0.063390603125 0.6532281531249999 0.10777235 0.6579752062499999 0.1236584078125 0.6565129 0.19066919531249998 0.6600946046875 0.20571711874999998 0.6598565078124999 0.2149745109375 0.65648083125 0.268957803125 0.5892261999999999 0.2726536 0.5635359265625 0.2659870265625 0.5515318953125 0.271130153125 0.5425702125 0.269263753125 0.526453728125 0.2207686453125 0.46828808750000006 0.21055910312499998 0.4585601953125
8 0.5965603921875 0 0.5987278093749999 0.0017427953125 0.599413421875 0.007988526562499999 0.588555571875 0.0339939484375 0.6007840390625 0.0523683796875 0.60771745625 0.055286053125 0.616784415625 0.0492896640625 0.6357949781250001 0.014274937500000001 0.6398574859374999 0 0.5965603921875 0
10 0.5061135953125 0.15296246093750002 0.45750206718750003 0.2080225859375 0.4547590265625 0.21492804375 0.5414647859375 0.25351753125 0.6052009484374999 0.170568046875 0.5973532859375 0.1646374609375 0.5250095375 0.13550833906249998 0.5061135953125 0.15296246093750002
10 0.5898500796875 0.074136675 0.5934691609375 0.0760976640625 0.6358316828125 0.088142371875 0.6573939546875 0.0914340578125 0.6663465937499999 0.0870540765625 0.6779658656249999 0.0874757078125 0.682880359375 0.081746840625 0.673889809375 0.0760361640625 0.594460121875 0.0514593125 0.5864978390625 0.0630893328125 0.5898500796875 0.074136675
10 0.4834803484375 0.3773465203125 0.45326958125 0.41132750937500007 0.44831688437499995 0.42290990624999997 0.4766600484375 0.4365892109375 0.510375878125 0.3902414296875 0.49288996406249996 0.3824450921875 0.486909 0.3766867953125 0.4834803484375 0.3773465203125
10 0.6152949734375001 0.2456891265625 0.604132975 0.2388018546875 0.5820755234375 0.2318851515625 0.5742275593749999 0.241898759375 0.5746084203125 0.24714018750000002 0.560588765625 0.26471897968749997 0.5899604921875 0.27979478593749996 0.609199390625 0.257491434375 0.6152949734375001 0.2456891265625
5 0.4561690546875 0.1896775859375 0.4977704515625 0.1593510484375 0.5027231484375 0.14776865156250002 0.5051999484375 0.1180611609375 0.5007427328125 0.11732438281249999 0.445998015625 0.1581519640625 0.44378836093749996 0.1628289046875 0.44500675625 0.19873450937499998 0.44717820625 0.199911103125 0.4561690546875 0.1896775859375
5 0.5794131 0.0038648281249999998 0.565469553125 0.0256807421875 0.5540780203125 0.069858875 0.5615066171875001 0.076401565625 0.5693924859374999 0.076478615625 0.5726307078125 0.073198178125 0.5697354406249999 0.0716293859375 0.570116603125 0.0609266203125 0.584708153125 0.019321584375 0.5861560859375 0.0041617875 0.582956071875 0.0015886921875000002 0.5794131 0.0038648281249999998
10 0.6740405328125 0.1642313828125 0.64600211875 0.15155638124999998 0.6287060343750001 0.178269146875 0.6564396984374999 0.18993984375 0.6740405328125 0.1642313828125
12 0.30885043125 0.2642619421875 0.308697909375 0.27173188593750003 0.3143359140625 0.2823394125 0.3306407390625 0.29620919375 0.34999335625 0.30417781875 0.3777273203125 0.299904321875 0.37677516875 0.28680075 0.36389899375 0.27227124687500004 0.3279747125 0.25951919375 0.31749832499999997 0.25887765625000003 0.30885043125 0.2642619421875