4 0.73 0.4125 0.708125 0.4308333328125 0.709375 0.44333333281250004 0.723125 0.4408333328125 0.73375 0.44666666718750003 0.739375 0.45416666718750004 0.745 0.5191666671874999 0.7462500000000001 0.5733333328125 0.7418750000000001 0.6849999999999999 0.733125 0.7016666671875 0.733125 0.7091666671875 0.7424999999999999 0.7183333328125 0.7424999999999999 0.7241666671875 0.7375 0.7366666671875 0.7212500000000001 0.7466666671875 0.711875 0.7583333328124999 0.7212500000000001 0.7716666671875 0.7375 0.775 0.75 0.7725 0.77125 0.7558333328125 0.785625 0.7191666671875 0.7887500000000001 0.7016666671875 0.790625 0.6258333328125001 0.7931250000000001 0.6066666671875 0.8087500000000001 0.5508333328125 0.8275 0.5 0.834375 0.4483333328125 0.84375 0.41916666718749995 0.84375 0.4016666671875 0.8393750000000001 0.3383333328125 0.8306250000000001 0.3125 0.825 0.3025 0.8074999999999999 0.29 0.7887500000000001 0.2816666671875 0.780625 0.2658333328125 0.7775000000000001 0.2533333328125 0.770625 0.24333333281249997 0.7581249999999999 0.23500000000000001 0.740625 0.2391666671875 0.7212500000000001 0.2633333328125 0.71875 0.2766666671875 0.7212500000000001 0.2916666671875 0.735 0.315 0.7575000000000001 0.3233333328125 0.76 0.3275 0.7575000000000001 0.34249999999999997 0.743125 0.36833333281249997 0.734375 0.3908333328125 0.73 0.4125
0 0.743125 0.4483333328125 0.7306250000000001 0.44166666718750003 0.7306250000000001 0.43499999999999994 0.73625 0.4266666671875 0.735625 0.4183333328125 0.72375 0.4183333328125 0.70875 0.4258333328125 0.7056250000000001 0.43166666718749996 0.705 0.44166666718750003 0.6775 0.4658333328125 0.67 0.5108333328125 0.6693749999999999 0.5316666671875 0.681875 0.5391666671875 0.69625 0.54 0.7212500000000001 0.5349999999999999 0.743125 0.5208333328125 0.7474999999999999 0.5075000000000001 0.74875 0.465 0.743125 0.4483333328125
10 0.6775 0.4141666671875 0.675 0.40499999999999997 0.670625 0.4025 0.658125 0.40083333281250005 0.6475 0.4091666671875 0.60375 0.41 0.59875 0.41333333281250006 0.593125 0.4291666671875 0.593125 0.48166666718749995 0.595625 0.4875 0.603125 0.4916666671875 0.6375 0.4916666671875 0.6643749999999999 0.48666666718749996 0.673125 0.4766666671875 0.67875 0.4566666671875 0.6775 0.4141666671875
10 0.923125 0.3958333328125 0.9199999999999999 0.3916666671875 0.913125 0.39 0.885 0.39 0.875625 0.39416666718750004 0.8699999999999999 0.40416666718750005 0.865625 0.4533333328125 0.869375 0.46166666718749994 0.875625 0.4625 0.88375 0.45416666718750004 0.9081250000000001 0.4483333328125 0.915 0.44166666718750003 0.920625 0.4225 0.923125 0.3958333328125
10 0.63375 0.3883333328125 0.62625 0.3808333328125 0.5862499999999999 0.3783333328125 0.58125 0.3808333328125 0.576875 0.39 0.57875 0.4258333328125 0.595625 0.4483333328125 0.600625 0.445 0.6018749999999999 0.4308333328125 0.604375 0.42833333281249997 0.62625 0.42000000000000004 0.63625 0.40833333281249995 0.63375 0.3883333328125
10 0.48250000000000004 0.40083333281250005 0.48624999999999996 0.4341666671875 0.51875 0.43666666718749997 0.5325 0.43333333281249997 0.535625 0.42833333281249997 0.53625 0.385 0.48375 0.3875 0.48250000000000004 0.40083333281250005
0 0.526875 0.5458333328125 0.52 0.525 0.510625 0.5141666671875 0.46624999999999994 0.5116666671875 0.45187499999999997 0.5141666671875 0.4375 0.5241666671874999 0.42874999999999996 0.5466666671875 0.40499999999999997 0.5483333328125 0.3975 0.5566666671875 0.398125 0.5725 0.406875 0.5791666671875 0.428125 0.5825 0.43624999999999997 0.5791666671875 0.47000000000000003 0.58 0.51875 0.5708333328124999 0.526875 0.5599999999999999 0.526875 0.5458333328125
8 0.36375 0.7066666671874999 0.36375 0.6908333328125 0.359375 0.6766666671875 0.36375 0.67 0.37625000000000003 0.67 0.390625 0.645 0.495625 0.6216666671875 0.500625 0.6158333328125 0.534375 0.6116666671875 0.536875 0.6083333328125 0.5375 0.5866666671874999 0.5696875 0.5716666671875 0.576875 0.5725 0.678125 0.5525 0.6950000000000001 0.5525 0.6950000000000001 0.5366666671875 0.68625 0.5391666671875 0.6743750000000001 0.5333333328125 0.666875 0.5333333328125 0.659375 0.5258333328125 0.65125 0.5258333328125 0.624375 0.5275000000000001 0.6212500000000001 0.5316666671875 0.6131249999999999 0.5333333328125 0.559375 0.5383333328125001 0.5425 0.5216666671875 0.534375 0.5075000000000001 0.438125 0.5125 0.395625 0.5191666671874999 0.359375 0.5283333328125 0.33999999999999997 0.5425 0.33625 0.55 0.32625000000000004 0.6066666671875 0.32625000000000004 0.6383333328125 0.34187500000000004 0.78 0.348125 0.8291666671875 0.35 0.8333333328125001 0.354375 0.8341666671875 0.359375 0.8266666671875 0.36 0.7608333328125 0.36375 0.7066666671874999
8 0.193125 0.6966666671875 0.2 0.7166666671875 0.20750000000000002 0.7533333328125 0.21375000000000002 0.755 0.21749999999999997 0.7525000000000001 0.216875 0.7433333328125 0.196875 0.655 0.196875 0.6491666671874999 0.205625 0.645 0.21000000000000002 0.6391666671875 0.199375 0.5916666671875 0.21812499999999999 0.5866666671874999 0.22937500000000002 0.5758333328125 0.24562499999999998 0.5691666671875 0.306875 0.5675 0.31875 0.5633333328125001 0.3325 0.5633333328125001 0.34375 0.5291666671875 0.35 0.4691666671875 0.346875 0.4658333328125 0.32937500000000003 0.4658333328125 0.25375000000000003 0.47583333281250006 0.23562500000000003 0.495 0.23500000000000001 0.5016666671875 0.22374999999999998 0.5083333328124999 0.166875 0.5658333328125 0.16125 0.5650000000000001 0.13874999999999998 0.5783333328125 0.134375 0.5825 0.135 0.585 0.168125 0.585 0.17250000000000001 0.5916666671875 0.179375 0.6216666671875 0.18 0.6383333328125 0.185 0.6466666671875 0.193125 0.6966666671875
10 0.701875 0.37 0.691875 0.3758333328125 0.689375 0.3883333328125 0.688125 0.40499999999999997 0.6900000000000001 0.4125 0.709375 0.4291666671875 0.71375 0.4183333328125 0.73375 0.40499999999999997 0.740625 0.3775 0.73375 0.37 0.701875 0.37
12 0.20874437499999998 0.5166116671875 0.21741187499999998 0.55742 0.23359125 0.55126 0.226079375 0.5089125 0.21683375 0.49582249999999994 0.20946625000000002 0.49905999999999995 0.20874437499999998 0.5166116671875
1 0.358404375 0.55511 0.37400625 0.55434 0.37747312499999996 0.5420208328125 0.36187125 0.5412508328125 0.358404375 0.55511