4 0 0.576683378125 0.0404240859375 0.604280546875 0.0475892796875 0.603916284375 0.058003971875000004 0.587109303125 0.060705476562500006 0.5800717109375 0.046903275 0.55901105 0.04801905 0.5525848625 0.04586553125 0.5502173296875 0 0.5384247328125 0 0.576683378125
4 0.0943977359375 0.588266925 0.08678180156250001 0.5628223875 0.0574757828125 0.608898490625 0.07887353281250001 0.6106415484375 0.0909915890625 0.6027713796875 0.0943977359375 0.588266925
8 0 0.496893065625 0.102989678125 0.45584067812500007 0.195431990625 0.4261940390625 0.2143041046875 0.41691893281250003 0.217064428125 0.41465544843749996 0.2188848453125 0.4007623984375 0.2038300140625 0.396573725 0.19271010156249999 0.3884694890625 0.170293825 0.3579386953125 0.133546575 0.2957583453125 0.069019053125 0.2095124296875 0.042687075000000005 0.16290318125 0.031860710937499995 0.1487820265625 0 0.261156609375 0 0.496893065625
8 0.47803267656250004 0.7545397781250001 0.5039919484375 0.7601203171875001 0.509375746875 0.7660391515625 0.5033269109375 0.79235530625 0.503092225 0.805636953125 0.50914164375 0.8116988796875001 0.54302956875 0.8142223984375001 0.5456722609375 0.8024106984375001 0.5369009499999999 0.758624221875 0.5377424421875 0.7407115578125001 0.510350590625 0.54341220625 0.49431566875 0.4704477625 0.47771237656250004 0.3621263 0.47170197500000005 0.3484544203125 0.4615609890625 0.3443697984375 0.44339351406249994 0.3461780421875 0.41310798593750003 0.355856453125 0.3926891609375 0.35813300937500003 0.3575486078125 0.3724814796875 0.3339583203125 0.37598084374999996 0.3081754984375 0.384722628125 0.229143465625 0.414395234375 0.20592529843750002 0.42654522968749997 0.20496617343749998 0.4349096796875 0.23149381875000002 0.47584723437500004 0.3890343578125 0.6973158484375 0.399331996875 0.7033387296875 0.41839977968750003 0.68839193125 0.43615611562499995 0.6855430109375 0.44813731875 0.68811864375 0.45808322031250004 0.7302530390624999 0.46689296406249997 0.7340514796875001 0.47803267656250004 0.7545397781250001
12 0.3985464078125 0.56413510625 0.3938480359375 0.5707434250000001 0.37574054375 0.6420819375 0.3786185046875 0.6493666671875 0.37730705625 0.661464546875 0.38478555625 0.6649768078125 0.389542746875 0.663142596875 0.3979605703125 0.64590634375 0.41724265312500003 0.572915753125 0.417027184375 0.566203384375 0.40913754999999996 0.5616504499999999 0.3985464078125 0.56413510625
10 0.4383108 0.7526667046875 0.41434781093749995 0.7151373578125 0.406556009375 0.7077485765625 0.40097654531250004 0.7075014359375 0.397480484375 0.7297953609375 0.3709670515625 0.8258005624999999 0.4156423703125 0.8525458125 0.43782162812500003 0.7668459390625 0.4383108 0.7526667046875
10 0.151723378125 0.8119993765625001 0.1580662984375 0.8095537625 0.1716914671875 0.78391401875 0.1776424671875 0.7604337109375 0.16415356718750002 0.7432495718750001 0.17110329375 0.7361729390625 0.172160253125 0.7249726437499999 0.1582800171875 0.719131890625 0.1559308296875 0.7224360515625 0.1422462625 0.7109236046875 0.1260366390625 0.720771075 0.0966135671875 0.78967704375 0.0989237375 0.793982840625 0.11454635625000001 0.8011504484374999 0.151723378125 0.8119993765625001
10 0.44271742031250005 0.8517001640625 0.444420784375 0.860636975 0.4419935640625 0.8791610437499999 0.44972654843750004 0.8817757171875 0.463743634375 0.87717066875 0.47574347031249997 0.82737420625 0.47773975625 0.7954253984374999 0.47593855781250005 0.7893244328125 0.4679510890625 0.7876073453125 0.44931424375000006 0.815978884375 0.44271742031250005 0.8517001640625
10 0.307184934375 0.8216120703125 0.30005875625 0.814366378125 0.284749440625 0.811075290625 0.27734956093749996 0.8247212015625 0.2689515375 0.8543415171875001 0.2863165359375 0.8628359828125 0.2963987078125 0.8621464968750001 0.306636946875 0.8310171937499999 0.307184934375 0.8216120703125
10 0.4962217 0.8622498390625 0.49324590468749996 0.85780095 0.495379625 0.8477844234375 0.48690240156250003 0.8278684875 0.483163153125 0.8261123578125 0.47973720625 0.82823275 0.47795580624999995 0.834515846875 0.47721215156249996 0.8495926656250001 0.48059908125 0.8550822265625 0.4763712421875 0.899883409375 0.48774564062500003 0.9070900609375 0.49183721093750005 0.9051127578125 0.4962217 0.8622498390625
10 0.3351224421875 0.879993978125 0.3515085171875 0.884468828125 0.355795753125 0.8768198343750001 0.3634303203125 0.849892275 0.36137463593749997 0.8446888953125 0.34647645625 0.8424384843749999 0.3397422 0.8562274859375 0.3351224421875 0.879993978125