8 0.6120984703125 0.6987191312500001 0.600591603125 0.7023496859375 0.5928437359375 0.6990935921875 0.5758621421875 0.688194115625 0.5719529109375 0.6733812875 0.55395419375 0.66111365 0.518345871875 0.644267584375 0.5047694609375 0.631977028125 0.4112290734375 0.5879624765625 0.41037120937499993 0.5772541375 0.4275740484375 0.5675509609375 0.42700802187500003 0.5626095328125 0.2754206375 0.4829118 0.22431659062499998 0.45955354687499994 0.11082244999999999 0.46453662968750004 0.10060689375000001 0.468709865625 0.11455477031250001 0.4820972421875 0.2783123265625 0.565028153125 0.8747204984374999 0.8871668406250001 0.8911360687500001 0.8931248875 0.89831790625 0.8914395515625 0.9220478921874999 0.9108193484375 0.9465417234375 0.9234691421875001 0.9654882109375 0.8664281328125 0.948794365625 0.8524471671875 0.844375115625 0.8057421187499999 0.8410319109375 0.79587071875 0.8286495328125 0.7822005453124999 0.7993032062500001 0.7642232828125 0.7864520828125 0.7475339828124999 0.7224172796875 0.712156515625 0.6321228156250001 0.6760910578125 0.6269752234375 0.680512721875 0.62350805625 0.6931662765625 0.612823753125 0.6943203859375 0.6120984703125 0.6987191312500001
10 0.49000805312500006 0.5900264468749999 0.520902228125 0.6011285156249999 0.5233875703125 0.6002915796875 0.551920784375 0.5210339453125 0.44491891250000004 0.4732435296875 0.44004550781249996 0.4768397125 0.4167395171875 0.5470055968749999 0.41951669843749995 0.55193556875 0.49000805312500006 0.5900264468749999
10 1 0.7424675781250001 0.9674395765625 0.7276427703125 0.9602753843749999 0.73592049375 0.9259136265624999 0.8061436687500001 0.9297079281249999 0.8124418015625 0.9424441265624999 0.8206164093750001 0.9755507328125 0.8361335249999999 1 0.7625256484375 1 0.7424675781250001
10 0.6617527812499999 0.5935315015625 0.633944853125 0.6683903875 0.635156534375 0.6736031578125 0.6432758656249999 0.6779560734375 0.673878203125 0.6832912375 0.7278214125 0.7003169812500001 0.734260315625 0.696438003125 0.7420172125 0.6686544484375 0.743556446875 0.62414721875 0.7392933968750001 0.614829959375 0.6686427828125 0.58607925625 0.665511784375 0.5866448546874999 0.6617527812499999 0.5935315015625
10 1 0.6827646359374999 0.95630459375 0.66369845625 0.948866215625 0.6728016625000001 0.93926963125 0.7016934984375001 0.941869903125 0.7093712515624999 0.992876671875 0.730807203125 1 0.7257040046875 1 0.6827646359374999
10 0.75696498125 0.608145909375 0.7619709625 0.6196568124999999 0.7708332296875 0.626203371875 0.8098467359375 0.641658359375 0.8269169937499999 0.6168481 0.82909285 0.6036518609375 0.8263156703125001 0.598721890625 0.8103511984375 0.589190578125 0.7696749125 0.5720960859375 0.7669153828125 0.5737585046875 0.75696498125 0.608145909375
10 0.5459773078125 0.503484790625 0.58213400625 0.51867989375 0.5848935359375 0.5170174734375 0.5924735250000001 0.4919817046875 0.5777030812499999 0.48107076875 0.5474545609375 0.4702400390625 0.5435009984375 0.4732820796875 0.5360006421875 0.4936477640625 0.5459773078125 0.503484790625
5 0.8664070265625 0.8102976296875 0.8744467265625 0.8193206312499999 0.94509734375 0.8480713359375001 0.9556047375000001 0.8496650109375 0.9552156203125 0.841975796875 0.9462384281249999 0.8269145437500001 0.9321136421875 0.81627495 0.8776044078125 0.7943077749999999 0.868211415625 0.79600456875 0.8664070265625 0.8102976296875
5 0.49727813750000005 0.6213030640625 0.50156786875 0.6061730640625 0.425185984375 0.5703102046875 0.41671283593749997 0.57145285625 0.4085491734375 0.5849548078125 0.49332457500000004 0.6243451046875 0.49727813750000005 0.6213030640625
5 0.58896980625 0.6974655453125 0.6180419421875001 0.7162682859375 0.62134985 0.71295490625 0.6236053359375 0.695088578125 0.6253567765625 0.6610183468749999 0.6120545546875 0.6479023125000001 0.6028384703125 0.6468513203125 0.5977085265625 0.6578653703125 0.58896980625 0.6974655453125
8 0.23716813281250002 0.40757115937500005 0.1445562046875 0.40063450468750006 0.14087682968749998 0.402851065625 0.14171704375 0.4069670125 0.161555446875 0.418126371875 0.167481275 0.42908313593749997 0.18622292499999998 0.44354441875 0.2374066046875 0.462232584375 0.268460040625 0.46399448281250005 0.28217806093750003 0.460352471875 0.31976767968750003 0.4601576921875 0.331548734375 0.45570165781250005 0.3351131796875 0.44497040625000006 0.332512909375 0.43729264843750004 0.3239248328125 0.429920609375 0.2958874671875 0.41907841875 0.272758803125 0.4178248328125 0.23716813281250002 0.40757115937500005