8 1 0.56589888125 0.9904590000000001 0.567586109375 0.9835153562500001 0.560535259375 0.965446678125 0.5624190296875 0.9268156921875 0.5555618734375 0.8579603515625 0.580115390625 0.7894036 0.6093702453125001 0.7842739843750001 0.62474470625 0.7460828359375 0.667769234375 0.7286862671875001 0.6597799656250001 0.7239601390625 0.6528697609375 0.70745934375 0.65898450625 0.70680221875 0.6650024046875 0.718785565625 0.679809653125 0.73302389375 0.6851196921875 0.7336060890625 0.6983775125 0.7439915828125 0.7166640765625 0.7382572921875 0.7245634328125 0.692256696875 0.7387228078125 0.6903377749999999 0.7432835 0.6928388953125 0.751980628125 0.714296975 0.774825571875 0.7323731484375 0.771014228125 1 0.648656084375 1 0.56589888125
8 0.20604406874999998 0.8563441203125001 0.14665875781249998 0.8801575843749999 0.1739960484375 0.9539279578125001 0.2069698125 0.8627378468750001 0.20604406874999998 0.8563441203125001
8 0.37430655625 0.854621675 0.363868615625 0.8498281125 0.3579031640625 0.8356779875000001 0.35545449218749997 0.8134878546875 0.36405593125 0.8016388187500001 0.3900839078125 0.7900687625 0.4040611046875 0.7810396046875 0.40789145781249997 0.77384579375 0.374262715625 0.7843828953124999 0.24223387343749997 0.8390835734375001 0.23269920000000002 0.8464664546874999 0.21537644218750002 0.9010056765625001 0.1836560140625 0.9799956218749999 0.18826282968750002 0.992427228125 0.271808628125 0.987561240625 0.677442553125 0.8000315875 0.683169353125 0.7940598 0.6797200109375 0.7847516625 0.6428367296874999 0.73586375625 0.635878103125 0.732668046875 0.5562187921875 0.7650748093749999 0.5520748625 0.7714224265625 0.55362026875 0.7814361125 0.551372784375 0.789005753125 0.544063115625 0.7946017125 0.40538922343749995 0.846952875 0.37430655625 0.854621675
4 0.251698075 0.523759571875 0.23112827500000002 0.5169462140625 0.21937608593750002 0.5241884484375 0.2168150234375 0.53091189375 0.217397221875 0.544169715625 0.211998984375 0.5471325515625 0.21347695625 0.5744943859375 0.2187777890625 0.5965899828125 0.214230371875 0.6252222656249999 0.217067546875 0.628982871875 0.24499196875 0.6186348421875 0.26550932031249996 0.6389412015625 0.3277046265625 0.6158933156249999 0.3328117625 0.6063015671875001 0.327809521875 0.5889073109375 0.298452084375 0.5603280749999999 0.2703039953125 0.5466990515625 0.251698075 0.523759571875
10 0.2931201671875 0.6277469765625 0.273125071875 0.6361190125 0.3232374 0.786930728125 0.3365424875 0.7877746109375 0.4387204890625 0.749910225 0.50664259375 0.7208905515625 0.5164983390625 0.7124262953125 0.5165507875 0.6989332921875 0.5068448937500001 0.6688461140624999 0.4720453765625 0.572990940625 0.46825248437500006 0.570546890625 0.46033065000000006 0.5705953140625 0.34013384062499996 0.6160993765625 0.2931201671875 0.6277469765625
10 0.7201994453125 0.47910700625 0.6611324140625 0.5125444109374999 0.699612434375 0.6397572109375 0.7055853765625 0.6519797671875 0.7360483828125 0.64069100625 0.7445898796875 0.6442625421875 0.7503016921875 0.6421458999999999 0.7550727765625 0.637490675 0.7560659546874999 0.6265362578125 0.7618152312500001 0.6147817546875001 0.8040828765624999 0.5827577578125 0.810451815625 0.5746232171875 0.8020376921875 0.538282959375 0.779497634375 0.4677190875 0.77129219375 0.4592110296875 0.76653609375 0.46001111093749997 0.7201994453125 0.47910700625
10 0.37339275625 0.5190835375 0.36862167343749996 0.5237387640625 0.3811497546875 0.5614416921875 0.3865105296875 0.568116715625 0.39347665 0.5693848499999999 0.46899952031250003 0.5413981328124999 0.4715680765625 0.5327471171875 0.4649904578125 0.51304945625 0.45365674218749996 0.494151878125 0.4479599140625 0.492413378125 0.37339275625 0.5190835375
10 0.9067565046875 0.335869428125 0.91234094375 0.3665215046875 0.9252350515625001 0.391577625 0.9347247703124999 0.395760175 0.9639109921875001 0.3868693515625 0.989647871875 0.36867038750000003 0.9828016328125001 0.33656110156249996 0.9746411453125001 0.3164876125 0.9714829015625 0.3138083828125 0.9537278 0.3165383484375 0.9067565046875 0.335869428125
10 0.6986151031250001 0.40722657343749996 0.697330825 0.4115520828125 0.7117703390625 0.44662189375 0.7231714874999999 0.44817132343750005 0.780916778125 0.4286972859375 0.7825221250000001 0.42329040156250003 0.7800359890624999 0.41073812812500005 0.770934771875 0.38812605625 0.7665147296875 0.38398961875 0.754792509375 0.3835215640625 0.6986151031250001 0.40722657343749996
5 0.43261268125 0.772383965625 0.365325221875 0.801168453125 0.3557755609375 0.812406478125 0.3616511 0.8496874640625001 0.3638611203125 0.8517556828125 0.3822658546875 0.844935390625 0.513070359375 0.7791396484375 0.5188121453125001 0.76931271875 0.5147356484375 0.7583121890625 0.503708015625 0.7421883796875 0.4980186796875 0.7385223062499999 0.43261268125 0.772383965625
5 0.6539029390625 0.6605454953125001 0.6664684828125 0.688610565625 0.69608705 0.7315289968750001 0.7081303390625 0.7309156734375 0.740176215625 0.7200027437500001 0.742729784375 0.7152068703125 0.7386383015625 0.7080614828125 0.680550575 0.6525954015625001 0.66470690625 0.6526922500000001 0.6539029390625 0.6605454953125001
5 1 0.5192090781250001 0.991900621875 0.52278159375 0.9845684765625 0.534160265625 0.9721816406249999 0.54163768125 0.971210940625 0.5468093859375001 1 0.5563452156250001 1 0.5192090781250001