4 0.4307370046875 0.479747825 0.424433684375 0.4539999078125 0.4130511171875 0.436735684375 0.3870351828125 0.4398370984375 0.37894012187500004 0.44629298281249996 0.35357740937500004 0.450748921875 0.3492765390625 0.46295954687499996 0.35384910625 0.47244122187500004 0.36061026093750004 0.47378380781249996 0.37986504062500004 0.4693398078125 0.3930332796875 0.4818552359375 0.422516790625 0.48383130156250004 0.43000747500000003 0.4824608546875 0.4307370046875 0.479747825
8 0.599619325 0.49399254531250003 0.61238464375 0.509898265625 0.6404244171875 0.5617028765625001 0.6548502578125001 0.5704873890625 0.68290216875 0.5673819953125 0.692831746875 0.5626172765625 0.6916016046875 0.555840671875 0.5206370546875 0.1823124828125 0.5189551484375 0.17248620625 0.4995324375 0.1406628265625 0.4795267390625 0.130872371875 0.43500748749999996 0.0482814515625 0.40491356874999995 0.044941329687499997 0.4038108828125 0.052044921875000004 0.3982830515625 0.1567914359375 0.4006670296875 0.17441220156249998 0.4117718328125 0.1974391265625 0.51561301875 0.39586112500000004 0.5228259375000001 0.40025338125000004 0.5350692578125 0.3897219796875 0.5465067421875001 0.385971165625 0.5501757781250001 0.3893534984375 0.599619325 0.49399254531250003
8 0.6893581015625 0.5849948 0.675231415625 0.5873950703124999 0.6965374921875 0.6273495796875 0.69386968125 0.6429465203125 0.6878105984375 0.649398421875 0.6914521765625 0.663288275 0.6830030453125 0.6795744171875 0.6890072125 0.69413755 0.6813639171875 0.7036431078125001 0.6818645296875 0.71313274375 0.70668703125 0.7646046937500001 0.7310089203125 0.806587009375 0.7638013296875 0.8492306656249999 0.7835292640625 0.864783825 0.8016515984374999 0.8664431499999999 0.8054183296874999 0.882705409375 0.8585216593749999 0.9188693015625 0.8873244921874999 0.9299983609375 0.8861706546875 0.9191542015625 0.8759205328125 0.8957866531249999 0.7176817078125 0.603581709375 0.7045897734375 0.586998728125 0.6893581015625 0.5849948
10 0.6474939765625 0.6460877328125 0.6297471031249999 0.6515456359375 0.5579263125 0.690665346875 0.5633261046875 0.7103139203125 0.6017411515625 0.7878584875 0.6092806828125 0.79292800625 0.6172994375 0.7905396765625 0.6278333921875 0.7806895203125 0.6507846671874999 0.7691203359375 0.6793432609375001 0.7480495734375 0.654957203125 0.6552248078125 0.6474939765625 0.6460877328125
10 0.7005985124999999 1 0.67927331875 0.9507421125000001 0.6719352453125 0.94397745 0.6368932640625 0.957942925 0.628471590625 0.963721546875 0.6261578484375 0.9694882281250001 0.6417466765625 1 0.7005985124999999 1
10 0.7927169140625 1 0.8149741328125 0.9911297078124999 0.7988404265625 0.9620326875 0.7885842359375 0.9661201437500001 0.77048329375 0.981408303125 0.74956799375 0.99297350625 0.743677678125 1 0.7927169140625 1
10 0.57274293125 0.750969571875 0.5688724359374999 0.7492823859375 0.5292792765625001 0.7707136703125 0.5543520859375 0.8269304390625001 0.5605088625 0.8333584625 0.576219759375 0.8279045406250001 0.5914300453125 0.8129609828125 0.5867109375 0.784159415625 0.57274293125 0.750969571875
10 0.4574856515625 0.5732458734375 0.4668383109375 0.563059075 0.46588593281249996 0.5505197671875 0.44241872656250003 0.50819683125 0.43671371406250004 0.504818478125 0.41205307343750003 0.51706890625 0.40888464999999996 0.5231762078125 0.42971150312499995 0.5705885671875001 0.4380294109375 0.5793850171875 0.4574856515625 0.5732458734375
10 0.50465475625 0.392154090625 0.4312283671875 0.417379971875 0.419387965625 0.424521078125 0.4765938890625 0.5494819828125 0.48164567812500003 0.5515058109375001 0.5650779531250001 0.51744765625 0.5671902359375001 0.513376121875 0.5427706515625 0.4585138765625 0.50465475625 0.392154090625
5 0.544144153125 0.3852978828125 0.53112245625 0.39210235 0.5270993515625 0.3985502734375 0.5683776 0.48625775937500004 0.5834078140625001 0.4899568328125 0.5905718859375 0.48790912343750004 0.592559015625 0.48146518125000004 0.5483412609375 0.38766233125 0.544144153125 0.3852978828125
5 0.6942237515625 0.6331162625 0.6995533046875 0.6293773875 0.6762600984375 0.5958668234375 0.6489377171874999 0.596259184375 0.6157577109375 0.601408309375 0.6173144625 0.608862175 0.6348049609374999 0.626114459375 0.6942237515625 0.6331162625
5 0.7783737125 0.877335071875 0.7756082046875 0.8800520828125 0.7805287734374999 0.907158503125 0.798290965625 0.9461030890625001 0.80939576875 0.9691300140625 0.8256042453125 0.986893228125 0.8406011265625001 0.9809164390625 0.8161690640625 0.9155625921875 0.807149084375 0.8989716515625 0.7783737125 0.877335071875
12 0.44997617031250003 0.204821353125 0.41810261249999997 0.21267952499999998 0.4014607265625 0.2225416203125 0.40228795 0.23270852031249997 0.425538378125 0.23232411718749998 0.47023217656250005 0.219356625 0.4704610921875 0.20715395937499997 0.46239349062499996 0.2031023234375 0.44997617031250003 0.204821353125
8 0.348109978125 0.054865415625000004 0.3300165671875 0.06207628281250001 0.3466084328125 0.2524764984375 0.3748496640625 0.3025859640625 0.39023395 0.2964547796875 0.395917575 0.2828856484375 0.40413460625 0.17948968125 0.397678675 0.161876875 0.39851196718750004 0.1445887703125 0.389165378125 0.127320565625 0.386732553125 0.10325983593750002 0.3746967609375 0.0846410875 0.3552954390625 0.069765190625 0.348109978125 0.054865415625000004
0 0.4024590625 0.3682883890625 0.4050994171875 0.36319896875 0.39630835468750003 0.3344053609375 0.3998308484375 0.31846779999999997 0.39023395 0.2964547796875 0.3809087484375 0.29613405937500004 0.3597156875 0.313461965625 0.3590075453125 0.3331224796875 0.3975324265625 0.36863696875 0.4024590625 0.3682883890625