8 0.6633257593749999 0.49104411875 0.6267605609375 0.35811007968749997 0.61536945 0.34650234687500003 0.6146398750000001 0.334828840625 0.60254483125 0.327471996875 0.5922014046874999 0.3148972734375 0.5743723375 0.2778499671875 0.567457221875 0.27137114218749997 0.5567536140625 0.2663312046875 0.522456084375 0.2804957375 0.505064128125 0.283686834375 0.50087339375 0.2875548015625 0.48946585625 0.28676575625 0.47949182500000004 0.2933993265625 0.4646395515625 0.29733306875 0.4622424984375 0.3010888625 0.4461999109375 0.30149115625 0.4381201234375 0.30740528437500003 0.4151459953125 0.3121474421875 0.40521403125 0.323886721875 0.5214585234375 0.5437878734375 0.5386585765625 0.5685544046875 0.54963101875 0.59340990625 0.566831071875 0.618176434375 0.6008125046874999 0.6809572609375001 0.6081719359375 0.690112715625 0.61534666875 0.68966401875 0.6335595406250001 0.6707960734375 0.6740241765625 0.5979506890625 0.6791784578125 0.582904309375 0.6790522515624999 0.5675871828125 0.6633257593749999 0.49104411875
0 0.664910265625 0.23492704999999997 0.6473408171874999 0.190952225 0.634113953125 0.1743509546875 0.6193786640625001 0.1668587375 0.5939654140624999 0.1702509828125 0.5025645015625 0.22374504062499997 0.514458421875 0.2323164234375 0.5548922187499999 0.2454132734375 0.5665265234375 0.2609121765625 0.5658646609375 0.2702687765625 0.5913969125 0.31975543281249996 0.6022431453125 0.3292938078125 0.6141955609374999 0.3321522109375 0.6384184984375 0.325228521875 0.6458528453125 0.31785230468750003 0.6664791953125 0.284409878125 0.6698982890625 0.26376269531249996 0.664910265625 0.23492704999999997
8 0.76544871875 0.49607616875 0.7636129687500001 0.491082634375 0.7608721609375 0.4915545296875 0.756396165625 0.48642562187499994 0.7549626609375 0.47900300468749996 0.75935451875 0.4739204953125 0.7609799296875 0.45338548593750005 0.7548528796875 0.45286719062499997 0.7449044921875 0.47542515625000004 0.7329777234375 0.4884911515625 0.7263478671875 0.4910092046875 0.6879509421875001 0.4816913484375 0.6923263765625001 0.4874275265625 0.7057707890625 0.49199556875 0.709542853125 0.50137536875 0.7034999421875 0.511068490625 0.6919918421875 0.5108867140625 0.67444083125 0.5203980593749999 0.672186409375 0.52865229375 0.679781828125 0.5792606890625 0.6780137875000001 0.595297259375 0.69294299375 0.6391367109375 0.6950804296875 0.6423084359375 0.7011069171875 0.643434003125 0.719294146875 0.6086416609375 0.727918809375 0.6047968921875 0.7352854468750001 0.5763905703125001 0.7637227484375 0.5172184484375 0.76544871875 0.49607616875
8 0.702190628125 0.45465814218749995 0.7197159953125001 0.4292224 0.694218609375 0.42240322499999994 0.6576923 0.46074638749999997 0.655337315625 0.469607890625 0.660786078125 0.490301475 0.6646166359375 0.493968296875 0.6703578640625001 0.48609698593750006 0.6853106984374999 0.4815559734375 0.6817818234375 0.4760673421875 0.684380003125 0.4710970078125 0.702190628125 0.45465814218749995
5 0.7455306421875 0.128619865625 0.743713328125 0.1771125015625 0.7454485187500001 0.1827133046875 0.7502262 0.1860204046875 0.7511076234375 0.2289354359375 0.7588693015625 0.23566180781249998 0.7656417890625 0.2376421921875 0.77009733125 0.124980071875 0.761849271875 0.1104713625 0.755177346875 0.10788370781250001 0.7492934875 0.1112565796875 0.7455306421875 0.128619865625
10 0.7878194781250001 0.49497763125 0.8341371328125 0.504701609375 0.8449064390625001 0.46646679375 0.787181246875 0.45595377031249995 0.7709888234375 0.48941939687499997 0.7878194781250001 0.49497763125
10 0.803902121875 0.4353761875 0.8462301625 0.44775359375 0.8522566515625 0.4488791609375 0.855399703125 0.44597818437500003 0.863486696875 0.402502284375 0.81537535625 0.3928904796875 0.803902121875 0.4353761875
10 0.831444753125 0.17793623125 0.7865185343750001 0.1705291578125 0.7783381875 0.17705055625 0.7785813765625 0.180941725 0.8043804484375 0.18593908750000002 0.861317575 0.19049158593749999 0.8717359218749999 0.18653464375 0.8743340953125 0.181564309375 0.8511752671874999 0.17670231875 0.831444753125 0.17793623125
10 0.830847425 0.374494428125 0.8526148140625001 0.3770395125 0.8712391546875 0.382485571875 0.8764775734375 0.3776506109375 0.8781450515625 0.362221309375 0.8435786875 0.356570275 0.8354568312499999 0.3573786921875 0.830847425 0.374494428125
10 0.8470398484375 0.3410288 0.8528652125 0.3433689078125 0.8838021421875 0.3441385796875 0.887062178125 0.3298116453125 0.8552786906250001 0.328794425 0.8424797140625 0.325688471875 0.8470398484375 0.3410288
10 0.8399011421875 0.15366862812499998 0.8400437734375 0.158167065625 0.8472605734374999 0.16282407968749998 0.8626997921875 0.16606540625 0.8951872125 0.1628317375 0.9059072453124999 0.1570529859375 0.8949019546875 0.1538348609375 0.859028290625 0.1560783375 0.8399011421875 0.15366862812499998
1 0.5905771578125 0.10495593125 0.5893704203125 0.11224317343750001 0.599278753125 0.1488843546875 0.6023633109375 0.1516963578125 0.6067972390625 0.1517195578125 0.6161679 0.1487296078125 0.61687183125 0.14447871875 0.6081117453125 0.1062632734375 0.602588065625 0.10210135625000001 0.5905771578125 0.10495593125
12 0.7277413171875 0.5576309687500001 0.7256459484375 0.559564953125 0.726534578125 0.5649182109375 0.7600953265625 0.5766419484374999 0.7681166203124999 0.5764408000000001 0.7695665515625 0.5730447265625 0.760857753125 0.5666780765625 0.7433816578125 0.55965775625 0.7277413171875 0.5576309687500001