8 0.41375 0.805 0.453125 0.8208333328125 0.45999999999999996 0.8191666671875 0.47062499999999996 0.8099999999999999 0.495 0.765 0.49812500000000004 0.7516666671875 0.5025000000000001 0.7458333328125 0.520625 0.7 0.538125 0.6441666671874999 0.53625 0.6391666671875 0.530625 0.6366666671875 0.43875000000000003 0.6141666671875 0.265 0.5825 0.250625 0.5841666671875 0.24500000000000002 0.6033333328125 0.220625 0.6216666671875 0.21125 0.6216666671875 0.15875 0.5974999999999999 0.1375 0.6 0.11374999999999999 0.5933333328125 0.10124999999999999 0.5933333328125 0.058125 0.6075 0.013125000000000001 0.6291666671875 0.018125 0.6416666671875 0.025 0.6466666671875 0.22125 0.7291666671875 0.23500000000000001 0.7325 0.304375 0.765 0.349375 0.7808333328125 0.365625 0.7908333328125 0.41375 0.805
12 0.351875 0.5933333328125 0.34562499999999996 0.5933333328125 0.34187500000000004 0.5974999999999999 0.34187500000000004 0.605 0.33875 0.6108333328125 0.34187500000000004 0.6608333328125 0.34625 0.6766666671875 0.354375 0.6783333328125 0.365625 0.67 0.36 0.6125 0.351875 0.5933333328125
10 0.2325 0.58 0.254375 0.5816666671874999 0.256875 0.5791666671875 0.24625 0.48166666718749995 0.155 0.47583333281250006 0.166875 0.5683333328125 0.2325 0.58
10 0.3775 0.45583333281250005 0.396875 0.4658333328125 0.428125 0.46666666718750005 0.425 0.4233333328125 0.37687499999999996 0.42416666718749996 0.375625 0.45083333281250004 0.3775 0.45583333281250005
10 0.0625 0.46166666718749994 0.058750000000000004 0.4625 0.05625 0.47083333281249995 0.055625 0.48 0.0725 0.5599999999999999 0.08249999999999999 0.5608333328125 0.08875 0.5541666671875001 0.08937500000000001 0.5408333328125 0.088125 0.5183333328125 0.080625 0.4858333328125 0.0625 0.46166666718749994
10 0.22749999999999998 0.4566666671875 0.26 0.45499999999999996 0.26125 0.43833333281250003 0.258125 0.42000000000000004 0.22374999999999998 0.42083333281249996 0.224375 0.44333333281250004 0.22749999999999998 0.4566666671875
10 0.166875 0.45083333281250004 0.16375 0.42000000000000004 0.135625 0.42000000000000004 0.13874999999999998 0.4491666671875 0.15812500000000002 0.4525 0.166875 0.45083333281250004
8 0.6018749999999999 0.5191666671874999 0.586875 0.5225 0.54875 0.625 0.5443749999999999 0.6425 0.55 0.645 0.65625 0.6599999999999999 0.770625 0.6808333328125 0.70625 0.5141666671875 0.703125 0.5125 0.62625 0.5066666671875 0.6018749999999999 0.5191666671874999
4 0.561875 0.48166666718749995 0.56875 0.4783333328125 0.573125 0.45499999999999996 0.57125 0.44166666718750003 0.5650000000000001 0.4341666671875 0.564375 0.4291666671875 0.553125 0.42000000000000004 0.548125 0.4033333328125 0.54375 0.4016666671875 0.5325 0.41333333281250006 0.530625 0.42833333281249997 0.5175 0.43666666718749997 0.496875 0.46166666718749994 0.495625 0.46666666718750005 0.50875 0.46666666718750005 0.509375 0.4625 0.5125 0.46166666718749994 0.5490625 0.46166666718749994 0.5543750000000001 0.47083333281249995 0.555625 0.48 0.561875 0.48166666718749995
0 0.57625 0.48250000000000004 0.575 0.4858333328125 0.556875 0.4891666671875 0.553125 0.4933333328125 0.55625 0.5033333328125 0.584375 0.5133333328125 0.61125 0.5141666671875 0.624375 0.5041666671875 0.623125 0.49000000000000005 0.600625 0.48250000000000004 0.57625 0.48250000000000004
0 0.34187500000000004 0.4658333328125 0.335625 0.47416666718749995 0.335625 0.4791666671875 0.346875 0.48333333281249996 0.35812499999999997 0.48250000000000004 0.38125 0.47083333281249995 0.3775 0.4583333328125 0.354375 0.4583333328125 0.34187500000000004 0.4658333328125
5 0.1975 0.5766666671875 0.18625 0.58 0.1625 0.5958333328125 0.1625 0.6 0.199375 0.6133333328125 0.215625 0.6224999999999999 0.225 0.6191666671875 0.25 0.5983333328125 0.2475 0.595 0.2375 0.5941666671875 0.1975 0.5766666671875
5 0.10500000000000001 0.5708333328124999 0.099375 0.5716666671875 0.041249999999999995 0.5958333328125 0.039375 0.5983333328125 0.041249999999999995 0.6016666671875 0.065 0.6008333328125001 0.080625 0.5916666671875 0.10375000000000001 0.5841666671875 0.10625 0.5825 0.10625 0.5733333328125 0.10500000000000001 0.5708333328124999
10 0.433125 0.3675 0.40062499999999995 0.3675 0.40374999999999994 0.4091666671875 0.406875 0.4091666671875 0.40875000000000006 0.40416666718750005 0.42000000000000004 0.40083333281250005 0.42374999999999996 0.40083333281250005 0.42750000000000005 0.40833333281249995 0.434375 0.40750000000000003 0.433125 0.3675
10 0.440625 0.38416666718750003 0.44125 0.41333333281250006 0.460625 0.4108333328125 0.460625 0.38333333281250004 0.440625 0.38416666718750003
10 0.723125 0.4066666671875 0.725 0.3741666671875 0.7224999999999999 0.3716666671875 0.7075 0.3725 0.70625 0.38 0.7056250000000001 0.40499999999999997 0.723125 0.4066666671875