8 0.594375 0.7166666671875 0.60625 0.5991666671875 0.598125 0.5925 0.4575 0.5525 0.383125 0.5358333328125 0.36124999999999996 0.5358333328125 0.328125 0.5433333328125001 0.321875 0.5466666671875 0.320625 0.5549999999999999 0.315 0.5616666671874999 0.27749999999999997 0.5666666671875 0.275 0.5708333328124999 0.278125 0.575 0.29312499999999997 0.5758333328125 0.30062500000000003 0.58125 0.303125 0.6391666671875 0.30125 0.7283333328125 0.253125 0.7841666671875 0.19875 0.8408333328125 0.18 0.8466666671875 0.179375 0.8533333328125 0.183125 0.8616666671875001 0.20375000000000001 0.8841666671875 0.33999999999999997 0.9991666671875 0.49375 0.9991666671875 0.51375 0.9291666671875 0.5806250000000001 0.8125 0.585 0.8091666671875 0.58875 0.7383333328125 0.594375 0.7166666671875
5 0.0925 0.6591666671875 0.145625 0.6575 0.16125 0.6525000000000001 0.20437500000000003 0.655 0.206875 0.6525000000000001 0.20625 0.6091666671875 0.19437500000000002 0.6058333328125001 0.136875 0.6083333328125 0.0925 0.655 0.0925 0.6591666671875
5 0.353125 0.6266666671875 0.43624999999999997 0.625 0.440625 0.6216666671875 0.440625 0.5925 0.36375 0.5941666671875 0.35812499999999997 0.6008333328125001 0.35125 0.6174999999999999 0.35 0.6224999999999999 0.353125 0.6266666671875
10 0.311875 0.4575 0.305625 0.44333333281250004 0.23937499999999998 0.44000000000000006 0.161875 0.4408333328125 0.1525 0.44333333281250004 0.14875 0.4491666671875 0.148125 0.4591666671875 0.1625 0.5183333328125 0.171875 0.5558333328125 0.1775 0.5641666671875 0.20875 0.5675 0.306875 0.5675 0.3175 0.5658333328125 0.323125 0.5591666671875 0.32375 0.545 0.311875 0.4575
10 0 0.3966666671875 0.00625 0.40083333281250005 0.015625 0.44000000000000006 0.013750000000000002 0.44166666718750003 0.014374999999999999 0.45083333281250004 0.02 0.4591666671875 0.0325 0.49749999999999994 0.040625 0.5183333328125 0.04375 0.5208333328125 0.09875 0.5175 0.15625 0.5066666671875 0.1575 0.49583333281249997 0.14937499999999998 0.45083333281250004 0.161913125 0.44166666718750003 0.259375 0.44166666718750003 0.27125 0.43916666718749997 0.26 0.3608333328125 0.25625 0.355 0.008749999999999999 0.37 0 0.3708333328125 0 0.3966666671875
1 0.428125 0.8158333328125 0.47062499999999996 0.7858333328125 0.45437500000000003 0.7516666671875 0.44625000000000004 0.7525000000000001 0.41125 0.7758333328125 0.410625 0.7825 0.42312500000000003 0.8158333328125 0.428125 0.8158333328125
1 0.545625 0.7016666671875 0.531875 0.6741666671875 0.5037499999999999 0.6833333328125 0.503125 0.6900000000000001 0.516875 0.7216666671875 0.546875 0.7091666671875 0.545625 0.7016666671875
1 0.4525 0.6566666671875 0.44437499999999996 0.6366666671875 0.40812499999999996 0.65 0.40812499999999996 0.6575 0.415625 0.6758333328125 0.453125 0.6641666671875 0.4525 0.6566666671875
1 0.49124999999999996 0.6533333328125 0.5193749999999999 0.6508333328125 0.525625 0.6475 0.524375 0.6366666671875 0.5193749999999999 0.625 0.48875 0.6266666671875 0.48624999999999996 0.6291666671875 0.48562500000000003 0.6366666671875 0.49124999999999996 0.6533333328125
12 0.47437500000000005 0.5616666671874999 0.476875 0.5933333328125 0.48125 0.5991666671875 0.4925 0.5991666671875 0.49625 0.5925 0.499375 0.5575 0.490625 0.5216666671875 0.48250000000000004 0.5208333328125 0.47562499999999996 0.5391666671875 0.47437500000000005 0.5616666671874999
4 0.693125 0.4566666671875 0.69875 0.4608333328125 0.7068749999999999 0.45999999999999996 0.72875 0.4291666671875 0.7325 0.4175 0.729375 0.41333333281250006 0.711875 0.40833333281249995 0.70625 0.4 0.693125 0.3966666671875 0.68625 0.3883333328125 0.6793750000000001 0.36 0.6837500000000001 0.35750000000000004 0.686875 0.3508333328125 0.6875 0.3325 0.6793750000000001 0.3266666671875 0.670625 0.3291666671875 0.6487499999999999 0.38 0.65125 0.4108333328125 0.655625 0.4125 0.6575 0.41916666718749995 0.655625 0.4233333328125 0.6587500000000001 0.42750000000000005 0.6799999999999999 0.4341666671875 0.6875 0.44166666718750003 0.686875 0.4491666671875 0.693125 0.4566666671875
10 0.83625 0.32083333281250004 0.8300000000000001 0.3441666671875 0.8300000000000001 0.3516666671875 0.8456250000000001 0.3525 0.8568749999999999 0.365 0.909375 0.365 0.9125 0.3608333328125 0.9199999999999999 0.3308333328125 0.889090625 0.32999999999999996 0.8825 0.3266666671875 0.88125 0.32166666718750003 0.83625 0.32083333281250004
10 0.9324999999999999 0.3633333328125 0.9675 0.36583333281249997 0.9731249999999999 0.36 0.98375 0.35583333281249996 0.9956250000000001 0.3241666671875 0.9400000000000001 0.3233333328125 0.93125 0.3508333328125 0.930625 0.3616666671875 0.9324999999999999 0.3633333328125
10 0.7681250000000001 0.3491666671875 0.7731250000000001 0.32166666718750003 0.735 0.3225 0.7325 0.3466666671875 0.7681250000000001 0.3491666671875
0 0.6018749999999999 0.3691666671875 0.621875 0.3691666671875 0.62625 0.36 0.62375 0.35583333281249996 0.61625 0.3541666671875 0.603125 0.355 0.599375 0.3591666671875 0.59875 0.36666666718749996 0.6018749999999999 0.3691666671875