8 0.5144549859375 0.6546022765624999 0.55966065 0.57618636875 0.5702630953125001 0.5474672734375 0.5694124281249999 0.5394359484375 0.5633002171875 0.53607478125 0.3001961765625 0.44526981875000005 0.2907653046875 0.44680683125 0.2915354515625 0.46011637031249997 0.286921534375 0.4648625359375 0.262070096875 0.47780892656249996 0.23883598749999999 0.4697944890625 0.2017577984375 0.44781742500000005 0.1746787578125 0.4437581234375 0.14998719375 0.43204753125 0.0946563734375 0.43701045 0.07174549531249999 0.4219837328125 0.069599571875 0.413800396875 0.0756301046875 0.40833920468749996 0.094249134375 0.406999246875 0.09655609375 0.40462616406249996 0.093519825 0.3981008875 0.0826723375 0.40035292343749995 0.054702951562500005 0.39795168593749997 0.0461215828125 0.3934194609375 0.047618715625 0.3874262296875 0.045392273437500005 0.38452110156249997 0.026152135937499998 0.38324410468750003 0.0184132625 0.438534125 0.056569971875 0.4598601734375 0.0676613375 0.4699746328125 0.123520753125 0.494155884375 0.1399553453125 0.5084225359375 0.28624353281250003 0.5872804328125001 0.2973348984375 0.5973948921875001 0.34441106875 0.6231891640625 0.3752965265625 0.6470832734374999 0.393551484375 0.6483444171875 0.4256505203125 0.6635681875 0.44042461875 0.6661833671874999 0.4734548375 0.6841602531250001 0.4891192796875 0.685117371875 0.5144549859375 0.6546022765624999
8 0.7000746859375 0.593546771875 0.73569541875 0.611827684375 0.7625317453125 0.6176210515625 0.784227884375 0.6272175453125 0.7928897703125 0.626471559375 0.7991630171875 0.6192763015625 0.8008211859375001 0.6027266484375 0.7990790125 0.5822528203124999 0.79337055 0.5666011656250001 0.776570721875 0.5408350484375 0.7568524953125 0.46537493124999996 0.7452745359375 0.44462804218749996 0.7163739671875 0.43947368906250006 0.693868003125 0.426257046875 0.68168441875 0.4239458921875 0.66747743125 0.42668493124999995 0.6512073625 0.44416354687500004 0.6265577999999999 0.45096469531250005 0.61757268125 0.458722959375 0.59195574375 0.5147620749999999 0.578195675 0.5378229265625001 0.579087178125 0.550265428125 0.59705974375 0.5629500281250001 0.6625519062499999 0.5794490203125 0.7000746859375 0.593546771875
10 0.299094653125 0.34026861249999996 0.280151228125 0.3345202875 0.20668564687500002 0.3232544640625 0.20819091875 0.41596518125 0.287486321875 0.44201562499999997 0.2993863484375 0.44164966874999995 0.299094653125 0.34026861249999996
10 0.423518690625 0.3354830484375 0.4602316421875 0.3459606546875 0.475491171875 0.3451076984375 0.4800619234375 0.307749225 0.4278467265625 0.2998586453125 0.42570196562499996 0.30577587031250003 0.4258653265625 0.323420578125 0.421939878125 0.33265392656250004 0.423518690625 0.3354830484375
10 0.1057395984375 0.3484209609375 0.1149720859375 0.3953308859375 0.12197464218750001 0.3970339890625 0.1286528015625 0.3916488078125 0.1312829921875 0.3822634453125 0.12788032656249998 0.3501381421875 0.1209559640625 0.3149557 0.10974323906250001 0.305708271875 0.1045622109375 0.30510022187499997 0.1057395984375 0.3484209609375
10 0.26254041093749997 0.291033459375 0.2653351265625 0.3133933671875 0.2728639546875 0.316039509375 0.2856134859375 0.3096043171875 0.28982365468750004 0.3171486390625 0.3008333390625 0.318440746875 0.30354404687500003 0.30377717656250003 0.3021659484375 0.28070224375 0.2650084046875 0.27810395312499997 0.26254041093749997 0.291033459375
10 0.202999425 0.288452053125 0.2012164109375 0.2635670484375 0.1734897421875 0.25943174375 0.172560884375 0.28487975625 0.17575934843750002 0.29494917656249997 0.2010168625 0.29791342187500003 0.202999425 0.288452053125
4 0.604250221875 0.389301115625 0.61072650625 0.39006117812499996 0.6135188968749999 0.38421995781249996 0.615703334375 0.3686133453125 0.6103181046875 0.3459494125 0.6112072875 0.3301907859375 0.6061476156250001 0.3287157015625 0.6037589765625 0.32226643125 0.602705271875 0.306279784375 0.5812121718750001 0.3046386109375 0.5755865546875001 0.311909875 0.570447528125 0.3298135640625 0.53713840625 0.36556182812500004 0.5370987265625 0.3752512125 0.557216053125 0.3820185875 0.55883454375 0.3751583203125 0.5561623484375 0.366031940625 0.564419321875 0.36347588124999997 0.6025080484374999 0.3688272859375 0.6060297453125 0.3718844265625 0.604250221875 0.389301115625
5 0.2357565546875 0.430656909375 0.219363965625 0.43490199687500003 0.20365984531249998 0.44363426562499997 0.2030530578125 0.4479694375 0.21321323749999999 0.4553307828125 0.2566463546875 0.47893494687500004 0.2789481171875 0.47009570468749995 0.2923044375 0.4593253421875 0.2908469828125 0.45562918750000003 0.26502235937499996 0.4473107234375 0.2357565546875 0.430656909375
5 0.14460312656250002 0.42348416093749996 0.1480431453125 0.4177189484375 0.1469497625 0.411421690625 0.1437116203125 0.4110416578125 0.0815007640625 0.42753500468750005 0.081136690625 0.43013610625 0.0860750046875 0.432478225 0.101739446875 0.43343534375 0.14460312656250002 0.42348416093749996
12 0.3771495921875 0.5397849906250001 0.3841533109375 0.5555886578125 0.3985224984375 0.5563937609375 0.40159844062500005 0.553229653125 0.40358100468749997 0.5437682828125 0.4051143265625 0.485783971875 0.400417565625 0.46760721875 0.391229409375 0.4674101640625 0.385037840625 0.483427775 0.3771495921875 0.5397849906250001
0 0.5995966265625 0.40373666874999997 0.6005686515625 0.41090096093749995 0.6352185218749999 0.4361181453125 0.6488187234375 0.43771427812499997 0.6686513281249999 0.42770397656250003 0.671201003125 0.4235968265625 0.672495096875 0.40964827187499997 0.6609579796875 0.3933125625 0.606233946875 0.39394031093750004 0.5995966265625 0.40373666874999997