4 0.629197646875 0.5867674 0.631730196875 0.5783448484375 0.6308220890625 0.5692225625 0.6257266703125001 0.5603658874999999 0.6465050484375 0.5094764281249999 0.680378490625 0.4871319578125 0.6844531093749999 0.4758576203125 0.6768099828125 0.4625726109375 0.6556783734375 0.46758501875 0.6443995234375001 0.457284603125 0.6374358328125 0.470578184375 0.614259334375 0.47480231718750004 0.604650403125 0.4855097265625 0.6011761390625 0.49858195937499994 0.5904640328124999 0.5038514109375 0.5832565125 0.521750403125 0.583174140625 0.53644345625 0.587538065625 0.5591163671875 0.6111989375 0.585155153125 0.6121558125 0.5933563578125 0.6233219703125 0.59264805 0.629197646875 0.5867674
4 0.3315421703125 0.5992227890625 0.3325629671875 0.6193537984375 0.3370092671875 0.62733365625 0.346179303125 0.624915990625 0.3510981046875 0.6108341359375 0.3507903484375 0.603509746875 0.3315421703125 0.5992227890625
10 0.313809028125 0.5269085265625 0.310968725 0.5280066859375 0.3094905796875 0.5427882765625001 0.30888693906250003 0.580464125 0.3189650828125 0.587168746875 0.3245481609375 0.58681459375 0.3265963375 0.5481291234375 0.323692109375 0.537297478125 0.313809028125 0.5269085265625
10 0.366762615625 0.5777108609375 0.3657721359375 0.5832816249999999 0.36426038437499997 0.6118351859375 0.373933240625 0.6130575828125 0.375201159375 0.589109434375 0.3729948140625 0.5782335203125 0.369602921875 0.5766127 0.366762615625 0.5777108609375
10 0.5069551031249999 0.5835057953125 0.5060773125 0.6000852828125 0.509825725 0.6081094109375 0.5142081015625 0.6041594640625 0.5164177343749999 0.5755616328125 0.513074609375 0.5730197328125 0.5069551031249999 0.5835057953125
10 0.38096085468749996 0.61169380625 0.382615615625 0.6198507421875 0.388149928125 0.6204176718750001 0.38826590781250003 0.59195265 0.380637940625 0.591518528125 0.38096085468749996 0.61169380625
10 0.5198768406250001 0.5496385125 0.5160612125 0.5691583265625 0.5195506375 0.5689369796875 0.5255726109375 0.56029308125 0.528592821875 0.5426597046875 0.525249696875 0.540117803125 0.5284313640625 0.5325720656249999 0.5198768406250001 0.5496385125
10 0.5031546328125 0.6158764953125 0.501582246875 0.59302650625 0.49729740468749994 0.5951342859375 0.49826943906250004 0.6161863796875 0.5031546328125 0.6158764953125
10 0.358564615625 0.6011806187500001 0.361310678125 0.5624508796875001 0.33313629218749996 0.555976175 0.32819904375000003 0.5966808875 0.358564615625 0.6011806187500001
8 0.50827860625 0.43746155781249996 0.515763325 0.4434127 0.5149343 0.45907110624999997 0.5237629734375 0.4631010203125 0.5281453468749999 0.45915107187500004 0.5332104453125 0.4423059703125 0.54361479375 0.429712128125 0.5612451093749999 0.372596434375 0.5626257203125 0.3596570078125 0.5621716671875 0.35509586406250004 0.5377153765625 0.3309435140625 0.339564840625 0.342594896875 0.336627003125 0.34553522187499996 0.3344997421875 0.35943999843749996 0.33081525156249997 0.36334567500000003 0.3281851703125 0.3736103921875 0.3081382828125 0.4106836125 0.2934187765625 0.3996834609375 0.2680056140625 0.36732990625 0.23031982968750003 0.3697204453125 0.22648904375 0.37638936875 0.2287929234375 0.38542311875 0.2638941 0.4318499578125 0.27981431093750003 0.44644589999999995 0.443622190625 0.439726959375 0.4538954015625 0.44274725156250005 0.50827860625 0.43746155781249996
12 0.524854275 0.41621434375 0.5204719015625 0.42016428906250003 0.51941420625 0.45327899374999997 0.5220258390625 0.469637134375 0.5283068046875 0.4692387125 0.5325277203125001 0.455201125 0.5331801265625 0.41660419531250004 0.524854275 0.41621434375
8 0.2700861125 0.525092075 0.290193634375 0.5394224015625 0.3042976296875 0.53577376875 0.30712277656250003 0.5218247234375 0.3164878765625 0.5157227265625 0.3406700171875 0.518778715625 0.3347640234375 0.498957590625 0.30649539375 0.45485130781249994 0.28260585312500003 0.4462688234375 0.2539134875 0.42330317031250003 0.2479890453125 0.4301049015625 0.1942258828125 0.4537110484375 0.1827107828125 0.45444148906250004 0.1846093734375 0.45799301249999996 0.21005614375 0.4765745984375 0.23352195 0.5062977140625 0.244849565625 0.5156770468749999 0.2555768296875 0.5232584796874999 0.2700861125 0.525092075
0 0.603288240625 0.47182629531250003 0.588666265625 0.45898397968750004 0.5756654421875 0.46807056718749995 0.559419025 0.47277309062499995 0.53573970625 0.47335716406249995 0.52822443125 0.48393176406249994 0.5338714343750001 0.495507415625 0.5625486390625001 0.5056221796875 0.5842806031250001 0.5024076671875 0.5943435874999999 0.4962614046875 0.6011122109375 0.4866521546875 0.603288240625 0.47182629531250003
1 0.54578753125 0.45436000937500004 0.56323465625 0.45325327968750007 0.5656696703125 0.4466728953125 0.5644689671875 0.4430771015625 0.54627519375 0.4451491859375 0.54578753125 0.45436000937500004