4 0.16303360625000002 0.4514213921875 0.15803571875 0.45517601875 0.15017643281249998 0.4780415171875 0.14271438593750002 0.48975836875 0.1333851484375 0.49739046875000004 0.12698910624999998 0.5074334859375 0.117868546875 0.55157508125 0.1074755390625 0.5702329749999999 0.0921586734375 0.6235192453125 0.0854349546875 0.6568807390625 0.0902353375 0.6633764156249999 0.102899478125 0.6657105140625 0.1202899734375 0.6436665359375 0.1370857296875 0.6430215015625 0.15194697343750002 0.635473840625 0.1777353453125 0.613107346875 0.1841313859375 0.603064328125 0.1921881734375 0.5699485296875 0.20897498906249998 0.5318956578125 0.21163665312500002 0.513683125 0.194962134375 0.46385214843749994 0.180029096875 0.44987801875000005 0.16303360625000002 0.4514213921875
4 0.646254634375 0.7527628421875 0.645125775 0.770322725 0.6495311546875 0.7973190046874999 0.6545986 0.8057342109375 0.6531353546875 0.8185566906249999 0.6566026703125 0.824806671875 0.66366748125 0.8242384609375 0.670528084375 0.805864671875 0.681123065625 0.7956603953125 0.683786965625 0.786799825 0.6813183328125 0.776058134375 0.68231254375 0.7528625078125 0.68064285625 0.7385274500000001 0.674908878125 0.7299893953125001 0.6735668703125001 0.6923358609375 0.6699671421875 0.6898020953125 0.6627048296875 0.70062060625 0.6572490875 0.7407618828125 0.646254634375 0.7527628421875
8 0.3863210890625 0 0.3046778765625 0.22316541562499997 0.295220696875 0.253217646875 0.29842318749999996 0.266900059375 0.4109461484375 0.3381372546875 0.4263437484375 0.3437806140625 0.45513711093750003 0.3453468296875 0.4936052703125 0.3907781515625 0.5112044421874999 0.4052436703125 0.5654629703125 0.4264657859375 0.6000598687500001 0.448739890625 0.64905345 0.47179710156250004 0.65858689375 0.48197058125 0.6667850359374999 0.4825464046875 0.67458146875 0.47556695312499997 0.6806992734375 0.4168446078125 0.6824969015625 0.40875953125000003 0.6898265359375 0.40075889218749994 0.6930918828125 0.39855525625 0.7366836343750001 0.40845985625000003 0.7521463234375 0.40756912968750003 0.758071096875 0.377801003125 0.7642674015625001 0.36865632656249997 0.7635313078125 0.3563636484375 0.7262660375000001 0.3242461953125 0.7200652640625 0.31468695156250004 0.718997021875 0.30700882812499997 0.750351196875 0.1472652484375 0.7670751578125 0.1250984234375 0.8567004734375001 0.0434258015625 0.8921903406249999 0.0139633984375 0.81642896875 0 0.3863210890625 0
8 1 0.21751590625 0.9854468031250001 0.22893650625 0.952591384375 0.242519253125 0.9268636296875 0.23964774218749998 0.9121347999999999 0.24347918906250002 0.87894723125 0.261676490625 0.8666197109375 0.2734317578125 0.8638233984375001 0.28600854062500003 0.870091496875 0.29838565625 0.902349940625 0.296849896875 0.9064815562499999 0.2938707640625 0.9084115984375 0.2820694734375 0.911010409375 0.279742990625 0.9164750921874999 0.2770095546875 0.9264730968749999 0.2788522640625 0.943470825 0.2866608453125 0.949072390625 0.298915115625 0.9648716984375 0.3121137515625 0.9968002281249999 0.3245445046875 0.99540430625 0.3401848578125 0.942961290625 0.3856933421875 0.9410963375 0.39096054375 0.9483631203125 0.39884595156249997 0.9505646921875 0.40766810937500003 0.9596964281249999 0.4102863140625 0.9824887515625 0.4013949453125 1 0.3992643953125 1 0.21751590625
5 1 0.32600267031249996 0.9314799234375 0.312505475 0.9153507031249999 0.31327335624999997 0.8574946812500001 0.29886943125 0.845981753125 0.3724950453125 0.9373641953125 0.39214299218750004 1 0.34090165156249996 1 0.32600267031249996
5 0.632960259375 0.34445541875 0.6412234890625 0.3384971578125 0.656679471875 0.3095505515625 0.6590763109375 0.29877045 0.65567631875 0.295338340625 0.53916533125 0.270123859375 0.5335009109375 0.2737556375 0.5232447859375 0.3074012359375 0.5225804875 0.31663034843750004 0.5282471421875 0.3223505296875 0.632960259375 0.34445541875
10 0.663138096875 0.561362403125 0.667406596875 0.573370978125 0.79538330625 0.60630960625 0.868502278125 0.62072114375 0.8836979062499999 0.6179108859375 0.8868936906249999 0.6035374171875 0.8862855390625001 0.5688246046875001 0.879860440625 0.45729214687499997 0.8748580859375 0.4423428546875 0.8618595593749999 0.4352713546875 0.8161357953125 0.428714421875 0.69808976875 0.39480063125 0.6813613375 0.3982635359375 0.6755667390625 0.4149634875 0.67297910625 0.46404976875 0.6635981906249999 0.5343277140625 0.663138096875 0.561362403125
10 1 0.5252573671875 0.9927155515624999 0.5239147875 0.8817432765625 0.526840621875 0.8798783218749999 0.532107825 0.8848290015625 0.6097029625 0.8810990953125 0.6202373703124999 0.71599846875 0.5888729125000001 0.709032275 0.7231864296875 0.7108343765625 0.733805271875 0.961043021875 0.7631069828125 1 0.5878928140624999 1 0.5252573671875
1 0.530894671875 0 0.540776903125 0.0413079671875 0.546044084375 0.0488248328125 0.605823440625 0.0233715875 0.6110210625 0.0187186203125 0.6115529484375 0.013205721875000001 0.6094109750000001 0 0.530894671875 0
1 0.458355515625 0.146752040625 0.4588851671875 0.1318871828125 0.4471412078125 0.07548370625 0.4037536640625 0.0833846828125 0.3987557796875 0.0871393078125 0.4142341140625 0.1517122984375 0.4257649234375 0.15290235937500002 0.458355515625 0.146752040625
1 0.5307495703125 0.1956306984375 0.5244186187500001 0.1991396296875 0.5232875234375001 0.20734755468750002 0.529495003125 0.24496267500000002 0.583746825 0.23812891406249997 0.5868101968749999 0.227471659375 0.5808697765625 0.19177606875 0.568672434375 0.1904631609375 0.5307495703125 0.1956306984375
1 0.46910973125 0.24505506718749998 0.47323911093750004 0.232723975 0.4689661421875 0.2020114828125 0.42350943750000003 0.1973740859375 0.41784501875 0.20100586250000002 0.41631444999999995 0.21101047031250003 0.42185316093749997 0.23915078437499998 0.46910973125 0.24505506718749998
12 0.42808522812499994 0.37963746249999997 0.42889088124999997 0.40409997343750004 0.442888090625 0.406679765625 0.446617996875 0.3961453578125 0.4546814890625 0.391085440625 0.463472134375 0.360910359375 0.475923128125 0.3080310421875 0.46898849374999996 0.295531078125 0.459657021875 0.2938112171875 0.4497285765625 0.304138340625 0.43327838124999996 0.3562805765625 0.42808522812499994 0.37963746249999997