4 0.8256995078125 0.47550662812500005 0.8270405843749999 0.47991525937499996 0.8338474515625001 0.480335546875 0.8530170015625 0.45273273437499995 0.8577328468750001 0.45027111093750005 0.917848509375 0.49779177812500003 0.9226216875000001 0.5094909546874999 0.8987362937500001 0.5395553921875 0.8979978109375001 0.5439142765625 0.9421237640625 0.56402078125 0.9633631156250001 0.5807478781250001 0.9689203765625001 0.5743633984375001 0.97842884375 0.41110932968749997 0.9740160859375001 0.410574703125 0.958550409375 0.41921525937500004 0.946505371875 0.43231419843749996 0.929528334375 0.441176040625 0.9132668468749999 0.4400146796875 0.8824828515625001 0.44700154999999997 0.8573005390624999 0.4368736734375 0.8354144390625 0.44716274062499994 0.8284831484374999 0.46270101406249997 0.8256995078125 0.47550662812500005
4 0.8020434453125 0.5622142640625001 0.85944255625 0.5924211859375 0.864726596875 0.590230596875 0.871089690625 0.5744212875 0.869566859375 0.5718104140625 0.8158372234375 0.5141447546875 0.80940533125 0.5129611078125 0.7973602875 0.526060046875 0.7937923015624999 0.531895903125 0.8025772375000001 0.553988821875 0.8005206125000001 0.559603390625 0.8020434453125 0.5622142640625001
4 0.7651893546874999 0.51730964375 0.7677470859375 0.5420854703125 0.8014391406250001 0.5063344265625 0.7827001874999999 0.5002223578125 0.7706207484375 0.5048248171874999 0.7651893546874999 0.51730964375
8 0.789331103125 1 0.9592736703125 0.654035746875 0.9220921656250001 0.6354971984375 0.90664856875 0.6262459140625001 0.9022733000000001 0.6194476953125 0.888648096875 0.6157749609375001 0.8527388874999999 0.6174903375 0.7356139671874999 0.6360561890625 0.6485001593749999 0.6434975734374999 0.6301820484375 0.6479507843750001 0.627352540625 0.6494277562499999 0.6234325125 0.6616912968750001 0.6361260109375 0.6686885140625 0.6446718625 0.67841839375 0.65954811875 0.7109548 0.68192556875 0.775336290625 0.7250200390625 0.867502484375 0.740715040625 0.915505128125 0.7542502203125 0.943632903125 0.7718430281249999 0.99348305625 0.7762824 1 0.789331103125 1
0 0.9057054015625001 0.6267382390625 0.910467109375 0.6356052562500001 0.9203311015625 0.6440794484375 0.9295925031250001 0.6437861234375 0.9583266984375 0.655963565625 0.9649534421875 0.642473028125 0.96814895 0.58760828125 0.9055890265625001 0.55130431875 0.88344090625 0.543566025 0.8760773109375 0.5457068625 0.8721343484374999 0.55230608125 0.8729186953125 0.5592758375 0.8875902640625 0.5879456859375 0.8978407 0.5984886781250001 0.9075573390624999 0.6172571109375 0.908523440625 0.6224291046875 0.9057054015625001 0.6267382390625
8 0.45158842187500003 0.2848010890625 0.4294288359375 0.2742306375 0.42562175937499996 0.26770345624999997 0.4353596234375 0.2450238875 0.4377682890625 0.23298163593750001 0.4333930203125 0.22618341718749999 0.40367661874999994 0.21671940312500002 0.39937014843749996 0.2269141421875 0.39991711875 0.26863318281250004 0.396201775 0.28476328125 0.387878915625 0.47018140312499995 0.3900519140625 0.540000753125 0.386873784375 0.64213005 0.3899538453125 0.6558482734375 0.3982950078125 0.66171159375 0.4147497171875 0.6639073546875001 0.44328386562500005 0.6615006546875 0.46181813125 0.663746165625 0.49544309843749995 0.6581144812499999 0.5170000906250001 0.6599174140625 0.5413751234374999 0.657411215625 0.6165683109375 0.647110209375 0.63922729375 0.6409587390625 0.641465671875 0.6335464078124999 0.6246572140625 0.5906660109375 0.5212504390625 0.3557201109375 0.5130910281250001 0.34805903125 0.493659459375 0.35763448593749997 0.4773979703125 0.35647312656249996 0.46717046875 0.35159445625 0.46530535625 0.3111311046875 0.4581005796875 0.30580985781250003 0.45158842187500003 0.2848010890625
12 0.49073188125 0.47495898125 0.49600445468750004 0.46993623749999996 0.523922834375 0.40881753749999994 0.5225702906249999 0.4015767453125 0.525740371875 0.3908399296875 0.5196719859375001 0.386060759375 0.515137896875 0.386724621875 0.5047974390625 0.4006366703125 0.47556091718750004 0.46301105624999994 0.4746406828125 0.4691677 0.4809022875 0.47498126718749994 0.49073188125 0.47495898125
10 0.4866003296875 0.2949066796875 0.5016927375 0.33414180781249997 0.507397615625 0.3425164984375 0.512318146875 0.343921434375 0.5191197453124999 0.3243639296875 0.55859879375 0.2425658484375 0.5233019343749999 0.2087685796875 0.48938397031249997 0.282101065625 0.4866003296875 0.2949066796875
10 0.7512723625 0.301495946875 0.7452269109375 0.3023810984375 0.7288639328125 0.32284261718749996 0.7196827984375 0.3429610625 0.72883124375 0.3614584578125 0.7214791140625 0.3664314546875 0.7186840078125 0.37640490781249997 0.7300593640625 0.38465781250000003 0.7326956499999999 0.38214644062500003 0.7429575500000001 0.395521590625 0.7590028859375 0.3899842328125 0.7965805718750001 0.33347316875 0.7952394953125 0.329064534375 0.7825345296874999 0.31923515625 0.7512723625 0.301495946875
10 0.4990857234375 0.20381269687499998 0.49905132500000005 0.1953162171875 0.5042780312499999 0.17896483125 0.4978346703125 0.174949021875 0.48460737500000006 0.1761772484375 0.465688378125 0.218975259375 0.45862119999999995 0.24763993437499998 0.4592123265625 0.253575290625 0.46603066249999997 0.2568277390625 0.48730270156250005 0.23493899375 0.4990857234375 0.20381269687499998
10 0.6146224328125001 0.25986765312500004 0.61975911875 0.2679713078125 0.6328275921875 0.274205165625 0.6416681515625 0.2633465625 0.6540423 0.238155621875 0.640007725 0.22674976875000002 0.630928078125 0.225245334375 0.6166675921875 0.2514209234375 0.6146224328125001 0.25986765312500004
10 0.45325518750000005 0.1828930796875 0.45516445625 0.1875727515625 0.451607934375 0.19624076875000002 0.45584731562499997 0.2161653890625 0.458881509375 0.2185549734375 0.4622792109375 0.21734903593750002 0.46490402968750005 0.21200550312500002 0.46806264531249997 0.19843652812499998 0.46596015468749996 0.1927224578125 0.47714058125000003 0.15282864375 0.46821975781249997 0.1438621265625 0.46425386093750004 0.1447970265625 0.45325518750000005 0.1828930796875
10 0.599449759375 0.2008074078125 0.5856198703125 0.1932681140625 0.58054051875 0.1993252609375 0.56929129375 0.2222261140625 0.5702573953125001 0.227398109375 0.5831326484375 0.23259756562499997 0.5914050140625 0.221467928125 0.599449759375 0.2008074078125