8 0.6269188140625 0.28954230625 0.635405396875 0.2986339234375 0.6318613515625 0.31521435468750003 0.6438083796875 0.320466034375 0.8092118718749999 0.3127579296875 0.826193003125 0.3105725546875 0.8470286625 0.3019505796875 0.9289648328125001 0.24557880625 0.92542875625 0.24179063125 0.913165934375 0.239974190625 0.48983314843750003 0.25287090624999997 0.4684495015625 0.255622859375 0.46380947656249993 0.2604632515625 0.46537781875000006 0.2704452046875 0.46985596249999995 0.27750673593749997 0.46922171874999996 0.29116674531250003 0.4781023765625 0.297661696875 0.5696078250000001 0.29606925624999997 0.6269188140625 0.28954230625
8 0.2374567265625 0.3311773734375 0.26292443906249996 0.3380836140625 0.31119288749999996 0.336963634375 0.352702321875 0.33162160625000003 0.37731422187499997 0.31572445625 0.38368712656250004 0.30217456249999997 0.3789741296875 0.29259730781250004 0.3810201484375 0.2872421015625 0.3968999875 0.28689575624999997 0.42347430625 0.278383896875 0.447686815625 0.2786624796875 0.4522485546875 0.272983515625 0.45185979062500004 0.262001109375 0.44824543125 0.2573743609375 0.43983447656249997 0.25591085625 0.2961304265625 0.2574317671875 0.15415394375 0.263822246875 0.1351321078125 0.25778375625 0.11932789531250002 0.2657582140625 0.131037415625 0.27528370468749996 0.1394483703125 0.27674720937499997 0.182121440625 0.3111419390625 0.19304811875 0.3122816859375 0.21568165781249998 0.3297364578125 0.2374567265625 0.3311773734375
8 0.1181456625 0.273548203125 0.1098129921875 0.272923271875 0.10478420156249998 0.2667812546875 0.059034134375000005 0.2607879421875 0.0248262203125 0.2659362953125 0.030258654687499997 0.3241280734375 0.0602680875 0.321731878125 0.07928992500000001 0.32777036718749997 0.1536603296875 0.31989661875 0.174887409375 0.3154675140625 0.177640640625 0.31086994375 0.173947996875 0.3054046203125 0.16380681875 0.305861084375 0.1504453609375 0.299094134375 0.1412515640625 0.2892448859375 0.1181456625 0.273548203125
10 0.5775012562499999 0.4147129484375 0.6440086984375 0.4112457140625 0.6471560078125 0.4040514796875 0.6469238125000001 0.394746221875 0.6418379890625 0.33344934843749996 0.5376756406250001 0.3358220125 0.5348441234375 0.33958101093750004 0.5395438375 0.3831059390625 0.5433877359375 0.40382748125 0.5486513796875 0.4124852203125 0.5775012562499999 0.4147129484375
10 0.42066794218750003 0.418772171875 0.4223198828125 0.416013628125 0.4178709609375 0.3342672125 0.4037996296875 0.333532165625 0.32400104375 0.35143963125 0.3230510078125 0.368534878125 0.3268816234375 0.423204096875 0.3312814828125 0.42942705312499996 0.3429936578125 0.43216300781249994 0.42066794218750003 0.418772171875
10 0.1210806171875 0.407257059375 0.12660302031249998 0.35732470625 0.12385244531249999 0.3551327421875 0.033783582812500004 0.36188679218750003 0.042142989062500004 0.4514320140625 0.120044325 0.4438823390625 0.122012059375 0.4376885578125 0.1210806171875 0.407257059375
10 0.1545519234375 0.45217114374999995 0.1496797015625 0.4477062765625 0.0950410046875 0.45558661562499997 0.0928304484375 0.479633278125 0.09533820312499999 0.49967812343749995 0.1572082765625 0.49426174375 0.1609062328125 0.4861479953125 0.1545519234375 0.45217114374999995
10 0.5629389671875 0.4632627375 0.566242846875 0.45774565312500004 0.5614621921875 0.4201716828125 0.558082684375 0.4180606578125 0.5058814265625 0.4247786640625 0.5042294875 0.42753720624999997 0.507133975 0.43819585468750005 0.508068075 0.46183781718750005 0.5129402953125 0.466302684375 0.520644034375 0.46700855781249995 0.5629389671875 0.4632627375
10 0.33709311406250003 0.4439548140625 0.3270328796875 0.438460315625 0.28835230625 0.44683288125000004 0.2837122796875 0.4516732734375 0.27914788281249997 0.464141775 0.2810267046875 0.4842675609375 0.28825808125 0.48673151875 0.3405376234375 0.4808520890625 0.33709311406250003 0.4439548140625
0 0.7306445828125 0.3983988703125 0.7304933265625 0.3831426515625 0.7264848890625 0.38111256718750003 0.6805702828125 0.3938107078125 0.673414534375 0.398974859375 0.6750638171875 0.4030058515625 0.704305115625 0.40942645312500003 0.7199501015624999 0.40656438125000005 0.7306445828125 0.3983988703125
0 0.49047395 0.423366921875 0.49094896875 0.4148192984375 0.4892214015625 0.40994973124999995 0.483798534375 0.40640437812499997 0.46713054062500003 0.41194405156249997 0.45062177031250006 0.4123713359375 0.44590345937500003 0.416373153125 0.4466053609375 0.430709859375 0.44951250624999994 0.434578971875 0.4748263078125 0.43301852656250006 0.49047395 0.423366921875
5 0.633364690625 0.2904100578125 0.5490879609375 0.30125599375 0.5468070921875 0.3040954765625 0.54782213125 0.321786478125 0.6310758515625 0.3136181453125 0.6363501203124999 0.2951177453125 0.633364690625 0.2904100578125
5 0.45135820625 0.3384440859375 0.44446121875 0.2850181421875 0.4122318359375 0.2806793875 0.41324953124999997 0.2915808546875 0.4265977078125 0.332295478125 0.43202057656250004 0.3358408328125 0.45135820625 0.3384440859375