10 0.197677615625 0.5819125484375001 0.191896628125 0.5929036765625 0.16205293125 0.742305425 0.159540559375 0.75828498125 0.1614676109375 0.7696216640625 0.2402557609375 0.7759070390625 0.2892113 0.7828961453125001 0.2994073625 0.7796506125 0.33619059687499997 0.5933200796875 0.32565301406249997 0.5899994984375 0.2182405 0.5787045421875 0.20534905 0.5783402234375 0.197677615625 0.5819125484375001
10 0.2589873125 0.336798675 0.2298384125 0.3806354875 0.22857005312499998 0.3948195 0.3617654640625 0.4068430921875 0.36553410625 0.40537434218749996 0.37457145000000003 0.383065296875 0.3831940734375 0.3463543765625 0.3873650140625 0.297979978125 0.3853038078125 0.287278121875 0.318419484375 0.280577034375 0.2832820671875 0.2832028625 0.2683539234375 0.304749390625 0.2589873125 0.336798675
10 0.3535824171875 0.5805709343750001 0.3514968625 0.5822575484375 0.333617440625 0.6627713984375 0.341837759375 0.6729661218749999 0.3937084734375 0.6770716234374999 0.3969038828125 0.674224290625 0.4157956078125 0.597102428125 0.41222207343750006 0.589465765625 0.3922933671875 0.58558176875 0.3535824171875 0.5805709343750001
10 0.3367618265625 0.054684609375000005 0.3790706578125 0.0549436359375 0.41104926875 0.0590830203125 0.444235290625 0.057508979687499996 0.45119933906250004 0.05319289687499999 0.45681777500000004 0.026606606249999998 0.34066689375000003 0.0198415875 0.3340664390625 0.051074759375 0.3367618265625 0.054684609375000005
10 0.5099122015625001 0.069923490625 0.4947644390625 0.06796273124999999 0.45551686093750005 0.065491196875 0.44078398906249994 0.12293348281250001 0.44405260625 0.1279219125 0.46455454218750003 0.13318449375000002 0.4959599234375 0.1359452984375 0.4990211765625 0.13373279062500001 0.5120343609375 0.072154759375 0.5099122015625001 0.069923490625
10 0.47382426562499996 0.2856926015625 0.472507046875 0.27965238124999997 0.465469790625 0.2761327015625 0.4299908515625 0.2721924171875 0.418819090625 0.27596384375 0.42259998593750003 0.29080144375 0.41519702968749994 0.33810529218749996 0.41988042031250006 0.344581234375 0.4515907171875 0.34999026718750004 0.4585547671875 0.3456741875 0.47382426562499996 0.2856926015625
5 0.1572958375 0.5929902046875 0.142989615625 0.591138375 0.1353913859375 0.6025464625 0.0938879953125 0.7334819984375 0.091741490625 0.7436392015625 0.0941685640625 0.7485187 0.131562296875 0.7474893171875 0.1383189828125 0.7359722953125 0.14986870000000002 0.6976836921875 0.16328451875 0.6792023578124999 0.16583349218750001 0.66714068125 0.161515971875 0.6548423828125001 0.16830925937500002 0.64724324375 0.17921254375 0.5997402968750001 0.1572958375 0.5929902046875
5 0.301964628125 0.0175874375 0.2760245234375 0.076171209375 0.2733779984375 0.0927855921875 0.2814032078125 0.1120857296875 0.29076998593750003 0.1250376171875 0.3101741546875 0.10276609375000001 0.3235654609375 0.0516720609375 0.32661445625 0.033153203125 0.32361415312499997 0.026895121875 0.3239158828125 0.0188659515625 0.301964628125 0.0175874375
5 0.1530631109375 0.42482933437500003 0.20760486562499997 0.44493315468750005 0.2298874375 0.445860890625 0.2333755078125 0.4293554390625 0.22343549999999998 0.41502497031249996 0.164637175 0.3741522609375 0.1611368484375 0.3743513625 0.1548924421875 0.39571755 0.1530631109375 0.42482933437500003
4 0.2962485546875 0.7864158265625 0.29450452031249996 0.7946685515625 0.2995903765625 0.7992400203125001 0.32123877031250003 0.8072597625 0.3202753296875 0.8240920078125 0.3270076671875 0.8249634562500001 0.3345449484375 0.8220259546875001 0.3631573890625 0.8257296140625 0.36779191875 0.8119813265625 0.37502427968749996 0.8063955937499999 0.3834763078125 0.8114027875 0.3979166828125 0.81261979375 0.4160890984375 0.8084501656249999 0.42324825468749994 0.7950286703125 0.4171134890625 0.7831473328125 0.3830736703125 0.768306090625 0.3771706171875 0.7512372218750001 0.3705358296875 0.7458130656249999 0.327068284375 0.726490525 0.320470103125 0.7249842515625 0.3149208265625 0.730787846875 0.3037875984375 0.7793788828125 0.3018344375 0.7845301124999999 0.2962485546875 0.7864158265625
0 0.2633315140625 0.9667249015625 0.2723932078125 0.9320273859375 0.2701855875 0.905654003125 0.274307834375 0.8820565468750001 0.26888045781250003 0.8709189640625 0.264941059375 0.869104659375 0.26201396250000003 0.870682340625 0.25246433437500004 0.8831422171875 0.227608609375 0.9516657984375 0.2127414140625 0.9647417375 0.21227799531249997 0.9751168 0.2077410203125 0.984312384375 0.2108388765625 0.9860177562500001 0.222754628125 0.98690796875 0.22860882187499998 0.9837526046875 0.24765938125 0.983609790625 0.2633315140625 0.9667249015625
0 0.3476912875 0.489806075 0.3407272375 0.49412215625 0.3278725578125 0.5426768921875 0.3366661046875 0.554250196875 0.34356920468749996 0.5584047046875 0.34902092812499996 0.557153815625 0.3681933890625 0.540069825 0.3734011453125 0.5277001171875 0.37226677656249996 0.49624813437500004 0.3655344375 0.49537668593750006 0.3605827359375 0.49017039218749997 0.3563750234375 0.489625734375 0.3476912875 0.489806075