8 0.548125 0.8033333328125 0.556875 0.7783333328125 0.5700000000000001 0.7733333328125 0.57875 0.7474999999999999 0.5856250000000001 0.6991666671875 0.593125 0.605 0.588125 0.5941666671875 0.58125 0.5900000000000001 0.5037499999999999 0.5675 0.4725 0.5633333328125001 0.460625 0.5549999999999999 0.441875 0.5483333328125 0.40750000000000003 0.54 0.3775 0.5366666671875 0.36625 0.5308333328125 0.32375 0.5341666671875 0.303125 0.5616666671874999 0.26437499999999997 0.5708333328124999 0.27875 0.5875 0.28125 0.6475 0.284375 0.6633333328125001 0.28312499999999996 0.7108333328125 0.27875 0.7291666671875 0.27 0.7391666671875 0.26625 0.7483333328125 0.215 0.8099999999999999 0.18875 0.8375 0.175625 0.8441666671875 0.170625 0.8550000000000001 0.17124999999999999 0.865 0.18125 0.8775000000000001 0.33187500000000003 0.9991666671875 0.47625 0.9991666671875 0.5118750000000001 0.885 0.520625 0.8675 0.53 0.8691666671875 0.535625 0.8625 0.5443749999999999 0.8391666671875001 0.548125 0.8033333328125
5 0.08125 0.6566666671875 0.13125 0.655 0.14625 0.6508333328125 0.19375 0.6525000000000001 0.19624999999999998 0.6483333328125 0.195 0.6066666671875 0.19375 0.6041666671875 0.125 0.6058333328125001 0.079375 0.6525000000000001 0.08125 0.6566666671875
5 0.340625 0.6216666671875 0.343125 0.6241666671874999 0.42750000000000005 0.6233333328125 0.43187499999999995 0.6191666671875 0.43499999999999994 0.5941666671875 0.433125 0.5908333328125 0.356875 0.5908333328125 0.35 0.5958333328125 0.34125 0.6158333328125 0.340625 0.6216666671875
10 0.248125 0.5700000000000001 0.25125000000000003 0.5808333328125 0.256875 0.5825 0.26375000000000004 0.5808333328125 0.265 0.5716666671875 0.270625 0.5616666671874999 0.31 0.5616666671874999 0.3125 0.5591666671875 0.2975 0.43916666718749997 0.13874999999999998 0.43916666718749997 0.136875 0.44000000000000006 0.136875 0.44666666718750003 0.141875 0.47416666718749995 0.151875 0.5241666671874999 0.161875 0.5591666671875 0.195625 0.5608333328125 0.21625 0.5658333328125 0.2225 0.5608333328125 0.236875 0.5616666671874999 0.248125 0.5700000000000001
10 0 0.4483333328125 0.027500000000000004 0.5175 0.087 0.51 0.14375 0.5083333328124999 0.14750000000000002 0.5008333328125001 0.13999999999999999 0.4491666671875 0.1446875 0.4408333328125 0.254375 0.44000000000000006 0.263125 0.4375 0.250625 0.35750000000000004 0.246875 0.3516666671875 0.038125 0.36 0 0.3625 0 0.4483333328125
1 0.4425 0.7474999999999999 0.43624999999999997 0.7474999999999999 0.40125 0.77 0.39875 0.7775000000000001 0.41187500000000005 0.8125 0.458125 0.7816666671875 0.4425 0.7474999999999999
1 0.4925 0.6799999999999999 0.49124999999999996 0.6858333328125 0.504375 0.7183333328125 0.5349999999999999 0.705 0.5193749999999999 0.6716666671875 0.4925 0.6799999999999999
1 0.3975 0.6475 0.40125 0.6675 0.406875 0.6741666671875 0.4425 0.6625 0.43562500000000004 0.635 0.3975 0.6475
1 0.5125 0.6316666671875 0.5081249999999999 0.6224999999999999 0.47625 0.625 0.475 0.6358333328125 0.48 0.6516666671875 0.514375 0.6458333328125 0.5125 0.6316666671875
12 0.46687500000000004 0.5916666671875 0.469375 0.5966666671875 0.476875 0.5991666671875 0.48375 0.5958333328125 0.48624999999999996 0.5908333328125 0.48562500000000003 0.5349999999999999 0.479375 0.5191666671874999 0.4725 0.52 0.46687500000000004 0.5341666671875 0.46687500000000004 0.5916666671875
4 0.68125 0.4575 0.6912499999999999 0.46666666718750005 0.70125 0.4591666671875 0.70375 0.4491666671875 0.718125 0.42833333281249997 0.7212500000000001 0.4175 0.718125 0.41333333281250006 0.70375 0.4091666671875 0.6975 0.4 0.6837500000000001 0.395 0.67875 0.3891666671875 0.67125 0.3633333328125 0.6775 0.35583333281249996 0.6793750000000001 0.34750000000000003 0.678125 0.3308333328125 0.673125 0.3275 0.6637500000000001 0.3291666671875 0.6599999999999999 0.3491666671875 0.65125 0.3583333328125 0.6481250000000001 0.3675 0.649375 0.3933333328125 0.645 0.4091666671875 0.6693749999999999 0.4258333328125 0.681875 0.4266666671875 0.686875 0.43333333281249997 0.6950000000000001 0.43 0.698125 0.43666666718749997 0.68875 0.45 0.6825 0.45083333281250004 0.68125 0.4575
10 0.8462500000000001 0.3525 0.8456250000000001 0.36666666718749996 0.8956250000000001 0.3691666671875 0.905625 0.335 0.85125 0.3341666671875 0.8462500000000001 0.3525
10 0.91875 0.35 0.9193749999999999 0.36 0.965625 0.3616666671875 0.97875 0.32999999999999996 0.925 0.3283333328125 0.91875 0.35
10 0.7262500000000001 0.3233333328125 0.723125 0.3491666671875 0.7525000000000001 0.3466666671875 0.75875 0.35 0.7631249999999999 0.3241666671875 0.7262500000000001 0.3233333328125
0 0.5962500000000001 0.3691666671875 0.61625 0.3691666671875 0.618125 0.3641666671875 0.618125 0.3583333328125 0.615 0.35583333281249996 0.598125 0.355 0.5925 0.3591666671875 0.5912499999999999 0.365 0.5962500000000001 0.3691666671875
0 0.7150000000000001 0.3775 0.739375 0.3808333328125 0.75125 0.3808333328125 0.755 0.3775 0.754375 0.3716666671875 0.7474999999999999 0.36583333281249997 0.7162499999999999 0.36583333281249997 0.713125 0.3725 0.7150000000000001 0.3775