1 0.5697004234375 1 0.5728130296875 0.9911754609375001 0.5716553156249999 0.9843963953125 0.5399111578125 0.9474195078125 0.5061358640625 0.9231709234375 0.4928050265625 0.9271839171874999 0.48882985 0.9320461765625 0.4722230609375 0.9626027703125001 0.4670649671875 0.9822290015625 0.476181240625 1 0.5697004234375 1
1 0.3598335765625 0.8409016781249999 0.377405528125 0.8470670046875 0.3983084765625 0.8604263046874999 0.40549085468749996 0.8608606609375 0.41644436718750005 0.8423408578125 0.4280420625 0.811764821875 0.42947256874999995 0.8007955703125 0.42711359218749995 0.7975346203125 0.3914745046875 0.7776145265625 0.382781375 0.7759548828125 0.3597349828125 0.81746128125 0.35577815468749996 0.8335693984375 0.3598335765625 0.8409016781249999
1 0.566166971875 0.8015971859375 0.5686313968750001 0.7955096375 0.5659697875 0.75471639375 0.5223000984375 0.73232628125 0.517352903125 0.7332555171874999 0.50654153125 0.7649185375 0.5064360828125001 0.774267034375 0.556935109375 0.8026452796875001 0.566166971875 0.8015971859375
1 0.5615617734375 1 0.5661693859375 0.98803336875 0.564101553125 0.9782699625 0.5087424328125 0.9302265953125 0.5014981546875 0.928843559375 0.47255089687499996 0.978592028125 0.472321653125 0.986043165625 0.48759601874999997 1 0.5615617734375 1
1 0.4105434984375 0.8505829265625 0.4264694109375 0.809590853125 0.4264510625 0.79834499375 0.3835058015625 0.7760931875 0.35919625 0.8201690171875 0.3565025796875 0.8337077015625001 0.40337947031250004 0.8613944281249999 0.4105434984375 0.8505829265625
1 0.516286925 0.782705740625 0.562792425 0.8047003875 0.5687551921875 0.797406996875 0.5769783421875 0.7699341640624999 0.57575873125 0.7622064187500001 0.554855784375 0.74884711875 0.5194642843749999 0.7327217453125 0.5058790015625 0.7657289140625 0.5057116546875 0.77412873125 0.516286925 0.782705740625
1 0.4024532203125 0.7375516875 0.44827784531250003 0.749110853125 0.4566866890625 0.724484059375 0.45660644218749996 0.71228951875 0.45043963593749997 0.7054910109375 0.40401437968750004 0.6956909046875001 0.3947573140625 0.7182820359375001 0.394175028125 0.731286946875 0.4024532203125 0.7375516875
1 0.446828990625 0.7488342453125 0.450866065625 0.744920665625 0.45794985 0.7219146249999999 0.4557582203125 0.71025385625 0.4013642609375 0.698932409375 0.3935560515625 0.7218001484375 0.3941131328125 0.73033826875 0.4075242140625 0.7385198125 0.446828990625 0.7488342453125
8 1 0.6186613640624999 0.9819010406249999 0.6055290546875 0.9671649015625 0.5989682640625 0.9498405390625001 0.596597659375 0.9436920796875 0.6010450078125 0.9390291703125 0.6282606796875 0.930682225 0.653836153125 0.92146870625 0.6661301046875 0.880919115625 0.6696309625 0.8232125124999999 0.6623614 0.8147050765625 0.6635477984375 0.8037951124999999 0.6717704234374999 0.7937769234375 0.6717315328125 0.7853130390625 0.662620753125 0.7622368093749999 0.6488465421875 0.724027846875 0.64436249375 0.7156075109375 0.6249545359375 0.7131315953125 0.5870073312499999 0.7156395703125 0.5706226046875 0.7075287265625 0.55595805 0.7015476125 0.5520055796875 0.6051368625 0.532662528125 0.5990319546875 0.5268126984375 0.580673675 0.5195603890625 0.5728104218750001 0.508690553125 0.56544235 0.50541015625 0.532879809375 0.5216782125 0.5244526203125 0.5350591484375 0.38878527812499997 0.57192813125 0.3792874765625 0.5579356484375 0.37139901875 0.568608846875 0.3272456390625 0.5826640453125 0.3262300671875 0.5890281984375 0.33161055 0.5947397234375 0.32914612499999996 0.6008272703124999 0.32208754375000004 0.6022902765625 0.316911103125 0.6106706484375 0.28433021406250003 0.6156928484375 0.2762560625 0.6235200046875 0.2735004984375 0.6361100109375 0.3081332859375 0.8160415453125 0.3370646140625 0.9414834078125001 0.34835628125 1 0.7951599609375 1 0.7777342640625 0.9740860781249999 0.7686078515625 0.9657856734375001 0.761512575 0.9447569625 0.7514141421875 0.9325235359375 0.7469873312499999 0.919499175 0.7376018328125 0.8633692999999999 0.7383950140625 0.8316673890624999 0.734568834375 0.816883975 0.7446924734375 0.807574365625 0.7428974328125 0.780062640625 0.7347682421874999 0.754152225 0.7349974859375 0.7467010890625 0.78360288125 0.7241272125 0.804239890625 0.722445934375 0.8346291499999999 0.70576296875 0.8577924796874999 0.6989428249999999 0.8819645250000001 0.7185474203125 0.891171184375 0.7390423609375001 0.8995112734375 0.74625578125 0.894878203125 0.8287520625000001 0.887695825 0.8283177078125 0.88365875 0.8322312875 0.8912927609375 0.8505522609374999 0.905137128125 0.8653745671875 0.9184863109375 0.87260743125 0.93160625 0.8872914328125001 0.953772359375 0.8980813015625 0.9660440765624999 0.9107296390625 1 0.9334972968749999 1 0.6186613640624999
10 0.7165083625 0.4742915890625 0.7106189875 0.5265684109375 0.7051193437500001 0.5957831703124999 0.705316528125 0.6426639625 0.7180031828125 0.650707203125 0.79201858125 0.666711525 0.8160920328125 0.6628757249999999 0.9151529015625 0.6789772703125 0.9257717218750001 0.6772571046875 0.9308243671875 0.6669793703125 0.945326628125 0.6041676546875 0.9630360906250001 0.5466525515625 0.967345959375 0.5249906578125 0.9656930625 0.5106221515625 0.95650475 0.50137306875 0.9296390359375 0.49530715625 0.7857874609375 0.47252815156250005 0.7204216421875 0.46848064999999994 0.7165083625 0.4742915890625
10 1 0.377234240625 0.8027495124999999 0.32680524218749996 0.7966010515625 0.3312525921875 0.7926442203125 0.347360709375 0.7814225484375 0.46045247187499994 0.786388090625 0.47076909375 0.8026349875 0.478555175 0.9588637265625 0.5046340203125 0.9644299015625 0.5131915859375 0.9662065921874999 0.5294574515625 0.9549986328125 0.576971428125 0.954416346875 0.5899763421875 0.959920625 0.597585228125 1 0.6034443453125 1 0.377234240625
4 0.1307788234375 0.15916819531249998 0.1184016578125 0.155868353125 0.11219130156249998 0.1593670234375 0.11220964687499999 0.17061288125000001 0.12254881718749999 0.21942992343749998 0.1220032265625 0.25492655468750003 0.1373262875 0.325306075 0.140657284375 0.33250005312500003 0.14808725 0.3367291265625 0.159157703125 0.3528955796875 0.1624015984375 0.38068390937499996 0.168029671875 0.3901901546875 0.1836140359375 0.398786609375 0.19524842656250002 0.390702290625 0.2064243265625 0.39752024375 0.2120959515625 0.3967293140625 0.2146039265625 0.3803445875 0.218641 0.3764310078125 0.21891379687499998 0.35868269375 0.2255390921875 0.350578925 0.2289571875 0.3371785453125 0.21807928593749998 0.29106924218749997 0.2223456046875 0.2797045234375 0.2238632140625 0.24814091875000002 0.21593806249999997 0.2363224015625 0.17320370000000002 0.1953735984375 0.1485731640625 0.190671278125 0.1423880109375 0.172626909375 0.1307788234375 0.15916819531249998
12 0.43888307656250003 0.5393336859375 0.43469700156249996 0.5628929406250001 0.436863428125 0.59609674375 0.4443048890625 0.644360571875 0.45518964687499996 0.6576809828125 0.4659941609375 0.6588068578125 0.473343884375 0.65084139375 0.46683775 0.584018875 0.4642747328125 0.5666660265625 0.4562876828125 0.553898828125 0.4548823796875 0.5433250421875 0.451798975 0.5399257890625 0.43888307656250003 0.5393336859375
5 0.526765825 0.6582298171875001 0.5228525453125 0.66404075625 0.527563640625 0.7033515515625 0.530108309375 0.7094585437500001 0.535303096875 0.7123240296875 0.6596570296875 0.7323175203125001 0.6637560031249999 0.72935261875 0.662598290625 0.72257355625 0.6544874453125 0.7079089984375 0.6491940640625 0.6816031171875 0.6439373796875 0.6777889515625 0.53612148125 0.6590790828124999 0.526765825 0.6582298171875001
5 1 0.7756466375 0.98232525 0.7545712499999999 0.893821303125 0.73580085625 0.8844656437499999 0.7349515875 0.8819393218749999 0.74009045625 0.8805455078125 0.7735514218749999 0.88314521875 0.8133959875000001 0.9407280296874999 0.8187681906250001 0.9715872671874999 0.8312177015625 1 0.83627798125 1 0.7756466375
4 0.791594178125 0.22162060625 0.771074109375 0.2579881375 0.7604117375 0.2700054828125 0.760244390625 0.2784053015625 0.771525740625 0.2758747578125 0.7772157125 0.286329684375 0.77814418125 0.3005598859375 0.7714936812500001 0.3302066875 0.773190128125 0.3342780140625 0.7803106078125001 0.333763690625 0.78161731875 0.32089707968750003 0.7898336125000001 0.3262131375 0.7931027109375 0.3324584328125 0.797369028125 0.3210937171875 0.8032882453125 0.3240975078125 0.805566975 0.31516391875 0.8161238984375 0.31249507187500003 0.8142302671874999 0.26154295312500003 0.8120386375 0.24988218281250002 0.8041753843749999 0.239012346875 0.8005349 0.22707497031249999 0.797389596875 0.22272703593749998 0.791594178125 0.22162060625
10 0.09726261093750001 0.1827490859375 0.09409896250000001 0.1671552921875 0.08499774843749999 0.137311853125 0.0420243015625 0.13107501875 0.0455493265625 0.18510142499999999 0.0666693109375 0.18534015312500002 0.0798947 0.19067565625 0.079585209375 0.1859322578125 0.09726261093750001 0.1827490859375