8 0.583690575 0.1904783046875 0.585496415625 0.20770180312500003 0.6165283328125 0.3734030140625 0.6245199546875 0.3844890390625 0.6401057406249999 0.37844455 0.6510899265625001 0.385504975 0.6580247484374999 0.4435050078125 0.677837490625 0.534769209375 0.6863431624999999 0.542616159375 0.6997179640625 0.5399098203125 0.7077554562499999 0.54329141875 0.718003928125 0.543334865625 0.7217111921875 0.5379839125 0.7194371687500001 0.5162950625 0.6332513765625001 0.093238225 0.6285867390625001 0.0813161375 0.62400999375 0.0783742921875 0.5873558125 0.1684426859375 0.583690575 0.1904783046875
8 0.7974842484375 0.8698695328125 0.7870599828125 0.851865603125 0.7601996671875 0.7096678890625 0.7281147921875 0.566491590625 0.7246999140625 0.5583474093749999 0.71927470625 0.5554551046875 0.7083115328125 0.5567370125 0.703755803125 0.5621375015625001 0.70969121875 0.5861798281249999 0.70747639375 0.613907078125 0.710845403125 0.629755684375 0.7060221390625 0.632604546875 0.6954392515625 0.6293715625 0.683514859375 0.6377695296875 0.673530078125 0.664666809375 0.67794435625 0.706768696875 0.688118259375 0.754952428125 0.7009082859375 0.7792363515625 0.7074246359374999 0.8006775109375001 0.7299949546875 0.82053953125 0.7336773640625001 0.831235340625 0.777702003125 0.8684572906250001 0.78111688125 0.8766014703125 0.7932839453125 0.8868018937500001 0.7974842484375 0.8698695328125
8 0.7412523140625 0.93605030625 0.7516765796875 0.9540542343749999 0.7565633953125 0.9858595343750001 0.8153302265625 0.9824283749999999 0.8122979359375 0.9460221109375 0.795670721875 0.9014242250000001 0.7884148140625 0.89735518125 0.7858484031249999 0.8891614625 0.7649081328125 0.8685624593749999 0.7530085984375 0.8609136640624999 0.7431862812500001 0.8486509 0.7412676859375 0.8384939203125 0.7349940109374999 0.8356511546875 0.731086096875 0.8390883828125 0.7316631874999999 0.8608763125 0.7412523140625 0.93605030625
10 0.54767448125 0.4820385375 0.5574757859374999 0.48595896562499996 0.5788880796875 0.486634225 0.6230751828125001 0.48469612968750003 0.62613463125 0.4813084390625 0.6041357625 0.377335628125 0.54226464375 0.38158984687499997 0.5329984015625 0.3827726796875 0.526611975 0.38699643125 0.5387254859375 0.45367947500000005 0.54767448125 0.4820385375
10 0.643917828125 0.6997699953125001 0.6606196093750001 0.6962275953125 0.659694778125 0.6141296046875 0.655677953125 0.6002442578125 0.5737111859375 0.6082390281250001 0.5713664406250001 0.610301365625 0.5762660687500001 0.6896000359375 0.581712290625 0.7008346750000001 0.5889013171874999 0.7042658109375 0.643917828125 0.6997699953125001
10 0.6167782046875 0.9131526640625 0.6277308203125 0.99338155 0.7183670078125 0.988089665625 0.703747871875 0.89588041875 0.7009349406250001 0.89347740625 0.6527940531249999 0.9065571578125 0.622449934375 0.9102542640625 0.6167782046875 0.9131526640625
10 0.567316828125 0.9462056984375 0.587746890625 0.94565468125 0.61103575 0.9398022515625 0.60606539375 0.8842547703125 0.60050641875 0.88008665 0.56538490625 0.8789281921875001 0.5582168953125 0.8838393906249999 0.567316828125 0.9462056984375
10 0.5002444515625 0.5181820296875 0.502743978125 0.5257378421875 0.5083029531250001 0.5299059640625 0.53192623125 0.5272430703125 0.5431569328125 0.528512790625 0.5455016828125 0.5264504546875 0.5399503921875 0.4735041421875 0.5370705796874999 0.4704632203125 0.49875585312500004 0.47141663749999996 0.4940663578125 0.4755413125 0.5002444515625 0.5181820296875
10 0.573762696875 0.7064333203125 0.5659717265624999 0.6972610171875 0.5286392328125 0.6994407109375 0.5350389875 0.752337484375 0.5391685625 0.7591563125 0.5595317421875 0.7579673890625 0.5708083171875 0.751532684375 0.57451558125 0.74618173125 0.573762696875 0.7064333203125
0 0.53421766875 0.2966986265625 0.5190790484375001 0.298866134375 0.5134952203125 0.310744775 0.5143188265624999 0.3267419984375 0.5275101515625 0.35485336875 0.5318862484375 0.3558814921875 0.53532598125 0.3479789078125 0.5371643640625 0.3003774546875 0.53421766875 0.2966986265625
0 0.5446035046875 0.5585935156249999 0.5489757546875 0.584010734375 0.5534856171875 0.5863146718750001 0.567842653125 0.584834609375 0.5707014515625 0.579533196875 0.5672655609375 0.56304668125 0.568853584375 0.5456250265625 0.564076190625 0.5407694625 0.5588516296875 0.5397908765625 0.5505007375 0.541562078125 0.5446035046875 0.5585935156249999
5 0.643365840625 0.3769705796875 0.6262837703125 0.38502787031249996 0.6376577250000001 0.469083028125 0.6554086234375001 0.46740481406249995 0.6576864890625 0.46470456718750003 0.6487241671875 0.379224978125 0.643365840625 0.3769705796875
5 0.650812665625 0.5864084484375 0.6555900593749999 0.5912640140625001 0.6990165921875 0.5983557015625001 0.7100466484375 0.5977117015625 0.6982178375 0.566311715625 0.6437153796875 0.5675684578125 0.650812665625 0.5864084484375