8 0.24675972031249999 0.3253765234375 0.2543447 0.32665139375 0.25442295625 0.342988303125 0.2651506765625 0.349667328125 0.310336959375 0.4541447203125 0.2943627625 0.4686315484375 0.3774295296875 0.65240274375 0.38404265937500004 0.656270228125 0.39560439999999997 0.6452816984374999 0.40590753125 0.624965759375 0.42668140781249997 0.5987778390625 0.4424284171875 0.571109021875 0.4527315484375 0.5507930828125 0.45779930625 0.533413134375 0.456421546875 0.5266096625000001 0.3755110390625 0.42312369531250005 0.2930627375 0.3342190390625 0.2650052703125 0.2987636453125 0.25930441718749997 0.29356551875000003 0.248040540625 0.298244209375 0.24009812187500001 0.3045411453125 0.24273449062500002 0.320672028125 0.24675972031249999 0.3253765234375
8 0.292357009375 0.8170292343750001 0.2959839125 0.8481663828125001 0.3051551546875 0.8518278390624999 0.305531275 0.8618549078125 0.2982628421875 0.871869075 0.3209511578125 0.985072859375 0.3738895109375 0.9613231359375 0.3749507203125 0.9568375703124999 0.3656416484375 0.9381011734375001 0.3659097265625 0.9324223187499999 0.374645278125 0.9273186734375001 0.40725655156249996 0.92029210625 0.42555057031250004 0.910647125 0.4686436953125 0.879518715625 0.4785595984375 0.8674055703124999 0.4712053359375 0.8252540859374999 0.418355815625 0.7031649140625 0.39644599999999997 0.663442884375 0.3836256484375 0.6651040046875 0.36555882031250003 0.687930975 0.31946836093750003 0.7645589125 0.292357009375 0.8170292343750001
12 0.2460989375 0.8792132125000001 0.2630636671875 0.87973265 0.30194173750000003 0.865915515625 0.30253746875 0.853295834375 0.29315771874999996 0.8540512671875 0.2578096140625 0.8650697640624999 0.24551431093749998 0.87360303125 0.2460989375 0.8792132125000001
10 0.190999228125 0.4448984734375 0.2018460921875 0.4490535609375 0.2066831359375 0.4725502265625 0.28251425937499997 0.46770005625 0.283694615625 0.4606905546875 0.273097146875 0.43325773281249996 0.2634604234375 0.421462159375 0.20400940312500002 0.42122158593750003 0.19180346406249998 0.427861903125 0.16122525000000001 0.4278102921875 0.1577250703125 0.42997794687499996 0.1585964578125 0.44750815 0.190999228125 0.4448984734375
10 0.1716112109375 0.6576645515624999 0.221127640625 0.65241939375 0.22242714375 0.6428859546875 0.2147452265625 0.607675296875 0.19525216875 0.606730903125 0.173904771875 0.609078778125 0.16872897343749998 0.6107528 0.168163028125 0.6227414984374999 0.1716112109375 0.6576645515624999
10 0.20066220937499998 0.5101216640625 0.2009898609375 0.503180840625 0.1903515015625 0.49460886249999997 0.187298121875 0.4873117578125 0.160894071875 0.4888097203125 0.16302406875 0.5156673328125 0.17749025937500001 0.515130828125 0.20066220937499998 0.5101216640625
10 0.20914784062499997 0.3843498078125 0.2524868328125 0.38400226718749997 0.26031010625 0.38022926562500003 0.260578184375 0.374550409375 0.25646359531249996 0.37173886718750004 0.21394751875 0.37264871718750003 0.19457360937499998 0.369180384375 0.1876328265625 0.372253728125 0.1849853546875 0.37435270625 0.18651204375 0.378001259375 0.20914784062499997 0.3843498078125
10 0.22590758906250002 0.3352275328125 0.2269390125 0.3313729515625 0.21983061875 0.3200023359375 0.175728278125 0.31852559999999996 0.1784242203125 0.333394515625 0.206325175 0.336176090625 0.22590758906250002 0.3352275328125
0 0.2297854609375 0.7749247828125 0.2355458859375 0.778860940625 0.249952503125 0.77958640625 0.261216378125 0.77490771875 0.26383759218749997 0.7193811203125 0.26157734375 0.71327730625 0.2549642140625 0.7094098234375 0.246347809375 0.7119895328125 0.2301651078125 0.73089325 0.2277448234375 0.7461742171875 0.2297854609375 0.7749247828125
5 0.30421909375 0.45778037187500004 0.3162276359375 0.43732708281250005 0.304479596875 0.4162727734375 0.29622062968749996 0.411280675 0.2919571078125 0.41162405468749996 0.2817433359375 0.43004703906249997 0.29913265624999996 0.457561440625 0.30421909375 0.45778037187500004
4 0.17460344218749999 0.23438579062499998 0.2117352140625 0.239566853125 0.2258141796875 0.24723314218749998 0.22311470937500003 0.2864228296875 0.2308784109375 0.2839117953125 0.2334178421875 0.26610689062500004 0.2413602609375 0.259809953125 0.25129484999999996 0.265295684375 0.274991853125 0.26715866875 0.289517615625 0.2653602 0.289875053125 0.257788390625 0.27464551875 0.256500615625 0.26409652031249997 0.2460356875 0.2522480171875 0.2451041953125 0.2334698375 0.22901618125 0.23591990937500001 0.2131042296875 0.2294557109375 0.20608182656250001 0.2210478140625 0.20424464687500002 0.213373471875 0.204862728125 0.20381500468749997 0.20940406718750001 0.17835301718750002 0.2089404 0.16858604375 0.21789862656249998 0.16905152343750002 0.22603274375 0.17460344218749999 0.23438579062499998
4 0.1026017234375 0.661965315625 0.12603065 0.66950715625 0.13199958125 0.6690264265625 0.13659075468749998 0.661742225 0.152792140625 0.6604373859375 0.16628647968750002 0.66249349375 0.1680029921875 0.6441262812499999 0.1648602515625 0.6387221265624999 0.1589211078125 0.638571871875 0.15106805 0.642975859375 0.128074815625 0.6441991171875 0.1047241453125 0.6529941890625001 0.10110481874999999 0.6576857796875 0.1026017234375 0.661965315625
10 0.1605336296875 0.6943860765625 0.1537417828125 0.6943044984375 0.15239381093749998 0.686870040625 0.152989540625 0.6742503578125 0.159137190625 0.6699837234375 0.1291733890625 0.6749113109375 0.12565100468749998 0.7135386890625 0.159025621875 0.7083364015625 0.1605336296875 0.6943860765625
10 0.1626823125 0.738842565625 0.1621683609375 0.7137405546875 0.15619943125 0.7142212859375 0.126909615625 0.7228661 0.1265708578125 0.7480367859375 0.1626823125 0.738842565625