4 0.411617825 0.4155636203125 0.386375815625 0.420662775 0.376617678125 0.4265734046875 0.3598084875 0.43018789375 0.355789634375 0.43318829062499997 0.354337875 0.4459562703125 0.3594291703125 0.4552139390625 0.38305008749999997 0.46094728125 0.4242433140625 0.491363065625 0.43204169375 0.49241396562500006 0.43359278906250004 0.49056864375 0.4353967671875 0.47203929375 0.42099888593749996 0.47385354687500003 0.41516026562499997 0.46584112031249997 0.41407203125 0.42404088125 0.415623128125 0.4221955609375 0.432770984375 0.4224520390625 0.4313463265625 0.41595534531249995 0.411617825 0.4155636203125
8 0.58456440625 1 0.6009371765625 0.9450277921874999 0.6142761640625001 0.9213231375 0.624370725 0.880108965625 0.6353548453125 0.8588497125 0.666810309375 0.75838791875 0.676581996875 0.7428449515625 0.6840688125 0.7207602078125 0.7072088328125 0.7014224234374999 0.7200262687500001 0.68154365625 0.731899946875 0.68023931875 0.7361152359375 0.65990973125 0.7373660765625 0.5861219203125 0.73333143125 0.5595801453125 0.743990434375 0.524817584375 0.7434959859375 0.5093787953125 0.7378831421875 0.5039470140625 0.7011467734375 0.485324459375 0.59556385625 0.44318551250000005 0.5878783656250001 0.4434249375 0.5838459609375 0.4560576703125 0.5624195484375 0.6026414890625 0.554537621875 0.620210103125 0.5582336046874999 0.6428809125 0.5472381734375 0.712947015625 0.5515257 0.7228047609375 0.5633429328124999 0.720855265625 0.5679262296875 0.72430648125 0.5853856515625 0.7476986015625 0.5861194281250001 0.7560856984375001 0.5666618375 0.807726628125 0.5694976046875 0.83035235625 0.5645914328125 0.8525723453125 0.5808113234375 0.9009454296875001 0.5751284812499999 0.904500821875 0.573676721875 0.9172688015625001 0.56334059375 0.92636015625 0.5572626421875 0.925399421875 0.5521848968749999 0.906509415625 0.5454860609375001 0.89845190625 0.5298328578125 0.8957049484375 0.525926890625 0.8999956671874999 0.5353643984375 0.9589307546875 0.5472541343749999 1 0.58456440625 1
8 0.5892036859374999 0.438998971875 0.5999349265625 0.434423746875 0.6108039140625 0.37269965781250003 0.6102936765625 0.32771869531250003 0.62229155 0.27889783437500004 0.623359509375 0.21280687656250002 0.6072411984375 0.214530965625 0.45879424531249996 0.26968709999999996 0.45673963281249996 0.344074990625 0.46831978124999996 0.3883516953125 0.4711826484375 0.3917127484375 0.5041394921875 0.40628400625000005 0.5137147453125 0.40807023124999997 0.5892036859374999 0.438998971875
12 0.577693434375 0.63041449375 0.6246101515625 0.6283778718749999 0.6311532078125001 0.6248675593749999 0.628994771875 0.6099837671875 0.61334156875 0.607236809375 0.564817309375 0.6104735890625 0.5498978796875 0.6161137250000001 0.5497149984374999 0.6238105796875 0.5534945234374999 0.627861875 0.577693434375 0.63041449375
10 0.456427871875 0.810298153125 0.5233688640625 0.802246725 0.53673719375 0.7984519062500001 0.5447297671875 0.7429991046875 0.5461950765625 0.7205987875 0.5430499875 0.7140119281249999 0.44852567031249996 0.7199755718749999 0.446256590625 0.7429759703125 0.45115369375 0.8087373390625 0.456427871875 0.810298153125
10 0.5003439109375 1 0.503565784375 0.9771725578125 0.4790146578125 0.980381309375 0.4414338671875 0.9912558468749999 0.44034600468749996 1 0.5003439109375 1
10 0.38417214843749997 0.6010063765625 0.39965601875 0.6018178515625 0.4183685234375 0.590596671875 0.4212155984375 0.5644155515625 0.418422725 0.5520673234375 0.3815463671875 0.5514191203125 0.3807019453125 0.5809162125 0.38417214843749997 0.6010063765625
10 0.4606205421875 0.8875822609374999 0.44374135625 0.9001839281249999 0.441725153125 0.90650029375 0.45118752031250003 0.906996196875 0.4619187625 0.9024209703125001 0.49742690625 0.8972176390625 0.532539940625 0.8874981796875 0.534838365625 0.8844076187500001 0.5323277156249999 0.8752851953125 0.5216664703125 0.8708732453125 0.4606205421875 0.8875822609374999
10 0.428106284375 0.72147425 0.3896788296875 0.7226713671875 0.392670378125 0.756864915625 0.4133719828125 0.7585920453125 0.4311542765625 0.756312959375 0.428106284375 0.72147425
10 0.4267719 0.8138815749999999 0.39539549687500003 0.8173748328125001 0.3969623875 0.8450716859374999 0.4098656125 0.8457479140625 0.4282259 0.8402881046875 0.4303120984375 0.8249845625000001 0.4267719 0.8138815749999999
0 0.4335002765625 0.35249011406249997 0.42602701249999997 0.36494252031249996 0.4368462828125 0.42009680468750005 0.4485370765625 0.42648932031250003 0.45691345156249996 0.4243594953125 0.465443365625 0.39462298125 0.47336818281250004 0.3873318640625 0.4686719984375 0.382590325 0.463650696875 0.36434548125 0.45317233593750006 0.3522366765625 0.4335002765625 0.35249011406249997
5 0.545436440625 0.7706508750000001 0.5532077203125 0.7909664484375 0.56368608125 0.803075253125 0.568043603125 0.8039458249999999 0.5735277671875 0.7785451109375 0.5848641015625 0.7515244875 0.5834958875 0.7456729531249999 0.56248271875 0.7208101828125 0.5591547453125 0.7219201765625 0.5566034453125 0.7416947671874999 0.545436440625 0.7706508750000001