8 1 0.39139074687500003 0.7283763734375001 0.5101214781250001 0.7305290328125 0.5130646265625 0.7410063921875001 0.51296648125 0.784847515625 0.497681121875 0.791820890625 0.5012763625 0.8100383531249999 0.5253351609375 0.808847290625 0.533887634375 0.793579571875 0.5412936796875 0.6602240703125 0.5880384828125 0.6512583046875 0.58341603125 0.6474034296875 0.57531755625 0.6423617390625 0.5568295421875 0.647667496875 0.5442874375 0.621632240625 0.5559197484375 0.61661665625 0.5643337359375 0.62239896875 0.576481453125 0.6281466796874999 0.5996111843749999 0.622520390625 0.6083214171875 0.5895421109375001 0.624318475 0.5607434859375 0.6333038765625 0.5450253234375 0.6429221015625 0.5436090390625 0.6525806656250001 0.5493179031250001 0.7056344250000001 0.55410401875 0.717268534375 0.5700777593749999 0.7145042109374999 1 0.5438395484375 1 0.39139074687500003
8 0.1337845703125 0.8812829671875001 0.148151403125 0.8783012781249999 0.305774990625 0.817790865625 0.519198303125 0.72921635625 0.5247596390625 0.723528153125 0.5259507015625 0.7149756796875 0.5210085671875 0.6824836234375 0.5170237828124999 0.6804292000000001 0.49658021406249997 0.694333296875 0.4662699953125 0.7080392984375 0.46189972187499995 0.7051750265625001 0.4590410421875 0.69759015625 0.4557058140625 0.665315465625 0.45146545156249995 0.656407140625 0.4440416359375 0.6550240781250001 0.417170446875 0.66805871875 0.416910625 0.680146825 0.39586059375 0.6754051546875 0.3743255203125 0.683857684375 0.3649742640625 0.6784253828125 0.359287265625 0.67121563125 0.34582131562499996 0.6697729609375 0.22946610625 0.7222270359375 0.21824812656249998 0.728665478125 0.198475978125 0.758193315625 0.196063496875 0.767338275 0.1326930625 0.8758313984375 0.1337845703125 0.8812829671875001
5 0.7948744343749999 0.499795153125 0.7872903515624999 0.49649615625 0.7369566515625 0.5139340859375 0.7139445828125 0.51612519375 0.6477628078125 0.549225403125 0.6462512125 0.5539460015625 0.649686 0.57221665 0.6550828234375 0.5835545171875001 0.6638883234375 0.5862610328125 0.8006828546874999 0.53884486875 0.8129619874999999 0.5298980046875 0.7948744343749999 0.499795153125
5 0.1691012421875 0.7564929421875 0.14088297031250002 0.7572221125 0.0858238671875 0.778945915625 0.0842141359375 0.780301859375 0.0976765421875 0.8085842328125 0.1468516578125 0.798187765625 0.15852007968749998 0.7895371421874999 0.1737270921875 0.766211115625 0.17385700312500002 0.7601670625 0.1691012421875 0.7564929421875
5 0.47262353125 0.6092607484375 0.46211156875 0.620340915625 0.46019750625 0.7000197 0.46189972187499995 0.7051750265625001 0.46588450625 0.70722945 0.5083135921874999 0.6826606468749999 0.5035274765625 0.6710265375 0.502856059375 0.6554027984374999 0.4962420625 0.62571540625 0.483100890625 0.6091626 0.47262353125 0.6092607484375
10 0.750170634375 0.34902679375 0.742911328125 0.330617659375 0.7417245109375 0.3202281265625 0.597066653125 0.3913954125 0.555298053125 0.40866595156249996 0.549126009375 0.41465039687500005 0.6059529218749999 0.5356139468750001 0.612185675 0.5455494828125 0.62015524375 0.5496583296875001 0.7955889453125 0.46655285781250005 0.7987074453125 0.46204962343749995 0.750170634375 0.34902679375
10 0.364016915625 0.6479877515625 0.402392015625 0.643328559375 0.42893842656250003 0.6454040546875001 0.4375533046875 0.638234640625 0.3962411984375 0.5546029625 0.36854681718750004 0.5122139078125 0.29497582499999997 0.5329490375 0.254733996875 0.5494789718749999 0.24772602500000002 0.5568657499999999 0.26160357031250003 0.586020265625 0.2888475109375 0.6306215 0.3107595828125 0.6608628375000001 0.364016915625 0.6479877515625
10 0.5064929296875 0.345615246875 0.51205001875 0.35886905156250004 0.5133321453125 0.37419655 0.5236103953125 0.40210649218750005 0.5289768625 0.40548436875 0.5368511234375 0.4046552515625 0.5485195453125 0.39600463124999996 0.610361403125 0.3680001390625 0.612323440625 0.3610673609375 0.6101404265625 0.35016422187499996 0.6065107750000001 0.3409596546875 0.5982206734375 0.33301893437499996 0.5881026890625 0.30702492812500004 0.5814498484375 0.3072615609375 0.5093862078125 0.3422180984375 0.5064929296875 0.345615246875
10 0.278525534375 0.5110235390625 0.2823196984375 0.5032020359375 0.26282010625 0.46381574062500003 0.198760634375 0.49189910625 0.1905312421875 0.49987836718749995 0.20093940312499997 0.5217442546875 0.21125225312499998 0.5386721796875 0.2156225234375 0.5415364484375 0.278525534375 0.5110235390625
10 0.06956780312500001 0.6074002875 0.0562056578125 0.5730115609374999 0.050293434375 0.5669079015625 0.0034304265624999996 0.589640146875 0.0035538062500000004 0.61084733125 0.015423170312500002 0.6357829781250001 0.017978084375 0.6364127171875 0.0659988609375 0.6141156999999999 0.06956780312500001 0.6074002875
10 0.7348846578125 0.151092771875 0.6936466343750001 0.1671091015625 0.687795121875 0.1769254203125 0.696050625 0.1958481609375 0.697622928125 0.2070475421875 0.704145859375 0.2128549640625 0.7449983953125 0.1960287875 0.7497887546875 0.1887208859375 0.7421439624999999 0.16950190625 0.7407968796875 0.1571964359375 0.7348846578125 0.151092771875
10 0.31828168125 0.36713375312499996 0.2791963171875 0.38609323125 0.2773945453125 0.394941946875 0.2858103125 0.4157806234375 0.2964782921875 0.425558403125 0.3121315015625 0.4189622046875 0.317051771875 0.405610253125 0.33010187968750004 0.398283084375 0.3338960421875 0.3904615796875 0.32409859218750003 0.36829945 0.31828168125 0.36713375312499996
10 0.3595112140625 0.38900144062500003 0.3718207 0.388014565625 0.3834241671875 0.3823859734375 0.389050459375 0.3736757421875 0.38192106406250004 0.34922255625 0.3784516765625 0.3419339265625 0.37446689375000003 0.33987950312500004 0.337438875 0.3568441640625 0.33165231875 0.3636384578125 0.334190465625 0.3673914546875 0.347205971875 0.3710463046875 0.355526428125 0.3869470171875 0.3595112140625 0.38900144062500003
0 0.4402638171875 0.4465234984375 0.44260709687500005 0.459342575 0.44838940781250003 0.471490290625 0.4571299515625 0.4772188328125 0.487985925 0.466238615625 0.50736834375 0.454842940625 0.5077884296875 0.44467076875 0.5108419734375 0.4431895578125 0.5104910874999999 0.43139769375 0.506346034375 0.427427334375 0.48253263750000003 0.42003875625 0.468841465625 0.419702175 0.4642113734375 0.42892601093750005 0.44299682812499996 0.4412104140625 0.4402638171875 0.4465234984375
0 0.940031878125 0.2788596171875 0.9497079093749999 0.269181784375 0.934929478125 0.244451625 0.9173184750000001 0.2390385921875 0.91439484375 0.23447574843750002 0.8716452265625 0.25521267812500004 0.8533543171875 0.272059925 0.8299221593749999 0.28442320312499997 0.8236202046875001 0.2964517015625 0.8253224187500001 0.30160702968750003 0.84421979375 0.30340555 0.9176305171875001 0.2807544859375 0.940031878125 0.2788596171875
4 0.6876913203125 0.209871475 0.6769237828125 0.2140977390625 0.670236340625 0.2253163890625 0.6703923609375 0.24617433437499997 0.6548520843750001 0.3224945140625 0.6771192859374999 0.345585709375 0.7434613265625 0.3144014375 0.7396410546875 0.2953209421875 0.7510235453125 0.271856428125 0.750222215625 0.26227674218749997 0.745756634375 0.25447450625 0.7308786453125 0.24374839062500003 0.7179584484375 0.2450315078125 0.702248778125 0.21676571562500002 0.6967220421875 0.2114719015625 0.6876913203125 0.209871475