8 0.44437499999999996 0.44333333281250004 0.47375 0.43833333281250003 0.47375 0.4425 0.47750000000000004 0.445 0.47750000000000004 0.45083333281250004 0.48375 0.4516666671875 0.5181250000000001 0.4233333328125 0.5425 0.40833333281249995 0.546875 0.4025 0.541875 0.3433333328125 0.5549999999999999 0.3283333328125 0.51625 0.31916666718750003 0.43187499999999995 0.31083333281250003 0.39 0.32999999999999996 0.38625 0.3333333328125 0.385625 0.3391666671875 0.3775 0.3433333328125 0.361875 0.3441666671875 0.2375 0.4025 0.23500000000000001 0.40416666718750005 0.23500000000000001 0.41 0.24312499999999998 0.4725 0.254375 0.4725 0.254375 0.45999999999999996 0.2475 0.42000000000000004 0.253125 0.4166666671875 0.27 0.42000000000000004 0.28250000000000003 0.4266666671875 0.37687499999999996 0.44333333281250004 0.42374999999999996 0.43833333281250003 0.44437499999999996 0.44333333281250004
8 0.759375 0.6925 0.766875 0.6891666671875 0.775 0.6900000000000001 0.920625 0.735 0.9275 0.7283333328125 0.93 0.7033333328125 0.93625 0.6858333328125 0.9375 0.6683333328125001 0.9356249999999999 0.665 0.889375 0.6508333328125 0.88125 0.6383333328125 0.8800000000000001 0.61 0.8856249999999999 0.6025 0.8856249999999999 0.5983333328125 0.8787499999999999 0.5816666671874999 0.8787499999999999 0.5433333328125001 0.87375 0.5391666671875 0.82 0.5266666671875 0.8081250000000001 0.525 0.805625 0.5283333328125 0.7943749999999999 0.5966666671875 0.7825 0.5983333328125 0.6756249999999999 0.5675 0.67375 0.545 0.67625 0.52 0.685625 0.5033333328125 0.6849999999999999 0.49749999999999994 0.641875 0.49083333281249997 0.6068749999999999 0.5333333328125 0.57875 0.5858333328125 0.571875 0.605 0.57125 0.6233333328125 0.573125 0.6258333328125001 0.619375 0.6408333328125 0.64 0.6541666671875 0.7 0.6683333328125001 0.739375 0.6841666671875 0.74875 0.6849999999999999 0.75 0.6875 0.7462500000000001 0.7 0.754375 0.705 0.760625 0.7016666671875 0.759375 0.6925
8 0.5475 0.6133333328125 0.553125 0.595 0.5700000000000001 0.5683333328125 0.56875 0.5641666671875 0.563125 0.5641666671875 0.54875 0.5716666671875 0.5337500000000001 0.5708333328124999 0.4625 0.5491666671875 0.448125 0.5341666671875 0.448125 0.5191666671874999 0.445625 0.515 0.426875 0.5133333328125 0.41 0.5058333328125 0.40374999999999994 0.49749999999999994 0.41 0.49083333281249997 0.42437500000000006 0.4858333328125 0.46375 0.48666666718749996 0.48624999999999996 0.45999999999999996 0.475 0.4516666671875 0.43375 0.44333333281250004 0.39187500000000003 0.44000000000000006 0.34562499999999996 0.4716666671875 0.33187500000000003 0.47750000000000004 0.28500000000000003 0.5141666671875 0.28312499999999996 0.5158333328125 0.28312499999999996 0.6066666671875 0.294375 0.6008333328125001 0.296875 0.5825 0.3075 0.5650000000000001 0.30062500000000003 0.5533333328125 0.301875 0.5458333328125 0.30625 0.5433333328125001 0.32125 0.545 0.384375 0.5633333328125001 0.53625 0.615 0.5475 0.6133333328125
8 0.54375 0.7474999999999999 0.545 0.7891666671875 0.56875 0.7891666671875 0.5743750000000001 0.7091666671875 0.5743750000000001 0.645 0.568125 0.6275000000000001 0.55125 0.6224999999999999 0.5475 0.6241666671874999 0.54625 0.63 0.54875 0.6925 0.54375 0.7474999999999999
0 0.565625 0.5733333328125 0.585 0.5575 0.59875 0.5391666671875 0.60375 0.515 0.604375 0.485 0.6018749999999999 0.4733333328125 0.5974999999999999 0.4683333328125 0.515 0.4525 0.480625 0.4641666671875 0.4625 0.48666666718749996 0.438125 0.4875 0.4225 0.4841666671875 0.410625 0.4891666671875 0.3975 0.5008333328125001 0.396875 0.505 0.4 0.5075000000000001 0.41125 0.5041666671875 0.429375 0.5133333328125 0.445 0.515 0.446875 0.5191666671874999 0.445625 0.5375 0.45062499999999994 0.5475 0.4575 0.5533333328125 0.525625 0.5741666671875 0.556875 0.5766666671875 0.565625 0.5733333328125
10 0.999375 0.35750000000000004 0.8481249999999999 0.34249999999999997 0.8275 0.4933333328125 0.826875 0.5016666671875 0.83125 0.5058333328125 0.90625 0.51 0.999375 0.5258333328125 0.999375 0.35750000000000004
10 0.81875 0.2266666671875 0.8168749999999999 0.2366666671875 0.81375 0.2816666671875 0.8081250000000001 0.3083333328125 0.809375 0.32 0.82 0.3258333328125 0.8487500000000001 0.325 0.875625 0.32 0.8875 0.32999999999999996 0.940625 0.335 0.9581250000000001 0.24 0.9568749999999999 0.23333333281250002 0.82125 0.225 0.81875 0.2266666671875
5 0.766875 0.5433333328125001 0.784375 0.5466666671875 0.7975 0.5441666671875 0.77625 0.49916666718749997 0.749375 0.45083333281250004 0.70375 0.45 0.686875 0.45499999999999996 0.6875 0.47750000000000004 0.715625 0.5425 0.766875 0.5433333328125001
1 0.433125 0.4516666671875 0.41125 0.44666666718750003 0.39375 0.45583333281250005 0.39187500000000003 0.45999999999999996 0.39437500000000003 0.46333333281250005 0.41312499999999996 0.46666666718750005 0.43125 0.45999999999999996 0.433125 0.4516666671875
3 0.32999999999999996 0.49000000000000005 0.32125 0.49749999999999994 0.319375 0.505 0.3225 0.5025000000000001 0.32875 0.5141666671875 0.34125 0.5191666671874999 0.35625 0.515 0.3725 0.5025000000000001 0.365 0.48250000000000004 0.356875 0.4808333328125 0.35125 0.48666666718749996 0.34249999999999997 0.47583333281250006 0.335 0.4766666671875 0.32999999999999996 0.49000000000000005
12 0.34625 0.3433333328125 0.34375 0.3725 0.349375 0.42750000000000005 0.365625 0.4308333328125 0.361875 0.35750000000000004 0.354375 0.3416666671875 0.34625 0.3433333328125