8 0.75125 0.5566666671875 0.555625 0.5633333328125001 0.551875 0.5650000000000001 0.559375 0.5691666671875 0.584375 0.5708333328124999 0.590625 0.5875 0.585 0.5941666671875 0.500625 0.595 0.48125 0.5925 0.47375 0.5966666671875 0.429375 0.5974999999999999 0.41875 0.6016666671875 0.40750000000000003 0.625 0.40374999999999994 0.64 0.41875 0.6441666671874999 0.8612500000000001 0.6316666671875 0.9400000000000001 0.6258333328125001 0.9275 0.6141666671875 0.890625 0.5933333328125 0.8143750000000001 0.5549999999999999 0.7675 0.5566666671875 0.760625 0.5666666671875 0.75125 0.5566666671875
8 0.3225 0.6075 0.325625 0.6025 0.325 0.595 0.3125 0.5891666671875 0.305625 0.5816666671874999 0.30625 0.5775 0.29874999999999996 0.5741666671875 0.240625 0.5741666671875 0.203125 0.5783333328125 0.174375 0.5891666671875 0.160625 0.5983333328125 0.14937499999999998 0.6116666671875 0.133125 0.6166666671875001 0.08687500000000001 0.6508333328125 0.0875 0.6558333328125 0.15812500000000002 0.655 0.37312500000000004 0.6441666671874999 0.38625 0.64 0.3875 0.6224999999999999 0.383125 0.62 0.353125 0.6216666671875 0.34187500000000004 0.6158333328125 0.328125 0.6166666671875001 0.3225 0.6075
8 0 0.6575 0.05625 0.6566666671875 0.091875 0.6333333328124999 0.10187500000000001 0.6233333328125 0.093125 0.6125 0.096875 0.605 0.0925 0.6016666671875 0.055625 0.6008333328125001 0.03 0.6083333328125 0 0.6075 0 0.6575
10 0.485 0.4716666671875 0.48 0.47416666718749995 0.478125 0.4875 0.478125 0.5308333328125 0.480625 0.5533333328125 0.48375 0.5566666671875 0.5912499999999999 0.5558333328125 0.5962500000000001 0.5533333328125 0.59375 0.515 0.595625 0.47583333281250006 0.590625 0.4691666671875 0.5337500000000001 0.4683333328125 0.485 0.4716666671875
10 0 0.5708333328124999 0.058125 0.5708333328124999 0.08125 0.5658333328125 0.083125 0.5533333328125 0.0775 0.5183333328125 0.06687499999999999 0.485 0.00375 0.4858333328125 0 0.48666666718749996 0 0.5708333328124999
8 0.3 0.485 0.289375 0.5125 0.27937500000000004 0.5175 0.27375 0.5258333328125 0.27125 0.5458333328125 0.275625 0.5583333328125 0.343125 0.5725 0.3525 0.5708333328124999 0.35625 0.5658333328125 0.35625 0.5475 0.34875 0.48333333281249996 0.346875 0.48166666718749995 0.30625 0.48 0.3 0.485
10 0.30625 0.47083333281249995 0.304375 0.43583333281250003 0.30062500000000003 0.43166666718749996 0.253125 0.43166666718749996 0.248125 0.4341666671875 0.250625 0.47416666718749995 0.3025 0.4733333328125 0.30625 0.47083333281249995
10 0.080625 0.44666666718750003 0.08375 0.46166666718749994 0.08562499999999999 0.4683333328125 0.090625 0.4733333328125 0.128125 0.47083333281249995 0.1375 0.4658333328125 0.138125 0.4408333328125 0.13625 0.43833333281250003 0.081875 0.43916666718749997 0.080625 0.44666666718750003
10 0.469375 0.4341666671875 0.47375 0.4525 0.479375 0.4591666671875 0.515625 0.4583333328125 0.5275000000000001 0.4491666671875 0.5231250000000001 0.42750000000000005 0.52 0.425 0.479375 0.4233333328125 0.47000000000000003 0.4266666671875 0.469375 0.4341666671875
10 0.2625 0.5075000000000001 0.273125 0.5591666671875 0.290625 0.5633333328125001 0.29500000000000004 0.5691666671875 0.30062500000000003 0.5683333328125 0.32687499999999997 0.5775 0.36 0.5758333328125 0.350625 0.4791666671875 0.2625 0.4791666671875 0.2625 0.5075000000000001
4 0.593125 0.42000000000000004 0.5825 0.4258333328125 0.566875 0.4516666671875 0.5650000000000001 0.46166666718749994 0.585 0.46166666718749994 0.60375 0.4583333328125 0.619375 0.45 0.621875 0.44333333281250004 0.621875 0.4308333328125 0.615 0.40083333281250005 0.60875 0.3966666671875 0.6018749999999999 0.3991666671875 0.593125 0.42000000000000004
0 0.6475 0.47416666718749995 0.646875 0.4783333328125 0.650625 0.48250000000000004 0.6849999999999999 0.48666666718749996 0.69375 0.4925 0.708125 0.4925 0.711875 0.4883333328125 0.70875 0.47000000000000003 0.7006249999999999 0.46166666718749994 0.689375 0.4608333328125 0.6475 0.47416666718749995
0 0.4425 0.4883333328125 0.456875 0.47750000000000004 0.45562500000000006 0.4716666671875 0.4375 0.46333333281250005 0.414375 0.4658333328125 0.41187500000000005 0.4808333328125 0.416875 0.485 0.4425 0.4883333328125
12 0.7681250000000001 0.5916666671875 0.77125 0.5566666671875 0.766875 0.5325 0.756875 0.5283333328125 0.750625 0.5616666671874999 0.75 0.5916666671875 0.764375 0.6 0.7681250000000001 0.5916666671875
5 0.495625 0.5700000000000001 0.49375 0.5891666671875 0.49625 0.5916666671875 0.5900000000000001 0.5925 0.5862499999999999 0.5700000000000001 0.495625 0.5700000000000001
5 0.3525 0.615 0.35375 0.6216666671875 0.38375 0.615 0.40125 0.5616666671874999 0.3775 0.5666666671875 0.3525 0.615
10 0.350625 0.4216666671875 0.351875 0.4158333328125 0.361875 0.4141666671875 0.366875 0.4141666671875 0.37124999999999997 0.42000000000000004 0.369375 0.3933333328125 0.335 0.395 0.33625 0.4216666671875 0.350625 0.4216666671875
10 0.40625 0.4183333328125 0.40499999999999997 0.3933333328125 0.37875000000000003 0.39416666718750004 0.38 0.41166666718749995 0.383125 0.41916666718749995 0.403125 0.4216666671875 0.40625 0.4183333328125
10 0.5818749999999999 0.41166666718749995 0.5818749999999999 0.385 0.5675 0.3858333328125 0.5675 0.4125 0.5818749999999999 0.41166666718749995
10 0.7893749999999999 0.39249999999999996 0.7887500000000001 0.4066666671875 0.8106249999999999 0.40416666718750005 0.8143750000000001 0.3783333328125 0.791875 0.3791666671875 0.7893749999999999 0.39249999999999996
10 0.834375 0.37333333281250003 0.8318749999999999 0.3991666671875 0.8712500000000001 0.3991666671875 0.8724999999999999 0.3966666671875 0.874375 0.3716666671875 0.834375 0.37333333281250003
8 0.7125 0.49583333281249997 0.835625 0.5625 0.945 0.5575 0.95375 0.5491666671875 0.943125 0.5425 0.765625 0.47750000000000004 0.713125 0.4791666671875 0.7112499999999999 0.48 0.7125 0.49583333281249997