8 0.608125 0.49083333281249997 0.6275000000000001 0.48166666718749995 0.6375 0.47083333281249995 0.6331249999999999 0.4641666671875 0.44375 0.3741666671875 0.43062500000000004 0.3891666671875 0.323125 0.33999999999999997 0.315625 0.3291666671875 0.299375 0.3283333328125 0.2975 0.32083333281250004 0.2925 0.3166666671875 0.27625 0.3133333328125 0.270625 0.32083333281250004 0.26687500000000003 0.33166666718750004 0.2725 0.3375 0.31 0.36666666718749996 0.40499999999999997 0.4516666671875 0.514375 0.5358333328125 0.52125 0.5375 0.538125 0.5333333328125 0.5575 0.5241666671874999 0.58375 0.51 0.608125 0.49083333281249997
8 0.91625 0.4658333328125 0.9356249999999999 0.47583333281250006 0.9400000000000001 0.475 0.959375 0.42416666718749996 0.845 0.3966666671875 0.835625 0.4033333328125 0.8256249999999999 0.4025 0.82125 0.3933333328125 0.79 0.3883333328125 0.74 0.4125 0.6675 0.45416666718750004 0.64625 0.47083333281249995 0.645625 0.48333333281249996 0.686875 0.5066666671875 0.8125 0.5641666671875 0.8550000000000001 0.5733333328125 0.86625 0.5641666671875 0.89375 0.5233333328125 0.9018750000000001 0.5058333328125 0.90625 0.47416666718749995 0.9106249999999999 0.4658333328125 0.91625 0.4658333328125
12 0.85 0.3625 0.8481249999999999 0.3458333328125 0.8425 0.34500000000000003 0.835 0.3566666671875 0.826875 0.3908333328125 0.826875 0.4 0.8393750000000001 0.4 0.85 0.3625
10 0.41187500000000005 0.24 0.39437500000000003 0.2383333328125 0.39249999999999996 0.2416666671875 0.395 0.2716666671875 0.38937499999999997 0.2833333328125 0.39437500000000003 0.3416666671875 0.406875 0.3516666671875 0.43499999999999994 0.3633333328125 0.441875 0.3625 0.440625 0.2883333328125 0.416875 0.28250000000000003 0.41187500000000005 0.2716666671875 0.41187500000000005 0.24
10 0.5756249999999999 0.3025 0.61125 0.3116666671875 0.620625 0.31083333281250003 0.621875 0.2625 0.586875 0.2575 0.575 0.2575 0.57375 0.2625 0.573125 0.2833333328125 0.5756249999999999 0.3025
10 0.47062499999999996 0.2841666671875 0.47750000000000004 0.2841666671875 0.480625 0.2616666671875 0.48 0.2475 0.453125 0.24416666718750002 0.45375 0.27 0.46125 0.2733333328125 0.47062499999999996 0.2841666671875
10 0.339375 0.265 0.336875 0.2716666671875 0.34187500000000004 0.2908333328125 0.344375 0.3325 0.34750000000000003 0.3366666671875 0.353125 0.3366666671875 0.35625 0.3291666671875 0.353125 0.2866666671875 0.34500000000000003 0.2641666671875 0.34125 0.2625 0.339375 0.265
10 0.305 0.2816666671875 0.3 0.2541666671875 0.28500000000000003 0.2508333328125 0.29 0.2941666671875 0.301875 0.3016666671875 0.305625 0.3008333328125 0.305 0.2816666671875
0 0.681875 0.3383333328125 0.6799999999999999 0.3466666671875 0.684375 0.3533333328125 0.690625 0.35583333281249996 0.745625 0.35583333281249996 0.749375 0.34500000000000003 0.7474999999999999 0.3308333328125 0.743125 0.325 0.714375 0.32166666718750003 0.6993750000000001 0.3233333328125 0.681875 0.3383333328125
5 0.414375 0.39416666718750004 0.43375 0.38333333281250004 0.433125 0.3783333328125 0.40437500000000004 0.36 0.38687499999999997 0.3691666671875 0.38687499999999997 0.37333333281250003 0.39249999999999996 0.38166666718750003 0.414375 0.39416666718750004
4 0.23374999999999999 0.36 0.24125000000000002 0.36 0.241875 0.3458333328125 0.238125 0.3225 0.231875 0.3125 0.2375 0.305 0.255 0.30333333281249997 0.256875 0.2958333328125 0.21812499999999999 0.2966666671875 0.209375 0.28250000000000003 0.20125 0.24583333281250003 0.1925 0.24 0.184375 0.2391666671875 0.17625 0.2483333328125 0.17875000000000002 0.2733333328125 0.175 0.28250000000000003 0.175 0.29 0.1775 0.2983333328125 0.185 0.305 0.200625 0.30333333281249997 0.21812499999999999 0.3225 0.22000000000000003 0.3341666671875 0.23125 0.34500000000000003 0.23374999999999999 0.36
4 0.620625 0.195 0.61625 0.1933333328125 0.6118750000000001 0.1966666671875 0.605 0.21916666718750002 0.6056250000000001 0.2416666671875 0.6018749999999999 0.2491666671875 0.6025 0.255 0.608125 0.25833333281250004 0.62625 0.2575 0.623125 0.24416666718750002 0.623125 0.22833333281249998 0.63 0.2241666671875 0.63 0.21833333281249998 0.620625 0.195
10 0.6368750000000001 0.24500000000000002 0.649375 0.24500000000000002 0.656875 0.24666666718750002 0.6575 0.2533333328125 0.67125 0.2525 0.67375 0.22000000000000003 0.635625 0.2216666671875 0.6331249999999999 0.2508333328125 0.6368750000000001 0.24500000000000002
10 0.676875 0.25 0.676875 0.2558333328125 0.701875 0.2575 0.708125 0.2225 0.683125 0.2216666671875 0.676875 0.25