0 0.495625 0.49749999999999994 0.48562500000000003 0.495 0.45062499999999994 0.4966666671875 0.42750000000000005 0.505 0.41937499999999994 0.5208333328125 0.40625 0.53 0.3975 0.5433333328125001 0.396875 0.5458333328125 0.4025 0.55 0.43 0.5525 0.44312500000000005 0.5599999999999999 0.46125 0.5616666671874999 0.5025000000000001 0.5541666671875001 0.51 0.5458333328125 0.510625 0.53 0.505 0.5083333328124999 0.495625 0.49749999999999994
10 0.525625 0.41 0.52625 0.36583333281249997 0.473125 0.3691666671875 0.47375 0.4158333328125 0.525625 0.41
10 0.5818749999999999 0.3975 0.58875 0.4 0.620625 0.3966666671875 0.6224999999999999 0.3608333328125 0.569375 0.3616666671875 0.5700000000000001 0.40750000000000003 0.579375 0.4066666671875 0.5818749999999999 0.3975
10 0.89625 0.3758333328125 0.850625 0.38 0.8387499999999999 0.42416666718749996 0.8375 0.43666666718749997 0.8400000000000001 0.43916666718749997 0.883125 0.4291666671875 0.89625 0.3758333328125
10 0.678125 0.3641666671875 0.6775 0.395 0.7175 0.3916666671875 0.720625 0.3541666671875 0.680625 0.355 0.678125 0.3641666671875
10 0.999375 0.36583333281249997 0.9793749999999999 0.3675 0.97 0.3916666671875 0.9637499999999999 0.41 0.9650000000000001 0.41916666718749995 0.999375 0.41166666718749995 0.999375 0.36583333281249997
10 0.798125 0.3508333328125 0.771875 0.3508333328125 0.76125 0.3541666671875 0.7575000000000001 0.385 0.78625 0.3866666671875 0.7931250000000001 0.37666666718749997 0.798125 0.3508333328125
10 0.654375 0.40083333281250005 0.651875 0.395 0.5806250000000001 0.4016666671875 0.57875 0.40416666718750005 0.5806250000000001 0.47000000000000003 0.6525000000000001 0.4591666671875 0.654375 0.40083333281250005
4 0.7275 0.3616666671875 0.720625 0.3675 0.71875 0.37333333281250003 0.718125 0.3875 0.72 0.385 0.750625 0.3866666671875 0.749375 0.3725 0.7424999999999999 0.3566666671875 0.74375 0.3433333328125 0.739375 0.33999999999999997 0.729375 0.3416666671875 0.725625 0.3483333328125 0.7275 0.3616666671875
5 0.515 0.47083333281249995 0.514375 0.4733333328125 0.5181250000000001 0.4766666671875 0.5349999999999999 0.485 0.5650000000000001 0.495 0.5862499999999999 0.4875 0.5862499999999999 0.4841666671875 0.58125 0.48 0.53625 0.4641666671875 0.525625 0.465 0.515 0.47083333281249995
12 0.21375000000000002 0.5325 0.21625 0.5358333328125 0.22749999999999998 0.5333333328125 0.226875 0.5175 0.220625 0.4883333328125 0.21437499999999998 0.4791666671875 0.206875 0.48250000000000004 0.205625 0.4966666671875 0.21375000000000002 0.5325
3 0.348125 0.5491666671875 0.34187500000000004 0.55 0.338125 0.5549999999999999 0.336875 0.5650000000000001 0.34249999999999997 0.5766666671875 0.34875 0.5733333328125 0.346875 0.5708333328124999 0.34750000000000003 0.5616666671874999 0.371875 0.5583333328125 0.36625 0.5466666671875 0.35875 0.5475 0.353125 0.5549999999999999 0.348125 0.5491666671875
3 0.37 0.5599999999999999 0.3675 0.5675 0.36062500000000003 0.5700000000000001 0.368125 0.5716666671875 0.37124999999999997 0.5641666671875 0.37 0.5599999999999999
1 0.37 0.5216666671875 0.35625 0.5225 0.351875 0.5258333328125 0.35 0.5349999999999999 0.36375 0.5341666671875 0.3675 0.5308333328125 0.37 0.5216666671875
8 0.485 0.4266666671875 0.48 0.4158333328125 0.34562499999999996 0.4291666671875 0.344375 0.4441666671875 0.460625 0.43666666718749997 0.49874999999999997 0.43 0.485 0.4266666671875