8 0.44681534999999994 1 0.4784352703125 0.9130399671875 0.496855128125 0.877068359375 0.5139458640625 0.81832313125 0.511145275 0.8079328265625 0.5312859109375 0.7481503593750001 0.6065900984375 0.554019296875 0.624892034375 0.4970226765625 0.620847396875 0.4929969015625 0.5954643890625 0.49352741875 0.580636859375 0.4947891828125 0.5716598203125 0.5054040140625 0.5178472921874999 0.6571174703125 0.507486384375 0.658480578125 0.48985826718750003 0.6493520359375 0.477398390625 0.6676329140624999 0.4053605734375 0.857412334375 0.40040627500000003 0.8774616984374999 0.40155178124999996 0.8954365828125 0.421151759375 1 0.44681534999999994 1
8 0.6216466953124999 0.29557718906249997 0.59537340625 0.365547271875 0.5965627109375 0.3727046390625 0.6020569140625 0.36975585781250003 0.6113683421875 0.376851634375 0.6074306765624999 0.396555253125 0.6149253 0.40102811875000005 0.6222363093750001 0.40070224843749996 0.6260754296875 0.405338046875 0.6186768265625 0.4272989546875 0.6204607828125 0.43803500624999997 0.6097848609375001 0.467051934375 0.6113851984374999 0.4729892515625 0.6201019734375001 0.4765063453125 0.6324961515624999 0.47445174218749997 0.6392563046874999 0.4597296734375 0.6993522546875 0.310740471875 0.71785970625 0.253133828125 0.7166704046875 0.245976459375 0.7028814078125001 0.24148371875 0.6632764703125 0.24415030468749999 0.649627296875 0.2552738140625 0.6355013890625 0.28384365312500004 0.6216466953124999 0.29557718906249997
8 0.69182139375 0.1647655640625 0.6899279468749999 0.1810733078125 0.6945891343749999 0.1832690078125 0.6982665359375 0.1776973140625 0.7067668453125 0.1845288109375 0.7036840953125 0.19367918906249998 0.707123134375 0.196830659375 0.7531647828125 0.159027015625 0.7621527703125001 0.14570780625 0.7718804375 0.11875137031250001 0.718295684375 0.10129234375 0.69182139375 0.1647655640625
10 0.3957576890625 0.621400059375 0.4030467984375 0.6264829515625 0.42090233125000004 0.6295927078125 0.46003053749999995 0.64437245 0.4711916140625 0.645978 0.478340903125 0.6354446390625 0.5002873921875 0.5809894625 0.509979525 0.5442051421875 0.455472934375 0.5162909578125 0.4455340078125 0.5137296375 0.43069552812499995 0.5176957796874999 0.402983621875 0.591936040625 0.3957576890625 0.621400059375
10 0.48811976250000005 0.3766369078125 0.487253896875 0.38989452812500003 0.5502826953125 0.41923144843750004 0.560221621875 0.42179276874999994 0.5667324609375 0.41849823906249994 0.5747476125000001 0.394707259375 0.58471095625 0.341086634375 0.58006071875 0.33618655625 0.541765528125 0.3162623328125 0.513581934375 0.3064025453125 0.5091043640625 0.30900557968750003 0.5062271296875 0.3175459328125 0.48811976250000005 0.3766369078125
10 0.613954115625 0.1393947875 0.6559048093750001 0.159156075 0.6642871968749999 0.14496256093749998 0.6842458328125 0.09019819375 0.6012616546875 0.063160225 0.585880015625 0.1024912015625 0.5819642484374999 0.11678606093749999 0.5847867375 0.1217676046875 0.613954115625 0.1393947875
10 0.51332923125 0.1682149046875 0.519818171875 0.17032913593750001 0.5409181765625 0.174496009375 0.5478291 0.1726858109375 0.5612837093749999 0.1594679453125 0.569298859375 0.13567696406250002 0.5472369687499999 0.1183339390625 0.5342590875 0.1141054765625 0.5275427328125 0.11801003125000001 0.5125290640625 0.165246246875 0.51332923125 0.1682149046875
10 0.4986036359375 0.2947524359375 0.4878864375 0.2838136953125 0.47552510937500003 0.277755159375 0.4558174046875 0.330908815625 0.48056196093750003 0.3376171328125 0.4868782328125 0.33222825 0.4986036359375 0.2947524359375
10 0.3911647171875 0.5522048953125 0.40657594843749995 0.5572261953125001 0.41412532031250004 0.5481771625 0.4213731515625 0.5133043828125 0.41815058125000004 0.5068385078125 0.40214469687500004 0.498238525 0.398889278125 0.4998857890625 0.383270009375 0.5462477031249999 0.3911647171875 0.5522048953125
4 0.3228969359375 0.6132312093750001 0.31921953593749997 0.6188029046875 0.31999780625 0.6271803203124999 0.353837325 0.6442988203125 0.365409434375 0.644684321875 0.36909778437499996 0.6364082468750001 0.37764189375 0.6324222265625 0.3795024921875 0.6242276203125 0.3771129359375 0.612617265625 0.369240128125 0.6012513125 0.3649790234375 0.6005399437500001 0.35947386875 0.6061931031250001 0.3415745375 0.6139008640625 0.3228969359375 0.6132312093750001
12 0.4643692171875 0.8163454546875 0.41594050468750005 0.8045104999999999 0.395842334375 0.8053588546875 0.393288334375 0.8134020062499999 0.4121645296875 0.8234963890625 0.46045261093749995 0.8338063078125 0.4643692171875 0.8163454546875