8 0.47387495937499996 0.3369315125 0.460725440625 0.351895046875 0.4537096640625 0.3677082265625 0.4434534859375 0.44960061093750003 0.43598039375 0.6005047046875001 0.43987951875000003 0.609524734375 0.45303438281249997 0.618777809375 0.459657521875 0.6298361875 0.46537978437499994 0.6725039265625 0.46741808437500004 0.6777693218749999 0.47680827031249995 0.6851895828125001 0.500388640625 0.677440778125 0.5596205484375 0.6770782390625001 0.595578659375 0.668945875 0.6087093359375 0.668928875 0.6165022375 0.66275233125 0.6257579796875 0.6629853734375 0.63702783125 0.6592137390625 0.644863765625 0.6473607296874999 0.6097072296875 0.47499048281249995 0.6013470171875 0.41893146875 0.59073334375 0.385989378125 0.5852557796875 0.34842600625000003 0.5685702359375 0.2940112703125 0.5638697968749999 0.26608453125 0.557846309375 0.2631520328125 0.5352635718750001 0.27637176406249997 0.49517233281250006 0.3188129484375 0.47387495937499996 0.3369315125
0 0.3792384953125 0.6462344390625 0.365249975 0.672184334375 0.36248827499999997 0.70003905625 0.3653762703125 0.742751303125 0.3742824046875 0.764179440625 0.38546619375 0.7717607328125 0.41819205156250006 0.7663278234375 0.44464972343750003 0.7528580484375 0.510854375 0.74235879375 0.510983471875 0.7253294046875001 0.472981715625 0.7039797671875 0.4685501625 0.69042746875 0.47147049531249996 0.6790300375 0.4636427109375 0.62750329375 0.45916812656249995 0.6196274578125001 0.45004415781249996 0.614473328125 0.44293429531250006 0.605314521875 0.44986400781249997 0.60085426875 0.45313929062499997 0.5924783484375 0.4381236015625 0.5794706374999999 0.42484498437499996 0.6114635578125001 0.40768608906250003 0.6194899125 0.3792384953125 0.6462344390625
8 0.37166101406249996 0.42461934687499997 0.37502770937499996 0.429107109375 0.38127170781249997 0.42787390312499995 0.391543925 0.4186313390625 0.44826163750000003 0.36363153125 0.459617553125 0.348506971875 0.46157793593749996 0.3017455390625 0.459429384375 0.2985629984375 0.4532956421875 0.29771335468750004 0.35524970625 0.40879565625 0.352084675 0.415088721875 0.37166101406249996 0.42461934687499997
10 0.30222945625 0.46203466562499995 0.312415609375 0.464145028125 0.313854259375 0.46128454375 0.32640947656249997 0.4624117390625 0.32527739843750003 0.44975359218750005 0.3390023765625 0.43364586562499996 0.3209319109375 0.4248483671875 0.28005285468749996 0.40921969999999996 0.2572979875 0.445145284375 0.30222945625 0.46203466562499995
10 0.265706578125 0.519744440625 0.2896123640625 0.48153046718750003 0.2889696828125 0.479081053125 0.26279439375 0.467762121875 0.2420671359375 0.46051988593750004 0.21915898281250001 0.5042047859375 0.265706578125 0.519744440625
10 0.2255911484375 0.55291555 0.2323003515625 0.552621003125 0.23836687343750002 0.5498770390625001 0.243944 0.536924346875 0.22605100781249998 0.5296376015625001 0.20116108437500002 0.5232175046875 0.19091305625 0.541730140625 0.2255911484375 0.55291555
10 0.1723638875 0.571157125 0.20292234687500002 0.5774882109374999 0.2182688 0.5842473625 0.224200878125 0.5743161812500001 0.21893032343750002 0.5717502421875 0.217755215625 0.5647685578125 0.195699559375 0.558303953125 0.1902084984375 0.559903721875 0.179269409375 0.5574267984375 0.1723638875 0.571157125
5 0.2333756421875 0.8095280765625 0.2429379578125 0.7942424890625001 0.2746017625 0.6921486859375 0.26844382968749997 0.682028965625 0.262885546875 0.6800351250000001 0.22331858593749998 0.7903883265625 0.2274624078125 0.804512725 0.2333756421875 0.8095280765625
0 0.1765181421875 0.8331240578125 0.1830068359375 0.8369952187499999 0.1865940421875 0.8373172734375001 0.1946746734375 0.83056863125 0.20855294062500002 0.8067015906250001 0.219438303125 0.766421759375 0.2142107828125 0.7581793609374999 0.1949221734375 0.748076640625 0.1720624015625 0.8103016859375 0.1741921125 0.8284307609375 0.1765181421875 0.8331240578125
0 0.22361981250000001 0.7506530890625001 0.21290123125 0.7440104578125 0.21323199218750002 0.7377618984375001 0.2043742328125 0.7348739046875 0.1990176171875 0.7436608921875 0.2231115734375 0.7553908921875 0.22361981250000001 0.7506530890625001
12 0.40207433750000005 0.3753299984375 0.40530659062499996 0.372630540625 0.4062800359375 0.3688313984375 0.395096246875 0.3612501078125 0.376560575 0.35151395 0.369673896875 0.35029774062499996 0.365866184375 0.354141390625 0.38389361875 0.368615353125 0.40207433750000005 0.3753299984375
1 0.3772429671875 0.8347019046874999 0.37996698281249996 0.8367402500000001 0.3962196578125 0.83610665 0.3979460375 0.8326740671874999 0.399863390625 0.7915891 0.3990432328125 0.787628928125 0.39423788593750003 0.78600165 0.38279055624999997 0.7882625296875 0.380488715625 0.792839303125 0.3772429671875 0.8347019046874999