4 0.636069359375 0.753855240625 0.6163980718750001 0.757012534375 0.575631625 0.75352245 0.564882628125 0.7548839515625 0.5234865515625 0.773440675 0.5158473015625 0.78239630625 0.5078911781250001 0.785401059375 0.504679921875 0.8097718671875 0.5100740859374999 0.8263960062500001 0.5236863734375 0.8280001718750001 0.5389141203125 0.8260713781250001 0.562942984375 0.8370068453125 0.57748623125 0.8391587640625 0.6122444328125 0.8314278406250001 0.633198759375 0.8354303859375 0.6575248375 0.83501184375 0.7194019890625001 0.8285056296875 0.7278313640625 0.8174529125 0.72609061875 0.8016973593750001 0.7143050390625 0.800527484375 0.70034066875 0.7923112265625 0.698353465625 0.7719272125 0.6817722625 0.76537375 0.666419228125 0.7480140296875 0.65904198125 0.74495444375 0.636069359375 0.753855240625
4 0.6499180921875001 0.2721541984375 0.6588631546875 0.28433455625000004 0.6660643609375 0.2840881 0.7233374765625 0.2588606625 0.7327682265625 0.2496781140625 0.7443777640625 0.24754194687500003 0.7531240125 0.242440109375 0.7545986390625 0.2362623125 0.7507691828125 0.232087684375 0.730096521875 0.2333748109375 0.7169574843750001 0.223722678125 0.7069986125 0.22298709374999998 0.6965664890625 0.23029947499999998 0.66811374375 0.2378973984375 0.664882828125 0.24496332187499997 0.61617991875 0.261782875 0.6084702531249999 0.26941608906250003 0.610684253125 0.277123678125 0.6499180921875001 0.2721541984375
8 0 0.764744553125 0.2853235078125 0.766108040625 0.293350046875 0.7644257062500001 0.3029216296875 0.75788799375 0.3367872703125 0.63178115 0.34217319687500003 0.5805081515625 0.360944615625 0.54351575 0.4183731796875 0.351851521875 0.416843684375 0.34006322187500004 0.412259309375 0.3386468859375 0.34464003125 0.3558654421875 0.336261409375 0.3509356890625 0.3341644625 0.29461948125 0.33133638125 0.2923150203125 0.3016358046875 0.2934143125 0.292255809375 0.286614390625 0.2869517265625 0.288617559375 0.276730853125 0.29989719375 0.25253417968749997 0.3535528171875 0.242137265625 0.3615264078125 0.225364478125 0.368310578125 0.22025609687499997 0.39092467656249996 0.209612725 0.39426980624999997 0.1885879828125 0.38894484375 0.1783122359375 0.3822583796875 0.1732349484375 0.3715851234375 0.16771961562499998 0.3696210375 0.0961300515625 0.3800201296875 0.0826233859375 0.3803995875 0.07345463906250001 0.3775669203125 0 0.335862984375 0 0.764744553125
8 0.190361303125 0.1399819140625 0.1891642234375 0.11750081406249999 0.192919146875 0.0864044578125 0.20076964687499999 0.081416078125 0.21362701718750002 0.0857785390625 0.264215621875 0.12130794062500001 0.283472646875 0.17811327500000002 0.2844584765625 0.196627121875 0.29011464062500003 0.201236040625 0.3120351359375 0.2064475453125 0.3264572109375 0.223259515625 0.3328486296875 0.207805253125 0.332652925 0.187194321875 0.32522080625 0.166168640625 0.31941969062500003 0.12496631875 0.29972873906249997 0.110818725 0.2805814578125 0.08994558281250001 0.2673171328125 0.0610049375 0.2662529734375 0.05947555624999999 0.060093759375 0.0855883171875 0.0710971765625 0.101834803125 0.10457645468750001 0.12089260937499999 0.1263053625 0.139441746875 0.1303108609375 0.14692241875 0.13173885000000002 0.1906756609375 0.14530038437499998 0.2082622984375 0.1726854578125 0.23142035781249998 0.19067087031250002 0.23047360625 0.197590409375 0.2249374765625 0.199925578125 0.2179850140625 0.2016228796875 0.1651822234375 0.190361303125 0.1399819140625
10 0.331969353125 0.34371298125 0.3334284328125 0.3541788640625 0.3409465140625 0.359883284375 0.3517659265625 0.35984420156249997 0.4424282421875 0.3350472640625 0.47102181875 0.3300941765625 0.49847318906250004 0.32062608593749997 0.5089405218749999 0.3139749140625 0.5080593890625 0.1450067484375 0.5060173140625001 0.10665663437499999 0.49997385781250003 0.09477441875 0.4803377796875 0.09859292187499999 0.3684083828125 0.14738500000000002 0.3462610953125 0.15484992343749998 0.335828971875 0.16216230468749998 0.33098259531249996 0.1727611859375 0.336330121875 0.23931636250000002 0.3305216984375 0.2826548515625 0.331969353125 0.34371298125
10 0.4343925390625 0.1163945171875 0.445141534375 0.1150330171875 0.48757419375 0.09900767187500001 0.500114690625 0.0974192546875 0.5029427734375 0.09972371249999999 0.5107434453125 0.2631557515625 0.6332654640625 0.22700101562500002 0.6499678359375001 0.218894425 0.62900549375 0.05134526874999999 0.44744788281250003 0.03652485 0.38806794375 0.044046096875 0.3881729375 0.0443656328125 0.3887855609375 0.0558706640625 0.3848912703125 0.0674140234375 0.3950613890625 0.0721168609375 0.4064130453125 0.1159444765625 0.41331704062499997 0.12705202499999999 0.41962249687500003 0.126919028125 0.42206328906249996 0.12195018906249999 0.4343925390625 0.1163945171875
5 0.2044002109375 0.1834691546875 0.20101291250000003 0.2045339203125 0.20224519999999999 0.22767622968749998 0.27534460156249996 0.2117605515625 0.2775896890625 0.18618078124999998 0.2733491609375 0.1234794015625 0.25172587968750004 0.1069138875 0.20238510468749998 0.07788311718749999 0.1969753984375 0.077902659375 0.19539514687499998 0.082096828125 0.19940888125 0.1574746359375 0.2044002109375 0.1834691546875
5 0.3005527390625 0.532748121875 0.30199215625 0.5259091171875 0.299151721875 0.42175895625 0.2953222640625 0.4175843296875 0.2607908578125 0.41263882343749997 0.2492165265625 0.41543620312499996 0.251004834375 0.533698665625 0.25300758437500004 0.5374390015625 0.260314415625 0.53917616875 0.296179615625 0.535299040625 0.3005527390625 0.532748121875
1 0 0.6318116328125 0.0384190421875 0.6058908875 0.0380669609375 0.5992788 0 0.5563097515625001 0 0.6318116328125
1 0.114257375 0.726090309375 0.1682447 0.6899626984375 0.1517650046875 0.6514442953125 0.14373846562499998 0.6531266312499999 0.0895398875 0.6852869890625 0.0888905953125 0.6900289093749999 0.107987125 0.72688451875 0.114257375 0.726090309375
1 0.1943654671875 0.5708278609375 0.2294208796875 0.5517429296875 0.207899103125 0.5032124765625 0.1936727296875 0.5070114375 0.1665734421875 0.5230916156250001 0.1815080984375 0.5664654 0.187234678125 0.5723967359375 0.1943654671875 0.5708278609375
1 0.2025918296875 0.623705025 0.20849857031250002 0.6668909734375 0.2141547359375 0.67149989375 0.22745015 0.66715318125 0.248455228125 0.65517325625 0.2462723203125 0.614178309375 0.24326819843749997 0.6085678046874999 0.229761534375 0.6089472625 0.2025918296875 0.623705025
12 0.291040146875 0.5912004984375 0.2925696453125 0.6029888 0.304636890625 0.609448346875 0.3172125953125 0.6085211375 0.37726303906249997 0.6015806296874999 0.4038538671875 0.5928872078125 0.40611861875 0.584612328125 0.4022187453125 0.57911528125 0.3913993328125 0.5791543640625 0.38026304375 0.57324256875 0.359555175 0.5738684843749999 0.300400478125 0.5806955328125001 0.291040146875 0.5912004984375
0 0.6596830359375 0.6723153875000001 0.6594054890625001 0.700974284375 0.6686446515625 0.705129371875 0.6767416078124999 0.7047694546875001 0.6817992328125 0.6981378234375 0.682569696875 0.678735853125 0.671222159375 0.668856803125 0.6622294531249999 0.669330178125 0.6596830359375 0.6723153875000001