8 0 0.7341666671875 0.068125 0.7283333328125 0.09375 0.72 0.099375 0.7241666671875 0.11499999999999999 0.725 0.7125 0.6616666671875 0.875 0.6491666671874999 0.890625 0.6425 0.883125 0.635 0.788125 0.5883333328125 0.7381249999999999 0.5900000000000001 0.586875 0.6041666671875 0.585 0.6083333328125 0.596875 0.6233333328125 0.593125 0.6325000000000001 0.50125 0.6366666671875 0.48624999999999996 0.6425 0.45125000000000004 0.6441666671874999 0.4325 0.6483333328125 0.425 0.6599999999999999 0.40750000000000003 0.6633333328125001 0.4 0.6633333328125001 0.39125 0.6558333328125 0.39187500000000003 0.6516666671875 0.383125 0.6466666671875 0.38375 0.6341666671875 0.380625 0.6283333328125 0.29375 0.6266666671875 0.22937500000000002 0.6341666671875 0.21375000000000002 0.6441666671874999 0.18375 0.6491666671874999 0.169375 0.6566666671875 0.16375 0.6641666671875 0.061875 0.6666666671875 0.0325 0.6766666671875 0 0.6775 0 0.7341666671875
10 0.4925 0.5208333328125 0.49437499999999995 0.6016666671875 0.49625 0.6033333328125 0.525625 0.605 0.5962500000000001 0.5974999999999999 0.6 0.5941666671875 0.6 0.5233333328125 0.596875 0.5183333328125 0.4925 0.5208333328125
10 0 0.6441666671874999 0.07625 0.6408333328125 0.08937500000000001 0.6383333328125 0.094375 0.6341666671875 0.08499999999999999 0.5591666671875 0.08125 0.5491666671875 0.0025 0.5516666671875 0 0.5525 0 0.6441666671874999
10 0.3775 0.5366666671875 0.375 0.5349999999999999 0.306875 0.5341666671875 0.30062500000000003 0.5408333328125 0.289375 0.5808333328125 0.288125 0.6083333328125 0.2925 0.6141666671875 0.343125 0.6191666671875 0.370625 0.6258333328125001 0.37875000000000003 0.625 0.38125 0.6208333328125 0.37875000000000003 0.5441666671875 0.3775 0.5366666671875
10 0.051875000000000004 0.49749999999999994 0.049375 0.49916666718749997 0.05125 0.5308333328125 0.058750000000000004 0.5425 0.108125 0.5425 0.1125 0.5366666671875 0.1125 0.5075000000000001 0.10874999999999999 0.4966666671875 0.051875000000000004 0.49749999999999994
10 0.25375000000000003 0.485 0.2375 0.4875 0.23374999999999999 0.49083333281249997 0.231875 0.5033333328125 0.23937499999999998 0.5316666671875 0.276875 0.5325 0.28625 0.53 0.29375 0.5216666671875 0.29500000000000004 0.4875 0.29312499999999997 0.485 0.25375000000000003 0.485
10 0.46624999999999994 0.48 0.465625 0.505 0.46749999999999997 0.5075000000000001 0.5025000000000001 0.5075000000000001 0.51375 0.5025000000000001 0.5131249999999999 0.48166666718749995 0.510625 0.47750000000000004 0.48187499999999994 0.47583333281250006 0.46624999999999994 0.48
5 0.07125000000000001 0.645 0.059375 0.655 0.056874999999999995 0.6616666671875 0.06625 0.6641666671875 0.134375 0.665 0.14375 0.6599999999999999 0.14625 0.6466666671875 0.13874999999999998 0.6416666671875 0.08625000000000001 0.6408333328125 0.07125000000000001 0.645
5 0.5131249999999999 0.6341666671875 0.5962500000000001 0.6308333328125 0.593125 0.6158333328125 0.5862499999999999 0.6116666671875 0.51125 0.615 0.510625 0.63 0.5131249999999999 0.6341666671875
5 0.3825 0.6483333328125 0.379375 0.665 0.38125 0.6691666671875 0.41125 0.6633333328125001 0.41500000000000004 0.625 0.41375 0.6133333328125 0.405625 0.6108333328125 0.390625 0.6174999999999999 0.3825 0.6483333328125
8 0.853125 0.575 0.8731249999999999 0.5725 0.875 0.5691666671875 0.8724999999999999 0.5658333328125 0.791875 0.5375 0.75875 0.5333333328125 0.73875 0.5258333328125 0.711875 0.525 0.7025 0.5283333328125 0.698125 0.5341666671875 0.698125 0.545 0.7068749999999999 0.5533333328125 0.73875 0.5675 0.749375 0.5758333328125 0.77625 0.5858333328125 0.825 0.5883333328125 0.845 0.5825 0.853125 0.575