8 0 0.4177874734375 0.2174096859375 0.4099556390625 0.21715083906250002 0.4063421984375 0.20806439375000002 0.40248940624999996 0.16197165468750002 0.40053252187500005 0.15791042500000002 0.394482415625 0.155259471875 0.3647105796875 0.1609273453125 0.35701498125 0.17810947500000002 0.355712996875 0.31844954375 0.3614274140625 0.32367112656249997 0.36920612343750003 0.32260003125000003 0.378369925 0.31691430625 0.397874309375 0.3055339328125 0.407819303125 0.3342928015625 0.40654835 0.3431828828125 0.40042511562499994 0.34478952500000004 0.38667941093749997 0.35238536875 0.36248896875000003 0.361962734375 0.3563136546875 0.3990761359375 0.35350136875 0.4287811375 0.355791778125 0.44755205781249996 0.352552875 0.454014325 0.34388881875 0.47788187187500003 0.291217459375 0.480068690625 0.2783360546875 0.46479667812500003 0.274951978125 0 0.2755432375 0 0.4177874734375
8 0.9314544140625 0.28046265 0.9174498625 0.277890796875 0.748716878125 0.27614439375 0.5166465453125 0.2801056703125 0.5087650796875 0.283427684375 0.50309720625 0.2911232828125 0.48972638125 0.32392570468750004 0.49204708437500005 0.3273829078125 0.5172177890625 0.3218425296875 0.55078765625 0.3202070203125 0.55300125 0.3245806046875 0.551349978125 0.3328801078125 0.5367116937499999 0.3648703078125 0.5355334890625 0.37495049062499997 0.5411835078125 0.3790636796875 0.5714240578124999 0.37677218749999997 0.578207653125 0.36535898906250003 0.593783140625 0.377802709375 0.6169366203125 0.3778647703125 0.6220510921875 0.38655985937500004 0.6230418515625 0.3955674234375 0.6338688265625 0.4020131171875 0.7626500093749999 0.39588771875 0.7758155390625 0.39398183124999997 0.8088855640625001 0.373310653125 0.8159280062500001 0.365510896875 0.9294371859374999 0.286065090625 0.9314544140625 0.28046265
5 0.1544739984375 0.3947428125 0.15922251406250001 0.40074083906249997 0.212080996875 0.403093309375 0.23311013749999998 0.40967419375 0.30813133593750003 0.4030811640625 0.3119962 0.39915524687500004 0.3189493875 0.380463084375 0.3204489203125 0.367633759375 0.3143258328125 0.361739890625 0.17065644687499998 0.355369490625 0.15521484375 0.3592643765625 0.1544739984375 0.3947428125
5 0.9481556578125 0.36778123281249997 0.8750970171875 0.3546694890625 0.8603426984375 0.35851229687499997 0.8345739640625001 0.374997159375 0.831182165625 0.3807037578125 0.8332886500000001 0.385993721875 0.858013065625 0.3959276515625 0.9172713328125001 0.395978646875 0.9356762953125 0.3900426828125 0.946263165625 0.383972528125 0.9481556578125 0.36778123281249997
5 0.49170789375 0.41187716406249997 0.5067835406250001 0.40528521562500003 0.5516713078125 0.330130965625 0.55300125 0.3245806046875 0.550680546875 0.3211234015625 0.5007675734375 0.3285386359375 0.49858075468749996 0.341420040625 0.49068143593749997 0.35655083906249996 0.48027397031249996 0.3873121828125 0.4826214484375 0.408024375 0.49170789375 0.41187716406249997
10 0.11120178750000001 0.5551514609375 0.1074708078125 0.5754159859375 0.10285617968750001 0.5857565640625 0.2661935296875 0.5724713359375 0.3115766671875 0.5717572015625 0.32014541875 0.56838310625 0.33679201875000003 0.43179036406250004 0.336809871875 0.419981578125 0.332168465625 0.413067171875 0.13581911093750001 0.426129109375 0.1306867859375 0.4292428046875 0.11120178750000001 0.5551514609375
10 0.6063595640624999 0.41590507656250003 0.5707456953125 0.4058880375 0.5489846390625 0.39391303125 0.5376667484375 0.3974954421875 0.52790193125 0.4926948359375 0.52877665 0.5434913390625 0.6034586671875 0.551456234375 0.6471235937500001 0.5508722953125 0.657174025 0.5464776625 0.6610299671875 0.513487971875 0.6617440359375 0.46075455 0.6592626734375 0.42370375156250006 0.6063595640624999 0.41590507656250003
10 0.319440271875 0.650180303125 0.321841309375 0.6354661390625 0.32905334218750004 0.62038741875 0.335337096875 0.5899385515625 0.332543328125 0.584700665625 0.3253045203125 0.582524396875 0.3105502 0.5863672046875 0.242035896875 0.58974238125 0.23658224374999998 0.5956052203125 0.2325477890625 0.6068101 0.23068229843750002 0.6169423625 0.23352069687500002 0.62762645 0.22813844687499998 0.656190478125 0.2340026859375 0.6584709046875 0.3151023421875 0.6523255406249999 0.319440271875 0.650180303125
10 0.908470509375 0.41299428593750004 0.9125852906249999 0.45355436875 0.9123175124999999 0.490813484375 0.9166018828125001 0.5240946015625 0.9231980343749999 0.5317691531250001 0.929039959375 0.531326478125 0.9437597640625001 0.40539050625 0.9139241625000001 0.4071314484375 0.908470509375 0.41299428593750004
10 0.605743665625 0.5785310078125 0.59822815625 0.584550084375 0.5936670765625001 0.6294006390625 0.6641361265625 0.6267856046875 0.6755611265625 0.622286815625 0.6784530828124999 0.597544546875 0.6787476375 0.5775404171875 0.67653404375 0.5731668328125 0.605743665625 0.5785310078125
10 0.8449189234375 0.560407390625 0.838197809375 0.56545800625 0.8310571796874999 0.6032379156250001 0.832842334375 0.611277021875 0.9050072828125 0.6058086890625 0.9085240421874999 0.587376921875 0.9033827953125 0.5614268484375 0.8984200609374999 0.5572615796875 0.8449189234375 0.560407390625
10 0.0169722828125 0.749394134375 0.0612173859375 0.749674496875 0.0715891453125 0.7425307234375 0.07473994843750001 0.721401896875 0.0794616875 0.7101449375 0.0769892484375 0.7021579109375 0.032637035937499996 0.702793928125 0.024541353125000002 0.707948703125 0.0207032625 0.7291296093749999 0.015187128125 0.7413550296875 0.0169722828125 0.749394134375
10 0.49338590625 0.700577971875 0.537372159375 0.69724489375 0.54372731875 0.6894972171875 0.5477796265625 0.6664835499999999 0.5438879859375 0.6531544796875 0.526812965625 0.653540084375 0.5153254828125 0.6644014578124999 0.5000980984375001 0.6664635828125001 0.4925825890625 0.672482659375 0.48900334843750004 0.69727700625 0.49338590625 0.700577971875
10 0.46970581093749997 0.6642252531249999 0.458557509375 0.6605287015625 0.445499090625 0.6615182093749999 0.43592172656250006 0.6676935234375 0.42879894687500003 0.6936646468750001 0.42783496249999997 0.70191206875 0.43015566562499996 0.7053692734375 0.47128566875000005 0.70316089375 0.47996153125 0.6988704171875 0.4798097921875 0.6943405968749999 0.47057160937500003 0.6859579828125 0.4720265125 0.6676824578125 0.46970581093749997 0.6642252531249999
0 0.43129818125 0.5790339999999999 0.43623413906249997 0.565944278125 0.43784078125 0.5521985734375 0.4334135953125 0.5434514046875 0.4008523421875 0.54228569375 0.37795771093749997 0.5458370718750001 0.37207561875 0.5553654328125 0.36863919375 0.5556258296875 0.362542884375 0.5669869484375 0.36396208125 0.5723289921875 0.380483703125 0.588334075 0.3921050703125 0.59381130625 0.401102259375 0.58677169375 0.426058746875 0.5830640765624999 0.43129818125 0.5790339999999999
4 0.0895567484375 0.7111965078125 0.1011334875 0.7112275375 0.112986928125 0.703063228125 0.124170934375 0.6831422093749999 0.1789841703125 0.6163184937499999 0.1723166140625 0.585942753125 0.09819691875 0.5906509437499999 0.0911366234375 0.6102594859375 0.0685900953125 0.6283167109375001 0.064082575 0.6377409093749999 0.063698765625 0.646852634375 0.0707055015625 0.6626704484375 0.08254108906249999 0.6663149203125001 0.0807470015625 0.6991483734374999 0.08263926875 0.7062710984375 0.0895567484375 0.7111965078125