4 0.8355184984375 0.3454667109375 0.835610528125 0.3597251734375 0.8381008781249999 0.3640406921875 0.8454798968749999 0.36272879062499996 0.8593629703125 0.328596384375 0.8638155812500001 0.3247767703125 0.93948168125 0.35951256875 0.9473887859375001 0.370651321875 0.9290531015625 0.40860334218750005 0.9293079437499999 0.413402821875 0.981307940625 0.42327744687499996 0.9947325234375001 0.42941055468749995 0.996809365625 0.250927221875 0.9960885609375 0.25073595000000004 0.9786405531250001 0.25279983437500003 0.9641741703125 0.2659265078125 0.9544336453125 0.2828847375 0.9384042499999999 0.296635353125 0.9207382140625 0.29960313906249997 0.889496315625 0.31493367499999997 0.8601430562499999 0.31072230625 0.8392065843750001 0.32724865 0.8355184984375 0.3454667109375
4 0.9048306374999999 0.47096076875000004 0.9078462296875 0.452602728125 0.905592315625 0.450234996875 0.8343236078125 0.40312450312500003 0.8271626187500001 0.4035325046875 0.8174220953125 0.4204907359375 0.8150053703125 0.427581984375 0.8296926265625 0.448675625 0.82883891875 0.45514293125 0.8310928328125 0.4575106640625 0.899705534375 0.474640403125 0.9048306374999999 0.47096076875000004
4 0.8170568171875001 0.3985810984375 0.79555544375 0.3969534046875 0.7837422203125 0.40493661562499994 0.7809262515625 0.4195390578125 0.7895978828125 0.44507625156249997 0.8170568171875001 0.3985810984375
8 0.6639479359375 0.6087793718750001 0.6791972484375 0.6129028328125 0.6906664421875 0.6209858921875 0.71436935625 0.6515504562500001 0.7537236734375 0.7138515046875 0.8218876046875 0.8001857921875001 0.8501719734375 0.8468925859375 0.8713845375 0.87314163125 0.900603034375 0.918903721875 0.9935190921875 0.53369254375 0.9938200546875 0.507827915625 0.9770160546875 0.5040227703125 0.9582860562500001 0.4982255078125 0.9519787781250001 0.4921661984375 0.93652984375 0.49179833124999994 0.8985446093749999 0.5028773671875 0.7777563859375001 0.5527287234375 0.686392203125 0.583074003125 0.66787245625 0.5925091 0.665200890625 0.5948008687499999 0.6639479359375 0.6087793718750001
0 0.9573955359375 0.49898943124999995 0.9646117437499999 0.5071365078125 0.9771894890624999 0.5135517421875 0.98702204375 0.5108519734375 0.9937721140625 0.511947896875 0.9946607328124999 0.4355802125 0.9391957171875 0.41925813125 0.9136593859375 0.41679055312499996 0.906298775 0.42095414687500005 0.9036640203124999 0.428949303125 0.9061727765625 0.4361165171875 0.9287303281250001 0.46264551875000004 0.9422170015625 0.471148521875 0.9571038843749999 0.4884865625 0.9593762031249999 0.4937059875 0.9573955359375 0.49898943124999995
8 0.3580299953125 0.24322860781250003 0.3630078484375 0.216735434375 0.36269778750000004 0.203380875 0.356390509375 0.197321565625 0.3223482015625 0.19498202343749998 0.32018631875 0.2068727546875 0.3307678375 0.2508439546875 0.3306602453125 0.2688580109375 0.36619061249999996 0.4670604390625 0.3852441390625 0.540324428125 0.40631799218750003 0.649132575 0.41289851874999994 0.6628430578125 0.42322234999999997 0.6668905609375 0.441342853125 0.6649666578125 0.471276575 0.65505954375 0.491632584375 0.65265168125 0.5262369453125 0.6380210484375 0.5497189875 0.6343653015624999 0.5751816921875 0.6254261109375 0.6531144203125 0.5951329046875 0.675868746875 0.5827821 0.676486021875 0.574367003125 0.648238465625 0.5333635906249999 0.48137232343749997 0.3116204953125 0.4708120578125 0.30562520625 0.4523291234375 0.320763684375 0.43466308593749997 0.3237314703125 0.4225582109375 0.321211815625 0.410868140625 0.27890844531250003 0.40188929531250006 0.2751409046875 0.389892009375 0.254607190625 0.3636647796875 0.2491479390625 0.3580299953125 0.24322860781250003
12 0.496952946875 0.367074425 0.49377170000000004 0.35976722968749997 0.494588596875 0.34759653749999997 0.48695473749999996 0.344108959375 0.48226569062499997 0.34598078593750003 0.4745426484375 0.363358959375 0.4582272890625 0.43685514062499997 0.458718565625 0.44360240937500006 0.4668068890625 0.4481338703125 0.4773119375 0.4455740828125 0.481746140625 0.43890277656250004 0.496952946875 0.367074425
10 0.46339622656249996 0.30123372187499997 0.46899420156250005 0.3014496640625 0.47158052968749997 0.2790152671875 0.494193528125 0.18233834843750002 0.448353559375 0.1557094953125 0.42965828906250003 0.2420003078125 0.42975032031250004 0.256258771875 0.45528949687500003 0.29385056718749997 0.46339622656249996 0.30123372187499997
10 0.69548699375 0.22328872031250002 0.6904907328125 0.24693020468750002 0.70470511875 0.264128265625 0.69803540625 0.271283534375 0.6974365390624999 0.28255032343750003 0.7115773 0.28834161406250003 0.7137944015625 0.2850059609375 0.7279719765625 0.2965006359375 0.7438017484375 0.2865056171875 0.7704409390625 0.2170569421875 0.7679505921875001 0.21274142187499998 0.7520103796875001 0.205626284375 0.714332359375 0.1949356640625 0.7080803 0.19743143125 0.69548699375 0.22328872031250002
10 0.42087052812500003 0.129104528125 0.413018640625 0.12652085468750002 0.399169534375 0.13123243125 0.38919541875 0.1813670875 0.388507365625 0.21349962812499998 0.3905616578125 0.21962295781250002 0.398631575 0.2213027265625 0.4161319578125 0.19266970781249998 0.42127262187500003 0.1567175515625 0.41919992187500005 0.14774252968749998 0.42087052812500003 0.129104528125
10 0.581144759375 0.19664028281249998 0.5879956890625 0.182877725 0.59519064375 0.153048896875 0.5774509812499999 0.1446099125 0.5673819921875001 0.1453618921875 0.5584059921875 0.1767185671875 0.5582431828125001 0.1861775484375 0.56567741875 0.1934207234375 0.581144759375 0.19664028281249998
10 0.3686921609375 0.160961409375 0.377999471875 0.180935203125 0.381816403125 0.18267899062499998 0.3851604609375 0.1805272015625 0.3866866640625 0.174199875 0.3868126625 0.15903750781249998 0.3831953546875 0.1535381234375 0.3855908265625 0.108470965625 0.373903603125 0.1012918078125 0.36988705 0.10330361562499998 0.36725514375 0.146422984375 0.370417984375 0.1508784875 0.3686921609375 0.160961409375
10 0.5072936718750001 0.13095580625 0.5007528031249999 0.158072925 0.5030251234375 0.163292346875 0.518038 0.1654680234375 0.524216434375 0.15156548593750002 0.5278677093749999 0.1276440390625 0.5112734109375 0.123240615625 0.5072936718750001 0.13095580625