8 0.445625 0.2483333328125 0.43187499999999995 0.2416666671875 0.36124999999999996 0.2375 0.328125 0.2391666671875 0.2475 0.2983333328125 0.238125 0.3016666671875 0.22999999999999998 0.3116666671875 0.183125 0.3416666671875 0.183125 0.3516666671875 0.1875 0.3566666671875 0.215 0.355 0.24874999999999997 0.3616666671875 0.27375 0.3608333328125 0.299375 0.3691666671875 0.34249999999999997 0.36833333281249997 0.36062500000000003 0.35750000000000004 0.42374999999999996 0.2958333328125 0.441875 0.2716666671875 0.44875 0.2533333328125 0.445625 0.2483333328125
8 0.7925 0.5466666671875 0.7975 0.5433333328125001 0.7993750000000001 0.5291666671875 0.8025 0.5266666671875 0.86625 0.5308333328125 0.8712500000000001 0.5241666671874999 0.869375 0.49083333281249997 0.865625 0.4808333328125 0.83375 0.475 0.82 0.4608333328125 0.819375 0.4408333328125 0.8400000000000001 0.43 0.8106249999999999 0.4266666671875 0.8012499999999999 0.4141666671875 0.798125 0.3975 0.7925 0.3933333328125 0.7525000000000001 0.39249999999999996 0.750625 0.395 0.7474999999999999 0.4441666671875 0.743125 0.4483333328125 0.735625 0.4483333328125 0.6481250000000001 0.43916666718749997 0.64375 0.43499999999999994 0.64375 0.385 0.61125 0.38166666718750003 0.59375 0.38333333281250004 0.5818749999999999 0.42416666718749996 0.5806250000000001 0.4408333328125 0.57375 0.4683333328125 0.5725 0.4966666671875 0.588125 0.49916666718749997 0.5962500000000001 0.505 0.593125 0.5225 0.583125 0.5275000000000001 0.595625 0.5316666671875 0.599375 0.5349999999999999 0.599375 0.54 0.604375 0.5433333328125001 0.7 0.5541666671875001 0.7068749999999999 0.55 0.7925 0.5466666671875
8 0.49749999999999994 0.4591666671875 0.4525 0.4525 0.44625000000000004 0.4483333328125 0.434375 0.42833333281249997 0.39187500000000003 0.4233333328125 0.383125 0.41500000000000004 0.399375 0.4033333328125 0.4425 0.3991666671875 0.456875 0.37333333281250003 0.45625 0.37 0.34500000000000003 0.3641666671875 0.288125 0.4258333328125 0.278125 0.4308333328125 0.26687500000000003 0.4458333328125 0.26687500000000003 0.4491666671875 0.271875 0.4566666671875 0.28250000000000003 0.4641666671875 0.479375 0.4875 0.495625 0.525 0.534375 0.5341666671875 0.54375 0.5333333328125 0.545625 0.5283333328125 0.551875 0.4658333328125 0.5506249999999999 0.4608333328125 0.49749999999999994 0.4591666671875
0 0.5650000000000001 0.42833333281249997 0.564375 0.3983333328125 0.568125 0.3741666671875 0.56125 0.36583333281249997 0.47750000000000004 0.3608333328125 0.46375 0.36833333281249997 0.445 0.3983333328125 0.4225 0.4025 0.398125 0.4016666671875 0.3825 0.41166666718749995 0.37625000000000003 0.42083333281249996 0.379375 0.4258333328125 0.39375 0.42000000000000004 0.40812499999999996 0.4258333328125 0.433125 0.42750000000000005 0.43875000000000003 0.43333333281249997 0.44312500000000005 0.4491666671875 0.446875 0.4516666671875 0.500625 0.4591666671875 0.5425 0.45999999999999996 0.5599999999999999 0.4441666671875 0.5650000000000001 0.42833333281249997
10 0.945625 0.3775 0.953125 0.375 0.97 0.265 0.978125 0.22999999999999998 0.976875 0.225 0.8251787500000001 0.2241666671875 0.8125 0.2233333328125 0.8006249999999999 0.21749999999999997 0.811875 0.1366666671875 0.8081250000000001 0.1308333328125 0.6956249999999999 0.1308333328125 0.68875 0.2033333328125 0.688125 0.21916666718750002 0.6912499999999999 0.2216666671875 0.728125 0.2216666671875 0.7375 0.21916666718750002 0.74375 0.2125 0.751875 0.2216666671875 0.7690625 0.2216666671875 0.7737499999999999 0.2408333328125 0.7625 0.3541666671875 0.7625 0.365 0.764375 0.36666666718749996 0.945625 0.3775
10 0.9862500000000001 0.21916666718750002 0.990625 0.22833333281249998 0.999375 0.22916666718749998 0.999375 0.1308333328125 0.928125 0.1258333328125 0.925 0.13 0.9181250000000001 0.16833333281250001 0.9106249999999999 0.2133333328125 0.911875 0.2208333328125 0.9862500000000001 0.21916666718750002
5 0.686875 0.3325 0.6525000000000001 0.335 0.63625 0.34249999999999997 0.6425 0.3591666671875 0.6849999999999999 0.40750000000000003 0.750625 0.3991666671875 0.749375 0.395 0.686875 0.3325
3 0.34750000000000003 0.4125 0.343125 0.4066666671875 0.333125 0.4058333328125 0.3275 0.41500000000000004 0.319375 0.40416666718750005 0.3075 0.4058333328125 0.305625 0.4175 0.29874999999999996 0.42750000000000005 0.29874999999999996 0.43916666718749997 0.306875 0.4216666671875 0.31625000000000003 0.4216666671875 0.31875 0.43583333281250003 0.315625 0.43583333281250003 0.315625 0.43833333281250003 0.32687499999999997 0.44333333281250004 0.34125 0.43666666718749997 0.35125 0.4258333328125 0.34750000000000003 0.4125
1 0.38937499999999997 0.3725 0.378125 0.37 0.36312500000000003 0.3741666671875 0.353125 0.3825 0.353125 0.3858333328125 0.374375 0.3891666671875 0.38937499999999997 0.3758333328125 0.38937499999999997 0.3725
12 0.289375 0.3516666671875 0.30375 0.3516666671875 0.304375 0.335 0.29812500000000003 0.2883333328125 0.291875 0.27999999999999997 0.29125 0.2733333328125 0.281875 0.2741666671875 0.27937500000000004 0.2941666671875 0.2875 0.3491666671875 0.289375 0.3516666671875
8 0.605 0.3275 0.603125 0.3258333328125 0.46125 0.31916666718750003 0.460625 0.3533333328125 0.46375 0.355 0.5962500000000001 0.3641666671875 0.60375 0.3616666671875 0.605 0.3275
8 0.4575 0.2508333328125 0.46375 0.2533333328125 0.605 0.2575 0.60875 0.2558333328125 0.614375 0.2416666671875 0.615 0.2325 0.62 0.2233333328125 0.48312499999999997 0.21749999999999997 0.46312499999999995 0.23583333281250002 0.4575 0.24333333281249997 0.4575 0.2508333328125
8 0.6174999999999999 0.24333333281249997 0.6168750000000001 0.2508333328125 0.6224999999999999 0.255 0.7318749999999999 0.2541666671875 0.71875 0.24500000000000002 0.7184375000000001 0.23333333281250002 0.725 0.23333333281250002 0.728125 0.22999999999999998 0.728125 0.225 0.723125 0.2225 0.6275000000000001 0.2216666671875 0.621875 0.2233333328125 0.6174999999999999 0.24333333281249997
8 0.615625 0.3391666671875 0.61125 0.34750000000000003 0.61375 0.36583333281249997 0.6443749999999999 0.36666666718749996 0.645625 0.3625 0.6368750000000001 0.3466666671875 0.64 0.33999999999999997 0.653125 0.335 0.68875 0.3308333328125 0.618125 0.3283333328125 0.615625 0.3325 0.615625 0.3391666671875