4 0.75 0.3991666671875 0.78125 0.4033333328125 0.790625 0.395 0.79375 0.3716666671875 0.8081250000000001 0.35 0.8087500000000001 0.2991666671875 0.818125 0.2841666671875 0.8162499999999999 0.2391666671875 0.819375 0.20249999999999999 0.8125 0.1966666671875 0.795625 0.1983333328125 0.784375 0.2158333328125 0.7775000000000001 0.2158333328125 0.7725 0.2108333328125 0.766875 0.2116666671875 0.759375 0.21833333281249998 0.7575000000000001 0.22999999999999998 0.746875 0.24500000000000002 0.7325 0.2525 0.729375 0.27 0.7306250000000001 0.275 0.7325 0.2741666671875 0.7375 0.2816666671875 0.7375 0.30333333281249997 0.7306250000000001 0.3441666671875 0.74125 0.3708333328125 0.7418750000000001 0.38 0.746875 0.38416666718750003 0.75 0.3991666671875
4 0.2725 0.19083333281249998 0.26687500000000003 0.175 0.259375 0.1641666671875 0.258125 0.1508333328125 0.254375 0.14750000000000002 0.24937499999999999 0.14750000000000002 0.244375 0.1608333328125 0.23500000000000001 0.1675 0.23312499999999997 0.17916666718750002 0.23937499999999998 0.19 0.241875 0.21749999999999997 0.244375 0.225 0.248125 0.2241666671875 0.253125 0.22999999999999998 0.26 0.25833333281250004 0.26437499999999997 0.25833333281250004 0.276875 0.2108333328125 0.2725 0.19083333281249998
10 0.1025 0.38 0.10625 0.3708333328125 0.26125 0.37 0.250625 0.3 0.23937499999999998 0.24583333281250003 0.23562500000000003 0.2391666671875 0.11000000000000001 0.24500000000000002 0.00125 0.255 0 0.4716666671875 0.001875 0.4725 0.02 0.47583333281250006 0.0325 0.4683333328125 0.04375 0.4691666671875 0.1125 0.44666666718750003 0.11499999999999999 0.44333333281250004 0.11499999999999999 0.43166666718749996 0.10874999999999999 0.4141666671875 0.1025 0.38
10 0.32999999999999996 0.4916666671875 0.320625 0.4158333328125 0.31437499999999996 0.38166666718750003 0.31124999999999997 0.37666666718749997 0.305625 0.37333333281250003 0.2575 0.37 0.11937500000000001 0.3675 0.109375 0.36833333281249997 0.100625 0.375 0.099375 0.38166666718750003 0.10687500000000001 0.41 0.13874999999999998 0.5133333328125 0.146875 0.5291666671875 0.151875 0.5316666671875 0.2125 0.5308333328125 0.30625 0.5383333328125001 0.325625 0.5375 0.3325 0.5325 0.32999999999999996 0.4916666671875
5 0.05625 0.655 0.1275 0.6541666671875 0.133125 0.6508333328125 0.1925 0.6541666671875 0.18687499999999999 0.5858333328125 0.10187500000000001 0.5841666671875 0.050624999999999996 0.6483333328125 0.05125 0.6541666671875 0.05625 0.655
5 0.37312500000000004 0.61 0.3725 0.6166666671875001 0.375625 0.6224999999999999 0.48562500000000003 0.6266666671875 0.4925 0.6174999999999999 0.4925 0.58 0.489375 0.5758333328125 0.48250000000000004 0.5741666671875 0.38687499999999997 0.5733333328125 0.383125 0.5758333328125 0.37312500000000004 0.61
1 0.476875 0.8508333328125 0.473125 0.8558333328125001 0.47375 0.8591666671875 0.49812500000000004 0.9199999999999999 0.50125 0.9199999999999999 0.55625 0.8741666671875 0.555625 0.8683333328125 0.5325 0.825 0.525625 0.8183333328125 0.520625 0.8191666671875 0.476875 0.8508333328125
1 0.6075 0.7758333328125 0.61375 0.7758333328125 0.6481250000000001 0.76 0.6475 0.7525000000000001 0.621875 0.705 0.614375 0.705 0.584375 0.7166666671875 0.584375 0.725 0.6075 0.7758333328125
1 0.46687500000000004 0.7 0.5037499999999999 0.6883333328125001 0.514375 0.6816666671875 0.500625 0.6433333328125 0.45437500000000003 0.6583333328125 0.45187499999999997 0.6658333328125 0.46187500000000004 0.6941666671875 0.46687500000000004 0.7
1 0.553125 0.6441666671874999 0.563125 0.67 0.60375 0.6666666671875 0.609375 0.6616666671875 0.6075 0.65 0.600625 0.6316666671875 0.5974999999999999 0.6291666671875 0.558125 0.6308333328125 0.5543750000000001 0.6333333328124999 0.553125 0.6441666671874999
12 0.5375 0.5083333328124999 0.53625 0.5291666671875 0.535625 0.58 0.5425 0.5875 0.555625 0.5858333328125 0.5599999999999999 0.58 0.564375 0.5349999999999999 0.56375 0.5075000000000001 0.5575 0.4841666671875 0.5475 0.48333333281249996 0.545 0.48666666718749996 0.5375 0.5083333328124999