8 0.6221547593750001 0.5658846265624999 0.6453605437500001 0.555838015625 0.6494130671875 0.5491232328125 0.646903534375 0.5441047125 0.6316913453125 0.5277969109375 0.5626098453124999 0.41881630625 0.4592662265625 0.2876575109375 0.431880225 0.2472399375 0.42045816562500005 0.23615936406250002 0.4110684578125 0.23831669375 0.39746716875 0.24992860156250002 0.3742654484375 0.2710387390625 0.368240359375 0.282041571875 0.335382478125 0.3061875203125 0.2777798828125 0.3631769109375 0.27757321562500004 0.38158134375 0.2997770359375 0.4036381390625 0.30516994531249997 0.414658015625 0.3072539640625 0.4232948109375 0.3024578078125 0.43910745625000003 0.3035793484375 0.44205595625000005 0.41149215312500004 0.5204888890625 0.4256901953125 0.535709503125 0.47313215 0.5609575921875 0.493092890625 0.5771173859375 0.5050995203124999 0.581839890625 0.5219063687500001 0.58181328125 0.6221547593750001 0.5658846265624999
0 0.2942453671875 0.4506757078125 0.3242877796875 0.46018141718749994 0.325560259375 0.4382630625 0.3133945671875 0.4362803515625 0.3074089640625 0.409491484375 0.2721803078125 0.37056146874999996 0.26566991875 0.36765662187500003 0.2577674765625 0.351618225 0.2691692328125 0.30738115 0.2686839328125 0.29347347031250004 0.266015340625 0.29119474375 0.2537979828125 0.2938131421875 0.2308627140625 0.3140448 0.2200890765625 0.32519563906250004 0.21758360468750002 0.33124064999999997 0.20190235625000003 0.345279290625 0.18360418437499998 0.352438096875 0.1754434109375 0.359405240625 0.1638663515625 0.36212799218749997 0.14370706875 0.386499690625 0.142005015625 0.4009727890625 0.14900070468749999 0.41778531250000006 0.1819862828125 0.450818328125 0.2082426265625 0.46616033906250004 0.22553071406249997 0.4689778765625 0.255087825 0.464575909375 0.2760545875 0.4596958296875 0.2942453671875 0.4506757078125
8 0.5490259171874999 0.6231093328124999 0.55185356875 0.6226482671875 0.552971046875 0.6145332375 0.5339170609375 0.5975993171875 0.5163584593749999 0.5845967296875 0.49320028281250006 0.5789786984374999 0.39962133906249997 0.5950724078125 0.384365603125 0.6054927734375 0.3686802953125 0.608467884375 0.36542713125000004 0.6125472281250001 0.3759424375 0.624401928125 0.3639398671875 0.6307429531250001 0.366131278125 0.6412410625 0.5490259171874999 0.6231093328124999
10 0.3319289515625 0.6365888234375 0.3317141625 0.6328661953125 0.3289422390625 0.6397896859375 0.321632490625 0.63952028125 0.31523355625 0.6495402765625 0.2958300859375 0.6980047046875 0.33851536875 0.701273740625 0.358185290625 0.6519308359375 0.363621746875 0.63622254375 0.3619673015625 0.6350310015625 0.34089314375 0.63804976875 0.3319289515625 0.6365888234375
10 0.2926640125 0.6486277109375 0.24458988124999997 0.645402328125 0.2245461109375 0.6937624 0.2734753296875 0.7008147640625 0.278060759375 0.6923430203125001 0.2926640125 0.6486277109375
10 0.20761562812499998 0.647673578125 0.20676054375000003 0.643846596875 0.19443985156250002 0.6556672078125 0.1764203140625 0.6951381265625 0.199363703125 0.6970335265625 0.21807520781249998 0.65306585625 0.20761562812499998 0.647673578125
10 0.14141862656249998 0.6931213281249999 0.15705226875 0.6947473234375 0.17560877187499999 0.6645829765625 0.178380696875 0.6576594874999999 0.1748012921875 0.6450913578125 0.1646638921875 0.6452830203125 0.1586945328125 0.6627482734375 0.14141862656249998 0.6931213281249999
12 0.44147183749999996 0.649832115625 0.44184974375 0.661878478125 0.44723859375 0.661834825 0.45731214531250003 0.633053678125 0.4599209484375 0.617806453125 0.4563456046875 0.616301853125 0.45117154218750005 0.6200681359375 0.44147183749999996 0.649832115625
5 0.12503210781250002 0.530039134375 0.017668453125 0.4941033609375 0.0087042609375 0.49264241562500005 0.0057175484375 0.495843278125 0.0088157140625 0.5055672609374999 0.017195334375 0.513386275 0.1253583515625 0.5466866046875001 0.1271677953125 0.5340748203125 0.12503210781250002 0.530039134375
1 0.1078340515625 0.336401790625 0.10153844999999999 0.337219571875 0.0903392984375 0.3519886859375 0.0909279328125 0.356694146875 0.124708809375 0.376028190625 0.131644709375 0.3753147640625 0.13799197968750002 0.369895871875 0.14167065625 0.36219825625 0.1078340515625 0.336401790625
0 0 0.5558199187499999 0.027937609375 0.5621541921875 0.032837098437500004 0.5371393296875 0.0093010125 0.5194749375 0 0.5175603468750001 0 0.5558199187499999