4 0 0.5021561796875 0.0077923624999999995 0.49406033593750004 0.013828426562500001 0.4757792296875 0.025186410937499997 0.46425184531249997 0.0170364890625 0.44547841093749996 0.016861371875 0.432285621875 0.011237651562500001 0.4264459515625 0.013429762500000001 0.42209401875 0.028822960937499996 0.4189301296875 0.083374796875 0.4252513828125 0.144329078125 0.4487769828125 0.167266128125 0.379308778125 0.141053978125 0.355772428125 0.13527128593749999 0.3458398484375 0.119352734375 0.3094253734375 0.109883828125 0.2740619453125 0.1268481546875 0.21582142499999998 0.15615659375 0.1888107421875 0.159635403125 0.18284904531249999 0.1591584828125 0.17057031250000002 0.150039809375 0.1615924640625 0.11952169531250001 0.105353503125 0.10168178125 0.09763008281249999 0.09844618125 0.0971372015625 0 0.39529583125 0 0.5021561796875
8 0.4302682796875 0.2986596890625 0.3896974890625 0.3483440828125 0.3574977015625 0.37038847656249996 0.35598868437500003 0.3749587515625 0.3614062328125 0.3928588109375 0.376688890625 0.4129016421875 0.383694940625 0.42827787656250005 0.3773732140625 0.4565729171875 0.3900029859375 0.47778882500000003 0.502779190625 0.5936681625 0.576935790625 0.6618347390625 0.6171426671875 0.66357075 0.664005359375 0.6542974218750001 0.73294935625 0.6490506171875 0.7398436312500001 0.6441806453125001 0.7448314578125 0.6336486703124999 0.7348545734374999 0.6112596875 0.591732909375 0.3654283125 0.517638421875 0.24675538281249998 0.5042783578125001 0.24147443281249997 0.4900290265625 0.24803552343750002 0.4302682796875 0.2986596890625
0 0.287139090625 0.34789895937500004 0.26288182031249996 0.3573242453125 0.234399303125 0.3795463046875 0.23041251875 0.398482446875 0.2410091515625 0.42814319375 0.2616932125 0.45698620625 0.2860784 0.47690700937499997 0.3051255265625 0.48097420937499996 0.3410748703125 0.4773072421875 0.3630605421875 0.47018743125 0.382456671875 0.45718727656249997 0.38766681406250003 0.4436947921875 0.38839710625 0.4277598375 0.3492844390625 0.35866846093750004 0.34737799062499997 0.353006459375 0.355891825 0.3203594890625 0.35420769218750003 0.3117369765625 0.3464552046875 0.3031958171875 0.3375116484375 0.3074107546875 0.287139090625 0.34789895937500004
8 0.45998523281250003 0.672957671875 0.44483049374999994 0.682260928125 0.4497077765625 0.6949356734375 0.44179754843749997 0.725754534375 0.44742126875 0.7315942062499999 0.45059827500000005 0.7265465625 0.6290110875 0.7259747890625 0.6318862921874999 0.7218412015625 0.630583446875 0.714351090625 0.612187128125 0.6923024796874999 0.614664896875 0.6779366140625 0.5991760687500001 0.669954171875 0.5753472875 0.664358559375 0.5599218015625 0.649322696875 0.5366171421875 0.639852515625 0.52475118125 0.664354340625 0.5211134000000001 0.6662231281250001 0.45998523281250003 0.672957671875
12 0.5067547578125 0.739443871875 0.5069298734375 0.752636659375 0.5133795171875 0.7536877093750001 0.5277865890625 0.7077665953125 0.5188268890625001 0.7028816609375 0.5067547578125 0.739443871875
10 0.3994792796875 0.77386984375 0.4204626796875 0.7148929359375 0.39512488437500004 0.7138675984375 0.377761890625 0.7184229109375 0.36935859843749996 0.7278631609375 0.34896265937500004 0.77591208125 0.3930457796875 0.781918671875 0.3994792796875 0.77386984375
10 0.2755698703125 0.7534632375 0.272933128125 0.7637361921875 0.3250705375 0.777369890625 0.345990596875 0.7254464015625001 0.3003028296875 0.7128637531249999 0.295298859375 0.7142958515625 0.2755698703125 0.7534632375
10 0.2515187734375 0.7508281375 0.26587864687499996 0.7210603203125 0.2481977078125 0.7174298140625 0.2325349921875 0.7397075140625 0.22286114218750003 0.7598574078125 0.228405375 0.763650621875 0.2439575484375 0.76457964375 0.2515187734375 0.7508281375
10 0.070640640625 0.64450685625 0.081411159375 0.6439074625 0.09755079531250001 0.6339084953125 0.1024591359375 0.621330065625 0.12485715312500001 0.5900894796875 0.1343086890625 0.5729000953125001 0.12201300781249999 0.5689698875 0.1127204484375 0.59025218125 0.070640640625 0.64450685625
10 0.2005575203125 0.7587913953125 0.2141871015625 0.7449585359374999 0.220159825 0.7337308515625 0.22446455781250002 0.7229805328125 0.21132680937499998 0.7147390671875 0.1862125625 0.754206153125 0.2005575203125 0.7587913953125
10 0.04136325625 0.6462643609375001 0.026764925000000002 0.6698928078125 0.023143284375 0.6808614734375 0.0349620453125 0.6725129453124999 0.0513078546875 0.6504535890625001 0.06311046875000001 0.6330051859375 0.061966600000000004 0.6296079859375 0.0582493296875 0.6294303171875 0.04136325625 0.6462643609375001
1 0.2343670171875 0.36134655000000004 0.23215876406249997 0.3565986046875 0.2085995 0.33188918125 0.20313475312499998 0.330142421875 0.190791875 0.34236551406250004 0.194143996875 0.3505106609375 0.21800506249999999 0.374306028125 0.22073743750000002 0.37517940781250003 0.23217490624999998 0.3656984828125 0.2343670171875 0.36134655000000004
5 0.19316525625 0.56847103125 0.19761281875 0.55271374375 0.19502327656250001 0.5468333984375 0.11916762968750001 0.5043973671875001 0.093130596875 0.494053809375 0.0913992625 0.50158459375 0.0997715 0.517397521875 0.19316525625 0.56847103125
0 0 0.5730159828125 0.018231251562500002 0.5630811062500001 0.034656548437500004 0.54306820625 0.0390730546875 0.5525640968750001 0.0487953359375 0.559713834375 0.096548525 0.5820513953125 0.104617728125 0.555325446875 0.0787073828125 0.5308750421874999 0.037118174999999996 0.5196024640625 0.011828809375 0.5458767578125 0 0.5523826578125 0 0.5730159828125