4 0.5629161390624999 0.787834478125 0.562339290625 0.78078506875 0.533130303125 0.7811241140625 0.53336104375 0.783943878125 0.50920929375 0.788457884375 0.5076902203125 0.7814194109375 0.480365684375 0.781736584375 0.4823462375 0.7944145859375 0.49761405 0.819639346875 0.5006520796875 0.8682912171874999 0.505055515625 0.8760018203125 0.495998521875 0.9036257640625 0.48344190156250005 0.9115332359374999 0.47767318124999997 0.9101889734374999 0.4492142140625 0.88511733125 0.39189225625 0.8991893031249999 0.3778549765625 0.912053234375 0.36899030625 0.9305020078125 0.36122164687499997 0.9623446625 0.3626637703125 0.9799681890624999 0.6081557109375 0.9771186171874999 0.8092246937500001 0.967753678125 0.8173356671875001 0.9464661140624999 0.814336053125 0.909809178125 0.7797045687499999 0.8784586890625 0.7586103546875 0.8511847265625001 0.7508418125 0.8484524578125001 0.740592703125 0.8499826484374999 0.7109413890625 0.8679670953124999 0.646639325 0.8658910453124999 0.581645159375 0.8207807796875001 0.5629161390624999 0.787834478125
8 0.3897791640625 0.2740428078125 0.383837271875 0.305158646875 0.3868177359375 0.318530653125 0.44123571562499997 0.41880131093750006 0.4724828234375 0.46642013125000004 0.496961296875 0.5120006859374999 0.5312081359375 0.5617015171874999 0.5379190828125 0.5630348390625 0.5451107765625001 0.5587176984375 0.5622438890625 0.56063565625 0.5804153265625 0.5752425531250001 0.5913373859375 0.59346165 0.610162625 0.6045329046875 0.6348720734375 0.5837833781249999 0.6969244265625 0.5583667296875 0.7230375796875 0.5432457937499999 0.7316522437499999 0.5332672484375001 0.75268889375 0.5252613453125 0.769552846875 0.5123646046875 0.7724564765624999 0.501746740625 0.7624766421875 0.4835167078125 0.584069790625 0.29718954218750004 0.5464962640625 0.26446197968749996 0.5276326078125 0.24139579218749999 0.449735828125 0.1653884265625 0.44379405 0.1619293421875 0.439140609375 0.16268897031250001 0.4283530703125 0.1691646828125 0.3995860625 0.255583096875 0.3897791640625 0.2740428078125
0 0.494538065625 0.6206928515625 0.494038053125 0.6376333109375001 0.505594646875 0.663606759375 0.5317461015625 0.695055684375 0.556859225 0.71381566875 0.5768190125 0.7157008140625 0.605355046875 0.69561248125 0.6215267812499999 0.6742564468750001 0.658081365625 0.648430153125 0.669407334375 0.6370089171875 0.670830309375 0.6313475125 0.6666576140625 0.6264566734375 0.6550048015625001 0.622358271875 0.6379870578125 0.621850196875 0.6242767390624999 0.6156588453125 0.5881838671875 0.5779748203125 0.58260746875 0.5674553890625 0.569493265625 0.5570234562499999 0.5588403640624999 0.55361905625 0.540995765625 0.5545318 0.516055578125 0.5724615609375 0.5067871109375 0.5859757484375 0.494538065625 0.6206928515625
10 0.2698079203125 0.559796471875 0.270365734375 0.50898603125 0.21594740625000003 0.512440140625 0.2132937859375 0.5145877750000001 0.2166202390625 0.5667643484375 0.2698079203125 0.559796471875
10 0.2694620453125 0.48641697968750003 0.2770768 0.47574443281249995 0.29063333125 0.468530965625 0.296498271875 0.44800018125 0.29503688281249996 0.4416666484375 0.26305890625 0.4427434453125 0.226600540625 0.4466946921875 0.22263920312500002 0.490488534375 0.2694620453125 0.48641697968750003
10 0.31213040937500003 0.777338896875 0.3584340875 0.7669228734375 0.3753364609375 0.7660210671875001 0.3891237296875 0.761627365625 0.394027178125 0.7523975093749999 0.389200684375 0.7510423125 0.382835846875 0.7539386375 0.34637748125 0.757889884375 0.31409181249999996 0.7667319703125 0.306304003125 0.7752896953125 0.31213040937500003 0.777338896875
10 0.2268499671875 0.611099078125 0.2434639125 0.606672565625 0.25661665 0.5945245124999999 0.2549822046875 0.5860761578125 0.24561763593750002 0.5868904671874999 0.2103322359375 0.59365054375 0.2078900890625 0.609907934375 0.2268499671875 0.611099078125
10 0.22956115625 0.64423130625 0.24865566874999998 0.6355423390625 0.24384843906250003 0.6228971484375 0.2280036640625 0.6251978984375001 0.20519793281249998 0.63463555625 0.20540940624999998 0.6487453140625 0.22956115625 0.64423130625
10 0.274902759375 0.8179908265625 0.299650625 0.8092362359375 0.28682484375 0.8023290062499999 0.2755758265625 0.8031651906249999 0.2520586109375 0.8154335500000001 0.24338626093750002 0.8247071531250001 0.274902759375 0.8179908265625
0 0.394488309375 0.86176180625 0.3994494421875 0.8532368921875 0.399737984375 0.822186675 0.3922771328125 0.8116891171875 0.382316565625 0.7821690890624999 0.3782592375 0.7786881328125 0.3707214375 0.778775628125 0.3515692375 0.7867596546875 0.366010075 0.8479801578125 0.3792973328125 0.8605269156249999 0.394488309375 0.86176180625
5 0.42437036250000004 0.8465971250000001 0.44709914062499995 0.8477445187500001 0.45057961718749995 0.844176065625 0.4487144328125 0.8329079453125001 0.4082376265625 0.7070734812499999 0.4039495640625 0.700772759375 0.3868164515625 0.6988548 0.40271856250000004 0.8009837578125 0.41842858749999995 0.8431380421875 0.42437036250000004 0.8465971250000001