4 0.39065380156249996 0.36295433906249996 0.3872980703125 0.3697656125 0.38469391875 0.3969471671875 0.36573305624999997 0.44168879531250005 0.331913359375 0.4719643171875 0.3264426640625 0.4884902453125 0.32952281875 0.5272811046875 0.3333796015625 0.5340500265625 0.3506039265625 0.5455915703125 0.350518221875 0.55723475625 0.33941200625 0.571853328125 0.345933596875 0.5921897328125 0.34953985468750004 0.5921685562500001 0.377589540625 0.5619269109375 0.37819475625 0.5531913453125 0.36937492031249997 0.5348088843750001 0.36912439375 0.528018790625 0.4042705578125 0.4890034640625 0.4253094703125 0.45589231718749995 0.4323571640625 0.43741668593750005 0.432663065625 0.412189071875 0.4258724921875 0.3957351421875 0.412590653125 0.37931933125 0.41071434375000004 0.36477699375 0.40658857656249997 0.3618905484375 0.39065380156249996 0.36295433906249996
8 0.568843759375 0.5278162671875 0.47711034999999996 0.5302953718750001 0.4534488296875 0.601260640625 0.4527091171875 0.6119374453125 0.46508642343749995 0.6205967796875 0.4646829453125 0.6264204906249999 0.4737229796875 0.6312185265625 0.4732522546875 0.63801285625 0.47737802343749997 0.6408993015625 0.6837231421875 0.638717421875 0.6946645375 0.6056655703125 0.71130869375 0.573550453125 0.716693684375 0.5686677140625 0.7361977984375 0.588927884375 0.75509669375 0.6179236203125 0.7977177671875 0.6167031296875 0.80010171875 0.603105996875 0.7951386671875 0.59149245625 0.7841550749999999 0.5731227015625 0.75346563125 0.5374046328125 0.742329090625 0.531648684375 0.601237359375 0.531506946875 0.568843759375 0.5278162671875
12 0.48363194062500003 0.5506317734375 0.4951719609375 0.5505640109375001 0.49777611093749996 0.5233824546875 0.49806355625 0.5088274109375 0.4946774984375 0.4952641640625 0.4896287375 0.4952938109375 0.48375456406249995 0.5176434484375 0.48363194062500003 0.5506317734375
0 0.41255901406250006 0.47343121562499996 0.41076181875 0.488965346875 0.4214276375 0.5015156281250001 0.427851653125 0.5024481296875 0.431072890625 0.49757809531249997 0.44806514999999997 0.4916569734375 0.480588703125 0.49049577343750006 0.48748344374999997 0.48463394531250004 0.49174370468750006 0.48557915312500005 0.493002928125 0.4778099703125 0.48024060156250004 0.464301778125 0.45639052187500007 0.4547395890625 0.443475246875 0.4538452015625 0.42208823281249996 0.4607623515625 0.41255901406250006 0.47343121562499996
8 0.7939664609375 0.4731320484375 0.7879459234375 0.46637583437499996 0.7729525984375 0.45385096562499994 0.76082581875 0.451981728125 0.757170775 0.4423009515625 0.744139465625 0.4326752359375 0.720270925 0.4337856140625 0.7165789640625 0.4454499765625 0.7176179859375 0.45126521875 0.71137725 0.4580934296875 0.6842386890625 0.45437189218749996 0.6839697015625 0.4582543671875 0.70358985 0.48724586875 0.7315287796875001 0.5210396421875 0.7301350640625001 0.5307500625 0.7480991015625 0.531614803125 0.759553415625 0.5431902281250001 0.8215994875 0.5321534328124999 0.8483530296874999 0.5310261140625 0.8318011703125 0.5097783828125 0.819625603125 0.49820719375 0.8088068328125001 0.498270721875 0.8033058078125 0.4944221296875 0.7925054984375 0.4838130875 0.7939664609375 0.4731320484375
10 0.6673453140625 0.3652105078125 0.6630784640625 0.4059849578125 0.6934870515625 0.41453841406249997 0.70005215 0.371810021875 0.6673453140625 0.3652105078125
10 0.7121842078125 0.44644600624999997 0.7151364609375 0.44545844843750004 0.718902259375 0.39110380624999996 0.7043611984375 0.382457178125 0.7004002515625001 0.3980040171875 0.6989696171875 0.42905957656249993 0.7012494046875 0.43777820156249997 0.7121842078125 0.44644600624999997
10 0.490864225 0.4254304484375 0.49552796250000003 0.42055194531250006 0.51167106875 0.3748566375 0.51209300625 0.3583603578125 0.5097459718749999 0.35061235 0.5052167234375 0.3535496171875 0.5039205828125 0.3826639390625 0.49117012656250003 0.4002028359375 0.490864225 0.4254304484375
10 0.6510439796874999 0.3507528734375 0.6489408812499999 0.39151461875 0.659961390625 0.3885392359375 0.6616610109375001 0.35360120156249997 0.6510439796874999 0.3507528734375
10 0.6364356734375 0.343076865625 0.6350722875 0.37316180625 0.6419670281250001 0.36729997812500004 0.6421384375 0.3440136015625 0.6364356734375 0.343076865625
10 0.5227469546875 0.33986354687500003 0.5184194468750001 0.3398889578125 0.5158522125 0.345725375 0.5172577984375 0.36706204375 0.523162303125 0.3650869234375 0.5227469546875 0.33986354687500003