8 0.569375 0.55 0.55625 0.5549999999999999 0.536875 0.5325 0.49312500000000004 0.5133333328125 0.4875 0.5075000000000001 0.380625 0.4791666671875 0.34500000000000003 0.4625 0.33625 0.4641666671875 0.333125 0.4683333328125 0.333125 0.48333333281249996 0.335625 0.4916666671875 0.3375 0.5341666671875 0.32999999999999996 0.5433333328125001 0.315625 0.5441666671875 0.31062500000000004 0.5599999999999999 0.29812500000000003 0.5783333328125 0.29312499999999997 0.5908333328125 0.29312499999999997 0.5958333328125 0.32625000000000004 0.6166666671875001 0.334375 0.6883333328125001 0.32999999999999996 0.6933333328125 0.32875 0.7 0.33187500000000003 0.7366666671875 0.33125 0.7725 0.31625000000000003 0.7991666671875 0.27999999999999997 0.8491666671875 0.215625 0.93 0.2 0.9591666671875 0.20187499999999997 0.9766666671875001 0.22125 0.9991666671875 0.661875 0.9991666671875 0.7150000000000001 0.6208333328125 0.7150000000000001 0.595 0.7075 0.5891666671875 0.5974999999999999 0.5541666671875001 0.569375 0.55
8 0 0.7625 0.024375 0.7858333328125 0.064375 0.7725 0.0975 0.7375 0.12562500000000001 0.7166666671875 0.1525 0.7183333328125 0.16375 0.7141666671875 0.196875 0.6849999999999999 0.20125 0.6733333328125 0.200625 0.6675 0.195 0.6591666671875 0.18875 0.6575 0.16999999999999998 0.6675 0.15812500000000002 0.6866666671874999 0.145 0.6883333328125001 0.12562500000000001 0.6833333328125 0.10187500000000001 0.6675 0.068125 0.6591666671875 0.06375 0.6533333328125 0.063125 0.645 0.07875 0.6191666671875 0.08125 0.6083333328125 0.07625 0.605 0.05375 0.6116666671875 0.036875000000000005 0.6125 0.010624999999999999 0.6224999999999999 0 0.63 0 0.7625
10 0.33187500000000003 0.5391666671875 0.34125 0.5333333328125 0.32937500000000003 0.41916666718749995 0.319375 0.3775 0.26625 0.3725 0.16 0.3691666671875 0.12 0.37 0.110625 0.37666666718749997 0.11000000000000001 0.3825 0.121875 0.425 0.15 0.52 0.15437499999999998 0.5275000000000001 0.16312500000000002 0.5308333328125 0.241875 0.5333333328125 0.27 0.5425 0.33187500000000003 0.5391666671875
10 0 0.4683333328125 0.029375000000000002 0.4783333328125 0.129375 0.4525 0.13 0.4425 0.12 0.4141666671875 0.113125 0.38333333281250004 0.113125 0.38 0.121875 0.3716666671875 0.26937500000000003 0.3716666671875 0.254375 0.2791666671875 0.24562499999999998 0.2425 0.10124999999999999 0.2491666671875 0 0.2575 0 0.4683333328125
4 0.29312499999999997 0.2341666671875 0.30062500000000003 0.2258333328125 0.299375 0.2125 0.290625 0.17916666718750002 0.28312499999999996 0.16583333281249998 0.281875 0.1541666671875 0.274375 0.14750000000000002 0.26875 0.1491666671875 0.26875 0.1625 0.25875 0.17916666718750002 0.259375 0.1891666671875 0.263125 0.19583333281249998 0.265 0.21833333281249998 0.27749999999999997 0.2375 0.284375 0.2658333328125 0.286875 0.26916666718750004 0.29812500000000003 0.2658333328125 0.29312499999999997 0.2341666671875
4 0.80375 0.3775 0.8081250000000001 0.3675 0.818125 0.35750000000000004 0.8225 0.3433333328125 0.8237500000000001 0.3275 0.8324999999999999 0.3158333328125 0.835625 0.30583333281249997 0.8275 0.26916666718750004 0.82875 0.22000000000000003 0.826875 0.20166666718749998 0.821875 0.1975 0.805625 0.2 0.8025 0.20416666718749998 0.8012499999999999 0.215 0.79625 0.2216666671875 0.77125 0.23333333281250002 0.75 0.2533333328125 0.744375 0.2625 0.7474999999999999 0.2883333328125 0.740625 0.33999999999999997 0.7424999999999999 0.35583333281249996 0.7675 0.4016666671875 0.779375 0.4066666671875 0.795625 0.40499999999999997 0.803125 0.395 0.80375 0.3775
5 0.1925 0.585 0.18062499999999998 0.5841666671875 0.110625 0.5841666671875 0.060625 0.6466666671875 0.061250000000000006 0.6533333328125 0.136875 0.6566666671875 0.14250000000000002 0.6516666671875 0.1575 0.6516666671875 0.2 0.6558333328125 0.200625 0.64 0.195625 0.5891666671875 0.1925 0.585
5 0.406875 0.58 0.39375 0.5825 0.39249999999999996 0.5900000000000001 0.38687499999999997 0.5966666671875 0.385 0.6041666671875 0.384375 0.6191666671875 0.3875 0.6216666671875 0.48875 0.6266666671875 0.49437499999999995 0.6208333328125 0.5 0.5908333328125 0.49874999999999997 0.5841666671875 0.49437499999999995 0.5808333328125 0.406875 0.58
1 0.563125 0.8833333328125 0.563125 0.8791666671874999 0.5337500000000001 0.8266666671875 0.528125 0.8266666671875 0.48 0.8625 0.505 0.9283333328125 0.563125 0.8833333328125
1 0.5912499999999999 0.7308333328125001 0.615 0.7833333328125 0.620625 0.7841666671875 0.656875 0.7666666671875 0.63 0.7125 0.621875 0.7116666671874999 0.5925 0.7224999999999999 0.5912499999999999 0.7308333328125001
1 0.46624999999999994 0.6591666671875 0.45875000000000005 0.6641666671875 0.45875000000000005 0.6716666671875 0.46875 0.7008333328125 0.471875 0.7041666671875 0.479375 0.7041666671875 0.520625 0.6883333328125001 0.520625 0.6799999999999999 0.50625 0.6475 0.46624999999999994 0.6591666671875
1 0.560625 0.64 0.5599999999999999 0.6483333328125 0.57125 0.6758333328125 0.614375 0.6725 0.6174999999999999 0.6666666671875 0.615 0.6541666671875 0.6056250000000001 0.6341666671875 0.565625 0.635 0.560625 0.64
12 0.55375 0.4883333328125 0.5443749999999999 0.5175 0.541875 0.5808333328125 0.5493750000000001 0.5916666671875 0.560625 0.5916666671875 0.568125 0.5816666671874999 0.5700000000000001 0.5591666671875 0.57125 0.5108333328125 0.566875 0.49000000000000005 0.55375 0.4883333328125