4 0.813125 0.45583333281250005 0.813125 0.48 0.819375 0.4808333328125 0.815625 0.5025000000000001 0.813125 0.5025000000000001 0.813125 0.5283333328125 0.819375 0.5283333328125 0.8487500000000001 0.5425 0.889375 0.5966666671875 0.891875 0.6533333328125 0.87625 0.6808333328125 0.875 0.6900000000000001 0.8775000000000001 0.6966666671875 0.9018750000000001 0.7133333328125 0.93 0.7416666671875001 0.9625 0.7416666671875001 0.99125 0.7283333328125 0.999375 0.7275 0.999375 0.3416666671875 0.9887499999999999 0.3375 0.971875 0.3375 0.94375 0.3466666671875 0.9275 0.35583333281249996 0.91625 0.3691666671875 0.9043749999999999 0.42083333281249996 0.9268750000000001 0.4441666671875 0.928125 0.4491666671875 0.92125 0.4608333328125 0.896875 0.47083333281249995 0.89 0.46749999999999997 0.846875 0.4683333328125 0.8243750000000001 0.4566666671875 0.813125 0.45583333281250005
8 0.595625 0.6958333328124999 0.604375 0.6875 0.6174999999999999 0.6633333328125001 0.639375 0.6066666671875 0.6575 0.5833333328125 0.6475 0.5675 0.63125 0.5591666671875 0.618125 0.5441666671875 0.61625 0.5291666671875 0.62 0.5225 0.61875 0.5166666671875 0.5743750000000001 0.49000000000000005 0.5337500000000001 0.4716666671875 0.49124999999999996 0.44749999999999995 0.401875 0.4066666671875 0.39 0.40499999999999997 0.3625 0.4125 0.34625 0.4225 0.27 0.45416666718750004 0.26437499999999997 0.4641666671875 0.26375000000000004 0.4683333328125 0.26687500000000003 0.4733333328125 0.335 0.5366666671875 0.35562499999999997 0.5516666671875 0.385 0.5825 0.551875 0.7266666671875 0.568125 0.7341666671875 0.5775 0.7308333328125001 0.58875 0.7150000000000001 0.595625 0.6958333328124999
0 0.686875 0.6333333328124999 0.696875 0.6224999999999999 0.719375 0.5883333328125 0.7381249999999999 0.5725 0.755625 0.5458333328125 0.7537499999999999 0.5283333328125 0.7368750000000001 0.5075000000000001 0.70875 0.48666666718749996 0.685625 0.4783333328125 0.670625 0.48 0.64 0.4933333328125 0.628125 0.5025000000000001 0.6125 0.5258333328125 0.6118750000000001 0.5416666671875 0.615 0.5508333328125 0.624375 0.5616666671874999 0.63375 0.5658333328125 0.6675 0.595 0.673125 0.6066666671875 0.67375 0.6216666671875 0.6775 0.6316666671875 0.681875 0.635 0.686875 0.6333333328124999
10 0.571875 0.2416666671875 0.569375 0.29 0.614375 0.2858333328125 0.62 0.2383333328125 0.57375 0.2391666671875 0.571875 0.2416666671875
10 0.515625 0.3175 0.5337500000000001 0.31083333281250003 0.54 0.2983333328125 0.5493750000000001 0.2908333328125 0.5525 0.2491666671875 0.51375 0.2558333328125 0.510625 0.2883333328125 0.51 0.3166666671875 0.515625 0.3175
10 0.790625 0.3391666671875 0.7875 0.3716666671875 0.7849999999999999 0.3775 0.78625 0.38166666718750003 0.7943749999999999 0.37666666718749997 0.798125 0.3641666671875 0.79875 0.3491666671875 0.8074999999999999 0.3075 0.805625 0.3025 0.798125 0.31 0.790625 0.3391666671875
10 0.655625 0.25916666718750003 0.659375 0.24416666718750002 0.658125 0.22749999999999998 0.64375 0.2308333328125 0.6381249999999999 0.2625 0.6375 0.2708333328125 0.645 0.2716666671875 0.655625 0.25916666718750003
10 0.6925 0.2225 0.6799999999999999 0.2233333328125 0.671875 0.24416666718750002 0.67 0.25833333281250004 0.68125 0.2616666671875 0.68875 0.24416666718750002 0.6925 0.2225
10 0.8487500000000001 0.24333333281249997 0.840625 0.25166666718749997 0.8300000000000001 0.2733333328125 0.829375 0.2833333328125 0.835625 0.2941666671875 0.843125 0.2716666671875 0.8487500000000001 0.24333333281249997
0 0.8162499999999999 0.3416666671875 0.809375 0.3591666671875 0.809375 0.36583333281249997 0.8125 0.3691666671875 0.8387499999999999 0.3758333328125 0.8481249999999999 0.38166666718750003 0.875625 0.3791666671875 0.883125 0.3741666671875 0.881875 0.3608333328125 0.8706250000000001 0.35 0.8162499999999999 0.3416666671875
5 0.740625 0.39416666718750004 0.7462500000000001 0.3975 0.858125 0.42416666718749996 0.868125 0.425 0.8712500000000001 0.4216666671875 0.8699999999999999 0.4016666671875 0.866875 0.3966666671875 0.829375 0.3858333328125 0.73875 0.3791666671875 0.740625 0.39416666718750004