8 0.5022074984375 0.8689036484375 0.4957704921875 0.863313425 0.5034981562499999 0.846641834375 0.4967221609375 0.8337727750000001 0.504633096875 0.701865265625 0.5263885875 0.6961614640625 0.5369724765624999 0.4621123640625 0.5326761171875 0.45443346093750003 0.5166896984375 0.45907399218749995 0.49741886874999997 0.47392003281250006 0.4656180390625 0.48881655625000003 0.4377796015625 0.5080652359375 0.4185087703125 0.5229112781249999 0.4055029390625 0.5377320828125 0.4035343 0.5454362265625 0.42928110156250004 0.6965526750000001 0.4634184796875 0.8336989375 0.4725523359375 0.8856635765625 0.4753659375 0.8941804781249999 0.48806292031250004 0.8957933734375001 0.49844725156249997 0.8938794859374999 0.5037003 0.8759698265625 0.5022074984375 0.8689036484375
8 0.5245793234375 0.440113684375 0.5372813296875 0.44567866875 0.5649628250000001 0.43267079218750004 0.6443638265625 0.38076548906249996 0.694600571875 0.342706059375 0.706098528125 0.3089628078125 0.6993275578125 0.3000458390625 0.7037657859374999 0.289627671875 0.7152989046875 0.2835490421875 0.74782436875 0.157242065625 0.7433946687499999 0.15502585625 0.68776049375 0.14970428593750001 0.6846330171874999 0.1536689953125 0.6843342109375 0.1780068703125 0.68137371875 0.1836349515625 0.67082240625 0.18388546562500002 0.6371747156249999 0.1725807046875 0.6155761609375 0.1720437 0.5606839734375 0.1793370359375 0.5456894125 0.18605362812499998 0.53239481875 0.23311648593749998 0.5231932234375 0.387285809375 0.5245793234375 0.440113684375
12 0.7672607375 0.305596321875 0.7517501531249999 0.29546652500000004 0.7090389296875 0.2875263703125 0.7024600578125 0.30003321875 0.7115336343750001 0.304572790625 0.7496296015625 0.3133635625 0.765125115625 0.311637090625 0.7672607375 0.305596321875
10 0.611071559375 0.7788145984375 0.6029797890624999 0.7684469093749999 0.609705553125 0.741795078125 0.5369499453125 0.703815128125 0.5325066953125 0.7102812078125 0.5292524203125 0.744199253125 0.53257199375 0.7616583625 0.5876813984375 0.7955492875 0.6021900796875 0.79569884375 0.63056965 0.8130569937500001 0.634855965625 0.8128317218750001 0.642416646875 0.7944967578125001 0.611071559375 0.7788145984375
10 0.7306702046875 0.5732391171875 0.6821698171875 0.5505538765625 0.6764107890625 0.5595213234374999 0.6667345796874999 0.5997054125 0.6843908328125 0.6116986171875001 0.70534154375 0.6213904828125 0.71094865625 0.622615928125 0.717198584375 0.6107344218749999 0.7306702046875 0.5732391171875
10 0.6332375828125001 0.7069633171875 0.6296191999999999 0.713842084375 0.6354083671875 0.7285871703125 0.634760525 0.73774203125 0.6600025734375 0.7511607140625001 0.67084766875 0.7226202359375 0.657153809375 0.7149791921875 0.6332375828125001 0.7069633171875
10 0.56530318125 0.8301683953125 0.52487949375 0.805994575 0.5158109390625001 0.8054070921875001 0.5128504453125 0.811035175 0.51533008125 0.816225328125 0.5552578421875001 0.8393611171875 0.5715983203125 0.8538556890625 0.5795130609375 0.8546558265625 0.582974503125 0.8540178640624999 0.5832984234375 0.8494404328125 0.56530318125 0.8301683953125
10 0.5262806624999999 0.8706787171875 0.5234821281250001 0.8740180843750001 0.524656034375 0.8896137859375 0.5649177640625 0.9160763187500001 0.569512928125 0.8994173484375001 0.54492374375 0.8807958921875001 0.5262806624999999 0.8706787171875
0 0.7326199718749999 0.42097105625 0.7291484828125 0.413704840625 0.716112509375 0.4048131125 0.7034155281250001 0.40320021875 0.6744684875 0.4582303515625 0.6736536640625 0.465721840625 0.6779500234375 0.4734007453125 0.6871855625000001 0.4756516015625 0.71124365625 0.4655704046875 0.7207880453125 0.45138756406249997 0.7326199718749999 0.42097105625
5 0.512051909375 0.7016273703125 0.4911313375 0.7156480375000001 0.4919913703125 0.7437253484374999 0.497279584375 0.7534803140624999 0.5014039375 0.75554375625 0.5196879390625 0.7425737406249999 0.5166721921875 0.7047288453125 0.512051909375 0.7016273703125
4 0.5229283062500001 1 0.49377049531250006 0.9760605953124999 0.484352903125 0.9602900984374999 0.5055722828125 0.92193155625 0.4971616140625 0.9200933890625 0.48630145 0.9367775984375 0.4759171203125 0.938691484375 0.4693081078125 0.9274858 0.44818539062499996 0.9121784734375 0.43383364375 0.9057881125 0.4298863203125 0.9132922203125 0.44341821875000004 0.9232219828125 0.44822055 0.9398430937500001 0.45878191093750004 0.947496759375 0.46854351562499996 0.9744981796875001 0.45867018281250005 0.9893063625 0.4612943453125 1 0.5229283062500001 1
4 0.7968268468749999 0.6079175593749999 0.778664621875 0.5869821484375 0.772890525 0.584093328125 0.76514779375 0.58890865625 0.7494752484375 0.581067575 0.7379220359375 0.57133785 0.7275578 0.5890600906250001 0.7278967875 0.5963389265625 0.7333419390625 0.5998530875 0.7427394390625001 0.599815228125 0.7646820046875 0.61158315625 0.7905718937499999 0.6158469765625 0.796173984375 0.6131203328125 0.7968268468749999 0.6079175593749999
10 0.7584935734375 0.5421341703125 0.7647635953125 0.5460610203125 0.7624660109375 0.5543905031249999 0.7558871390624999 0.5668973546875 0.7481393828125 0.5677605890625 0.77832563125 0.5797033125 0.8000409359375 0.5423828015625001 0.766555203125 0.5287893234375 0.7584935734375 0.5421341703125
10 0.77772421875 0.49567141562500006 0.7662162140625 0.5215104890625 0.771990309375 0.5243993078125 0.80332535 0.5321772890625 0.8156582265625 0.506750903125 0.77772421875 0.49567141562500006