8 0.985625 0.6591666671875 0.9881249999999999 0.6558333328125 0.9875 0.6508333328125 0.9793749999999999 0.6433333328125 0.9175000000000001 0.61 0.8525 0.5775 0.834375 0.575 0.610625 0.5816666671874999 0.600625 0.5858333328125 0.609375 0.6041666671875 0.60375 0.6141666671875 0.504375 0.6133333328125 0.44125 0.6191666671875 0.43562500000000004 0.6241666671874999 0.42625 0.6458333328125 0.42374999999999996 0.6599999999999999 0.42874999999999996 0.6625 0.693125 0.6608333328125 0.753125 0.6575 0.7681250000000001 0.6633333328125001 0.81875 0.6641666671875 0.975 0.6616666671875 0.985625 0.6591666671875
8 0.27937500000000004 0.6725 0.2875 0.6666666671875 0.4 0.6625 0.40812499999999996 0.6575 0.41125 0.645 0.40625 0.6391666671875 0.37687499999999996 0.64 0.351875 0.635 0.34500000000000003 0.6308333328125 0.346875 0.62 0.34375 0.61 0.33125 0.5991666671875 0.33187500000000003 0.5958333328125 0.32 0.5916666671875 0.275625 0.5916666671875 0.228125 0.5966666671875 0.17875000000000002 0.6233333328125 0.17625 0.6308333328125 0.15562499999999999 0.6358333328125 0.15 0.62 0.095625 0.6158333328125 0.078125 0.6216666671875 0.068125 0.6208333328125 0.064375 0.6133333328125 0.071875 0.605 0.07125000000000001 0.5991666671875 0.0375 0.6016666671875 0.00125 0.6141666671875 0 0.6725 0.091875 0.6708333328125 0.10687500000000001 0.6666666671875 0.1125 0.6616666671875 0.12625 0.6708333328125 0.17375000000000002 0.675 0.191875 0.6716666671875 0.27937500000000004 0.6725
8 0.9875 0.5733333328125 0.95 0.5575 0.9199999999999999 0.5391666671875 0.7925 0.4966666671875 0.7693749999999999 0.4966666671875 0.7462500000000001 0.5025000000000001 0.73875 0.5083333328124999 0.7381249999999999 0.5158333328125 0.74125 0.5216666671875 0.781875 0.5491666671875 0.8081250000000001 0.5625 0.9112500000000001 0.6016666671875 0.9506249999999999 0.5974999999999999 0.974375 0.5766666671875 0.9875 0.5733333328125
10 0.5081249999999999 0.49083333281249997 0.501875 0.49416666718749996 0.499375 0.5025000000000001 0.499375 0.575 0.5025000000000001 0.5783333328125 0.60625 0.5766666671875 0.6131249999999999 0.575 0.61625 0.5708333328124999 0.6168750000000001 0.48666666718749996 0.61375 0.4841666671875 0.5081249999999999 0.49083333281249997
10 0.015 0.5116666671875 0.026250000000000002 0.5758333328125 0.031875 0.5875 0.06999999999999999 0.5891666671875 0.128125 0.5875 0.13125 0.585 0.125 0.5391666671875 0.114375 0.5083333328124999 0.015 0.5116666671875
10 0.37374999999999997 0.5041666671875 0.304375 0.49833333281250003 0.29312499999999997 0.49833333281250003 0.29125 0.5008333328125001 0.290625 0.5133333328125 0.30062500000000003 0.5758333328125 0.35562499999999997 0.5866666671874999 0.37625000000000003 0.5866666671874999 0.379375 0.5833333328125 0.380625 0.5716666671875 0.375625 0.5425 0.37374999999999997 0.5041666671875
10 0.12625 0.46333333281250005 0.12437499999999999 0.4791666671875 0.12687500000000002 0.5025000000000001 0.14625 0.505 0.175625 0.5025000000000001 0.176875 0.4808333328125 0.175 0.4641666671875 0.166875 0.46166666718749994 0.12625 0.46333333281250005
10 0.27875 0.45499999999999996 0.28125 0.48333333281249996 0.28375 0.4875 0.32687499999999997 0.48333333281249996 0.32937500000000003 0.4808333328125 0.32999999999999996 0.4725 0.328125 0.45499999999999996 0.27875 0.45499999999999996
10 0.49124999999999996 0.4625 0.495 0.47583333281250006 0.503125 0.48250000000000004 0.5431250000000001 0.4766666671875 0.5475 0.4691666671875 0.545 0.45499999999999996 0.49312500000000004 0.45583333281250005 0.49124999999999996 0.4625
4 0.64375 0.4641666671875 0.64375 0.4566666671875 0.64 0.4516666671875 0.639375 0.4258333328125 0.6331249999999999 0.42083333281249996 0.624375 0.4216666671875 0.62 0.4325 0.619375 0.4425 0.603125 0.4491666671875 0.590625 0.46749999999999997 0.5900000000000001 0.4733333328125 0.6068749999999999 0.475 0.6168750000000001 0.48250000000000004 0.618125 0.4883333328125 0.62375 0.49000000000000005 0.629375 0.47083333281249995 0.640625 0.4691666671875 0.64375 0.4641666671875
5 0.516875 0.6116666671875 0.61125 0.6125 0.6056250000000001 0.5900000000000001 0.516875 0.5875 0.515 0.5933333328125 0.51375 0.61 0.516875 0.6116666671875
5 0.39875 0.5866666671874999 0.375 0.6341666671875 0.375625 0.64 0.406875 0.635 0.40812499999999996 0.6224999999999999 0.41500000000000004 0.6 0.421875 0.5875 0.421875 0.5816666671874999 0.41125 0.5816666671874999 0.39875 0.5866666671874999
5 0.10124999999999999 0.6041666671875 0.100625 0.6141666671875 0.1625 0.6208333328125 0.190625 0.6066666671875 0.195 0.6016666671875 0.184375 0.5958333328125 0.118125 0.5958333328125 0.1025 0.6008333328125001 0.10124999999999999 0.6041666671875
12 0.780625 0.5633333328125001 0.7775000000000001 0.5808333328125 0.77625 0.6116666671875 0.7893749999999999 0.6191666671875 0.79375 0.6183333328125 0.798125 0.5841666671875 0.798125 0.5666666671875 0.795 0.5533333328125 0.785625 0.5525 0.780625 0.5633333328125001