8 0.4082504109375 0.3638843234375 0.4032523890625 0.372925775 0.4102463140625 0.38176291875 0.530347171875 0.49973112343750004 0.54881169375 0.5115211093750001 0.5940472703124999 0.5547177 0.6037738859374999 0.5557461578125 0.6070459171875 0.5459199031249999 0.6177792375 0.538354871875 0.6382571671874999 0.5329578859375 0.648037765625 0.5374051015625 0.675006759375 0.5813471515625 0.6911159796875 0.5886719765625 0.7080164625 0.6099334359374999 0.7400549625 0.613187225 0.7515795437499999 0.6195588296875 0.75625415625 0.6262099812499999 0.7570454171875001 0.6401466140625 0.7542587421875 0.6445365390625 0.7463120984375 0.64771164375 0.7452874 0.6551655453125 0.7591672828125 0.6660023109375001 0.759886565625 0.6753806 0.7932016843749999 0.68713469375 0.8015309531250001 0.688028565625 0.8212133328125001 0.6570223671875 0.7984506453125 0.6216371390625001 0.7824668953125 0.5860842625 0.7011645343749999 0.46539237031249997 0.6413293015625 0.36577557031249996 0.5887759015625 0.2932292890625 0.5896026640625001 0.2732399421875 0.5762621218749999 0.2603856046875 0.5633709484375 0.2398157671875 0.5554063109375 0.24185128281249998 0.5362589828125001 0.259167334375 0.5068816890625001 0.27975166875 0.4685690390625 0.31324417968749996 0.4290517484375 0.342794734375 0.4082504109375 0.3638843234375
12 0.575383340625 0.42177680625 0.565620734375 0.41846917812499995 0.5610720828125 0.4197951296875 0.5243779453124999 0.4834400828125 0.519002534375 0.5047553812500001 0.524755828125 0.5073713890625 0.530994478125 0.5045510671875 0.5444245015625 0.48689818125000006 0.5771813031249999 0.42711995468749997 0.575383340625 0.42177680625
10 0.6479487749999999 0.6041174781249999 0.6137164328125 0.5704496484375 0.5912246062500001 0.5568284546875 0.53966236875 0.655574865625 0.558756203125 0.6710452124999999 0.6082345265625 0.6935428890625001 0.6436700375 0.62253721875 0.6479487749999999 0.6041174781249999
10 0.4264484484375 0.6120165937500001 0.41093255156249997 0.6060929546875 0.40740859531250007 0.5999650062499999 0.39423000468749997 0.59736694375 0.363504603125 0.641097784375 0.368161221875 0.6466093500000001 0.40726562343749995 0.6632586218750001 0.41677630624999995 0.650612046875 0.43227371875 0.6191909453125 0.4264484484375 0.6120165937500001
10 0.7371267828125 0.7894862296875 0.7735393375 0.7321245296875001 0.75713636875 0.7182548515625 0.748830328125 0.7348433875 0.7318948375 0.7837130609375 0.7371267828125 0.7894862296875
10 0.7132129125 0.6496325828125 0.6999623421875001 0.6424761765625 0.696025009375 0.6463429015625 0.671466771875 0.718900228125 0.6706580046874999 0.7400291625000001 0.6741999546875 0.7472966984375 0.6808879734375 0.7367608765625 0.7132129125 0.6496325828125
10 0.534521375 0.7279099375 0.556778784375 0.6905113578125001 0.5508995296875 0.679918246875 0.5440855499999999 0.6824769671875 0.5274369890624999 0.6771697109375 0.506312240625 0.7139519078125 0.534521375 0.7279099375
10 0.600756225 0.7625523859375 0.6041902078125 0.7629824015625 0.61255023125 0.749812625 0.6196336375 0.7281425421875001 0.598382440625 0.720742484375 0.582903021875 0.7533031703125 0.600756225 0.7625523859375
4 0.33725440624999997 0.57032886875 0.3467830828125 0.5588218781250001 0.33175254375 0.547461909375 0.31938320781249996 0.5599400703125 0.29813201093749997 0.55254000625 0.2784988359375 0.5390872328125 0.270498209375 0.5388435781250001 0.264870875 0.5442046734375 0.25061409375 0.5818469046875 0.2541020578125 0.5856956828125 0.2609340328125 0.58427655 0.2539585921875 0.6127841484375 0.2631998515625 0.6192489343750001 0.27227915937499997 0.615457446875 0.2941951671875 0.592611884375 0.33725440624999997 0.57032886875
8 0.19568396562499998 0.25025980312499996 0.18967924375 0.2678947421875 0.194192396875 0.3004947734375 0.16997605 0.3947042375 0.16853797343750002 0.4121528109375 0.23838675 0.45862114062500003 0.270389259375 0.45959575625 0.2824711765625 0.46508937499999997 0.2892851578125 0.46253065624999995 0.3174938 0.4402835328125 0.39749909843750003 0.370309765625 0.4041511265625 0.35749477343749997 0.39999786249999997 0.347686465625 0.24573663906249998 0.20060877656249998 0.24392067812499998 0.19412604218750001 0.24823540312499998 0.17798547343749999 0.24196076406249997 0.17852662187499999 0.22168077187500002 0.1964590546875 0.2093474265625 0.21121638437499998 0.1932566890625 0.241236296875 0.19568396562499998 0.25025980312499996
0 0.27389522187500004 0.4645841203125 0.27322991874999997 0.45862458906250003 0.24410405468750002 0.458957975 0.23734405625 0.464935453125 0.2312493609375 0.4768724640625 0.23941193906249997 0.48737239062500004 0.238998559375 0.49736706406250003 0.2665963734375 0.508784321875 0.280853646875 0.5073472406249999 0.2963335546875 0.51099170625 0.3030935515625 0.5050142296875 0.30410025625000003 0.4964207421875 0.287163784375 0.47288011250000006 0.27389522187500004 0.4645841203125
0 0.48488012031250005 0.6227456796874999 0.4767355390625 0.613385334375 0.46868092812500006 0.6097229234375 0.44185638125000004 0.6111027140624999 0.43468300312499997 0.627074865625 0.45196087812499997 0.636062478125 0.47134213125 0.6335610484374999 0.47865946406250004 0.6267055859374999 0.4820934453125 0.62713560625 0.48488012031250005 0.6227456796874999