8 0.263164275 0.6967185015624999 0.2922056796875 0.6736535921875 0.3010486203125 0.67783526875 0.305816978125 0.6760542234375 0.3102871875 0.667009975 0.3143916859375 0.601527309375 0.3185281140625 0.5825915328125 0.31624611874999997 0.5762894609375 0.32390957343750004 0.537654915625 0.336864403125 0.3885168 0.33580121875 0.38374071249999997 0.327985828125 0.3817067984375 0.29206280625000003 0.3832371625 0.24110530625 0.395226103125 0.2094124984375 0.39946908593749997 0.1523121953125 0.4149631921875 0.14688569375 0.42711633125 0.1662969515625 0.6658682390624999 0.168040803125 0.6766639718749999 0.178173815625 0.6876282859375 0.179690778125 0.696417471875 0.188687675 0.8592598875 0.19360796875 0.8981472984375 0.1960812234375 0.90382759375 0.198865734375 0.9030076796875001 0.2552309109375 0.8185552968750001 0.2581616390625 0.784330125 0.26569198437499997 0.765337425 0.2593747296875 0.71178239375 0.263164275 0.6967185015624999
12 0.25377174999999996 0.54888305625 0.2495284296875 0.55993385 0.25318486562500003 0.5645118046875 0.301296009375 0.5782412781249999 0.32226891874999997 0.5786627265625001 0.32863860625 0.577164109375 0.33074245156250004 0.5703245484374999 0.316223596875 0.559897721875 0.2629259515625 0.5465645234375 0.25377174999999996 0.54888305625
10 0.3801514109375 0.7829026515625 0.4030799265625 0.6918975171875 0.31112348437500004 0.6697795171875 0.2975179015625 0.741452596875 0.2973847953125 0.7610944421875 0.3801514109375 0.7829026515625
10 0.44614875625000006 0.5546257296875 0.46282960624999997 0.5772330609375 0.48986095 0.5826561046875 0.5037872 0.5346379625 0.47370882812500004 0.5253999609375 0.461316340625 0.5245253109375 0.4520065125 0.53009395 0.44614875625000006 0.5546257296875
10 0.2940322265625 0.8378534078125 0.2797627828125 0.84582486875 0.2780770828125 0.8540492000000001 0.351725128125 0.8808042703125001 0.3615243640625 0.8818770546874999 0.3666752390625 0.8788524531249999 0.358406075 0.8728054390625 0.353459565625 0.861444853125 0.335964940625 0.8524597203125 0.2940322265625 0.8378534078125
10 0.45870830937499996 0.7003977046875 0.426646090625 0.6921208296875 0.4147524234375 0.7280427578124999 0.449599153125 0.7354997140624999 0.45870830937499996 0.7003977046875
10 0.42541619375 0.8223505375 0.43322216874999997 0.7942293 0.40276127968750003 0.7862348546875 0.396641003125 0.8061317593749999 0.3971660390625 0.8154015109375001 0.42541619375 0.8223505375
4 0.556784678125 0.42271568125 0.5503080984375 0.4163293171875 0.5356692453125 0.411780921875 0.531140884375 0.40180510468749997 0.5109104859375 0.3825048015625 0.4956622265625 0.377193415625 0.486339290625 0.396525465625 0.49697482031250007 0.4003677921875 0.503212325 0.40753137968750003 0.495454165625 0.4354971703125 0.4972823828125 0.4377861453125 0.490445809375 0.4490350796875 0.4813272421875 0.45398193906250006 0.4721243046875 0.46743555781249996 0.4702117171875 0.47365334062500003 0.47600762812499997 0.4740200578125 0.519927884375 0.443746678125 0.5271826046875 0.43388251406249995 0.5465541859374999 0.43402153749999994 0.5538801671875 0.4294140265625 0.556784678125 0.42271568125
8 0.48785422812499996 0.287322375 0.495624571875 0.2565728109375 0.4916343578125 0.24210333125 0.42868369062499995 0.194292090625 0.4150854984375 0.17812804531249998 0.41318601875 0.1705824171875 0.4189594109375 0.15455739531249998 0.4387978765625 0.144946103125 0.4465776359375 0.1443516921875 0.46241277812500003 0.1340343296875 0.470183125 0.10328476718749999 0.46687357656249995 0.09483493125 0.469288678125 0.0814951609375 0.4857463359375 0.058177379687499996 0.49132846875 0.0427741359375 0.48869958281250003 0.040343946874999995 0.41302836718749997 0.05584024375 0.3989858109375 0.065818253125 0.37839541875 0.064153246875 0.36675485625 0.074554896875 0.35934450625 0.087669165625 0.34672143593750004 0.1287065328125 0.34900343125 0.1350086046875 0.34345693125 0.153040175 0.3449607828125 0.17559277499999998 0.339365540625 0.20475942812499998 0.3356173484375 0.2965253625 0.326303825 0.34601256406249997 0.328679603125 0.37396303125 0.3363393625 0.37924705 0.42924268750000005 0.3681010109375 0.45827098125 0.3587995109375 0.46794080625 0.3355955765625 0.484540984375 0.32279110312500003 0.48813926875 0.3083489890625 0.48785422812499996 0.287322375
5 0.2633911625 0.69872505 0.2662825640625 0.7057901156249999 0.263711834375 0.722379990625 0.2661588703125 0.7555871093750001 0.26760457187500003 0.75911964375 0.2709984921875 0.75906271875 0.2889374796875 0.741905796875 0.29420835312500004 0.7330027640625 0.29506145 0.6780903281249999 0.292014421875 0.6742753671874999 0.2633911625 0.69872505
5 0.22989098593750001 0.8789816374999999 0.2333205359375 0.881553040625 0.23648756249999997 0.8794895687500001 0.2768844890625 0.8249963921875001 0.2760125640625 0.819598525 0.26522140625 0.8190063046875 0.23715881562500002 0.8553540625 0.22989098593750001 0.8789816374999999