8 0.5220401 0.472620840625 0.5138569046875 0.5056531046875 0.5020605687499999 0.541745709375 0.48458991874999996 0.55256186875 0.47395518281250004 0.5637814703124999 0.4631680421875 0.602116021875 0.4533188 0.6029377015625 0.4486869546875 0.5984554531249999 0.444245540625 0.5880608234375 0.4454261578125 0.573789103125 0.44158455781250006 0.5615592546875 0.42770803749999997 0.5587137921875 0.4192678640625 0.5605539421875 0.3932759375 0.64008001875 0.3946897625 0.6437488078125 0.433743896875 0.6734894140625001 0.4707748875 0.6960958046875 0.478619996875 0.6987411921875 0.481028759375 0.6967009656250001 0.5570004109375 0.46158980625 0.6165248703125 0.24748771718749998 0.6161154859375 0.243410553125 0.608270375 0.2407651640625 0.5853728828125 0.2521963515625 0.57473339375 0.26076563125 0.5629085375 0.28095630781250003 0.550060228125 0.29095407500000003 0.5426197453125 0.28973553124999996 0.53475086875 0.2738385390625 0.5323326015625 0.27057812187499997 0.5295192109375 0.27119150468750003 0.5182269625 0.3030769109375 0.5050887609375 0.3246211 0.510325171875 0.3299184546875 0.5266199609375 0.336024334375 0.529047734375 0.344585390625 0.5112580140625 0.4016804890625 0.5038317921875 0.40841290781249995 0.4590222375 0.42026562187499994 0.45001552499999997 0.4424932375 0.4490300953125 0.4535028953125 0.46289235624999997 0.448397396875 0.5161896140625 0.4612077421875 0.5218306546875 0.46793193750000006 0.5220401 0.472620840625
0 0.5169846125 0.45611046406250005 0.48983613750000005 0.45123464062499996 0.456470575 0.45472144062500003 0.44301769843749994 0.46390410312499997 0.43480123125 0.4783841203125 0.4203961953125 0.517128690625 0.41841107656250004 0.5311970453125 0.4315116109375 0.5497410703125001 0.444397946875 0.5609458734375 0.44423128125 0.580109859375 0.45110046875 0.599065546875 0.45914551875000004 0.6010991984375 0.4661766171875 0.598240578125 0.47757783125 0.566021771875 0.48299516875000004 0.5601061031250001 0.49725730468749996 0.5537771265625 0.5076873484375 0.5405189421875 0.5316846515625 0.469760578125 0.5296615046875 0.4626263625 0.5169846125 0.45611046406250005
10 0.41819778437500005 0.18808214375 0.4125852640625 0.1972598734375 0.3828182828125 0.3016605984375 0.39147265 0.307159671875 0.4564518640625 0.33219493125 0.4659059859375 0.33524705 0.47012369375 0.3330018140625 0.499486046875 0.22717424687499999 0.41819778437500005 0.18808214375
10 0.366375840625 0.325319990625 0.3895781453125 0.25965890156250004 0.3843417328125 0.25436154843750003 0.3722741625 0.2513110765625 0.342493221875 0.2358356109375 0.338680140625 0.2395076875 0.315677775 0.3045570375 0.31648703437500003 0.307410721875 0.330972875 0.3137216125 0.366375840625 0.325319990625
10 0.3022388546875 0.4336158890625 0.32918739218750004 0.4391034546875 0.34818624374999996 0.3836385640625 0.3353046609375 0.3750840828125 0.2994970640625 0.3620588640625 0.2793033359375 0.42384450781250005 0.2833306140625 0.427511653125 0.3022388546875 0.4336158890625
10 0.38840733906249997 0.1673060390625 0.40772496406250003 0.1774874359375 0.41234729999999997 0.1766690453125 0.43074158906250004 0.12038905312499999 0.4234915375 0.11325812500000002 0.3866652390625 0.09269031718750001 0.36465780937500003 0.1520306484375 0.38840733906249997 0.1673060390625
10 0.4734139203125 0.0377944140625 0.47491255624999995 0.0332091203125 0.41498106406249996 0.029018303125 0.44892167812499995 0.056769834374999995 0.45918030312499997 0.06002531875 0.4613891265625 0.05859683125 0.4734139203125 0.0377944140625
5 0.496063034375 0.3362474296875 0.49063619375 0.336862459375 0.47798781874999996 0.346248484375 0.4292175328125 0.391538553125 0.42604229218749995 0.41457798281249997 0.4278654984375 0.4223239375 0.433092403125 0.4223206484375 0.4479496 0.4115061328125 0.5003330296875 0.363155728125 0.5021324703125 0.357650075 0.49689130625000005 0.3497024015625 0.496063034375 0.3362474296875
8 0.35981470625 0.8144108484375 0.3647655515625 0.788603565625 0.388796196875 0.72040804375 0.3879679265625 0.7069530734375 0.3995928453125 0.687374134375 0.408190175 0.66106935625 0.374367696875 0.63397578125 0.3230460515625 0.6017964421875 0.304737625 0.593856990625 0.28992795937500004 0.631174715625 0.2751468140625 0.68439436875 0.3445338671875 0.8131972359375 0.3479565765625 0.8160492765624999 0.35981470625 0.8144108484375
12 0.35567810624999996 0.7497863171875 0.34099707968750004 0.7467374875 0.304004115625 0.745333665625 0.2915461734375 0.7488073125 0.2907559296875 0.7565549109374999 0.3054417078125 0.7622540609375 0.35771075625000004 0.762221175 0.3546926765625 0.7607959765625 0.35567810624999996 0.7497863171875
1 0.4103562171875 0.6357879796875 0.41639238125 0.6386383765625 0.41860120624999997 0.6372098875 0.425003971875 0.620284559375 0.42157650625 0.614782196875 0.4119176953125 0.609691496875 0.40390591875000004 0.6262100953124999 0.4103562171875 0.6357879796875
3 0.469527728125 0.6732630296875 0.468513778125 0.6683707609375 0.47591148125 0.645736415625 0.46362495781249996 0.6326963953125 0.4565843515625 0.6302543734375 0.4453307890625 0.6327079062500001 0.4423317203125 0.6418839921874999 0.44756813281249996 0.6471813453124999 0.44656844375000004 0.6502400421875 0.43853289999999995 0.653507034375 0.43633833906249997 0.6628864859375 0.43875660625 0.6661469 0.4604829890625 0.674288075 0.469527728125 0.6732630296875