8 0.48519916875 0.6729172578125 0.4860828875 0.659250921875 0.48039129062499997 0.6322692609375 0.4782053765625 0.574890196875 0.470945603125 0.5537869578125 0.4478724328125 0.41249814687499997 0.44579404218749996 0.4099354984375 0.43018734375 0.40631645625 0.4236036890625 0.3999348296875 0.41633140468749996 0.389232134375 0.406483025 0.357125178125 0.3905361859375 0.34787875625 0.31765489687500004 0.3725920734375 0.283288471875 0.39097822656250003 0.271320003125 0.3909771078125 0.2435539140625 0.4018774984375 0.22793470624999998 0.408659 0.222201409375 0.4163458234375 0.22703847812500003 0.43272588125 0.250572725 0.47910346875 0.32097203125 0.6431573265625 0.3863933890625 0.7637494984375001 0.3941717171875 0.7863601109375 0.3974614609375 0.79128435 0.40492049531249996 0.7909333390625 0.42315332968749997 0.7743544625000001 0.47824201093749996 0.6886430375 0.48519916875 0.6729172578125
0 0.4872876953125 0.3786372546875 0.5032762375 0.3532151921875 0.5079807640625 0.3355799234375 0.50559141875 0.30312195468750003 0.490731728125 0.2552880984375 0.47912842187500004 0.24011326875 0.4659527703125 0.2342837109375 0.436631015625 0.2406619765625 0.42950795625 0.2501072171875 0.42013643125 0.25417611875 0.4064172046875 0.2676402765625 0.387848396875 0.2751249234375 0.38160488593749997 0.274370675 0.3675496859375 0.2787406046875 0.340650634375 0.28984204999999996 0.3333533328125 0.29994044999999997 0.3342162015625 0.30360835625 0.3460020890625 0.31119633125 0.3888313 0.3232087015625 0.399393325 0.33883562968750003 0.39921074375 0.34642248750000004 0.418227215625 0.3993816390625 0.43884522031250006 0.4187275796875 0.435534628125 0.43113758593749996 0.4549496234375 0.44118823906250004 0.459152275 0.40817820156250006 0.4744313375 0.39576931875 0.4872876953125 0.3786372546875
8 0.575168659375 0.5737939015625 0.5692903109375 0.55786594375 0.5644323921875001 0.558820128125 0.5553968421875 0.5719832593749999 0.5401219484374999 0.5809252953125 0.4876427234375 0.6603061968749999 0.4829298578125 0.6848751625 0.486891546875 0.707987859375 0.49362442343749996 0.7345174203125 0.5010792890625 0.73763325625 0.5026432953125 0.7352216828125 0.5937291265625 0.5732429515625 0.585585634375 0.5658060500000001 0.575168659375 0.5737939015625
10 0.621881228125 0.5298346109375001 0.6106055546875 0.5306877078125 0.6078218578125 0.5376713875 0.6007113046875 0.5367160828124999 0.6038309765625 0.53882663125 0.601391590625 0.5479708421875 0.5900950703125 0.56615818125 0.5904393828125001 0.5683187125 0.606220321875 0.5712845984375 0.65686121875 0.5781727937500001 0.6716550875 0.536521746875 0.621881228125 0.5298346109375001
10 0.647461403125 0.4615551546875 0.6304065609375 0.5082304078125001 0.67410698125 0.5169769875 0.68330009375 0.5170280921875 0.697409503125 0.467589134375 0.647461403125 0.4615551546875
10 0.6617283765625 0.425330434375 0.6646738062499999 0.42809413906250005 0.6650056078125 0.4406552171875 0.7106185171875 0.4456839046875 0.7184510546875 0.4232254875 0.6769990984375001 0.4198552453125 0.6617283765625 0.425330434375
10 0.697849728125 0.3900121515625 0.6803347109375 0.3866441515625 0.675987009375 0.3960394078125 0.6853418515625 0.40583789843750007 0.6924524046875 0.406793203125 0.72610518125 0.4048870765625 0.731154021875 0.3894123390625 0.697849728125 0.3900121515625
12 0.5403953718750001 0.6420222515625 0.535014728125 0.644935909375 0.5348363171875 0.6490559171875 0.5490532499999999 0.654433375 0.578014009375 0.6597619703125 0.5802749828125 0.6547377640625001 0.5700489281250001 0.6482050625 0.5403953718750001 0.6420222515625
5 0.617121015625 0.161142325 0.613130134375 0.16229756875 0.6106907500000001 0.17144178125 0.597364978125 0.2904187671875 0.599961925 0.2944887890625 0.611577740625 0.299263075 0.6275046296875 0.18088926249999998 0.6242232265625 0.169031328125 0.617121015625 0.161142325
1 0.46204111875000003 0.16956883125 0.45822865156250003 0.16660406875 0.44087953906250005 0.16951660625 0.437577284375 0.1749929125 0.4458491484375 0.2199119921875 0.45400097968750003 0.22041519531249998 0.46128994375000004 0.21725049375 0.4647664390625 0.2111210296875 0.46204111875000003 0.16956883125
0 0.668334678125 0.1244688625 0.6560218953125 0.12230721093750001 0.6511639765624999 0.123261396875 0.646123475 0.13180243593750002 0.6360091140625 0.17661930312500002 0.6415223015625 0.20772097031249998 0.6651024171875 0.21596322343750002 0.6745239796875 0.1702921421875 0.6754202078125 0.1462252609375 0.668334678125 0.1244688625