4 0.38361214062500004 0.086832671875 0.3682084578125 0.0758608015625 0.36294575 0.0472336515625 0.3499212296875 0.041239026562499996 0.34217920468749996 0.0434990265625 0.3317965328125 0.07463082343750001 0.31949889374999996 0.1272039796875 0.31990251875000003 0.148741934375 0.30637481875 0.190072853125 0.307342796875 0.20216501718750002 0.3122624515625 0.2141348625 0.313391759375 0.2282423875 0.3093195359375 0.2516025171875 0.3121221140625 0.25774519375 0.3272637125 0.2695669875 0.3482317703125 0.2675710359375 0.38875610156249996 0.23769495 0.3953688171875 0.221327421875 0.3986745765625 0.1801445515625 0.4076862453125 0.1483817421875 0.40671826875 0.136289578125 0.39375371875 0.10217649375 0.38361214062500004 0.086832671875
4 0.9609234390625 0.2632532515625 0.954552415625 0.2661442671875 0.9495122140625 0.277412234375 0.9405605171874999 0.28105658125 0.9229396 0.3001219421875 0.9152179671875 0.3150085296875 0.9195126968749999 0.3315435140625 0.9045534171874999 0.367362771875 0.9059448109374999 0.3806203703125 0.9105819890625 0.3808135546875 0.9306624343750001 0.3512335671875 0.9402996328125001 0.3479047234375 0.9490294265625 0.3373643625 0.9596945765625 0.31800922656249997 0.9673760265625001 0.310868575 0.9693113828125 0.3020537984375 0.9644924828124999 0.28721866875 0.967254278125 0.26810817343750004 0.9609234390625 0.2632532515625
8 0.7509479984375 1 0.7145598640624999 0.8971891546874999 0.7099826609375001 0.8688775124999999 0.7604848375000001 0.7203334625 0.7653235281249999 0.714796071875 0.7759083140625 0.7109328078125 0.8268566999999999 0.708177203125 0.8336913203125 0.6987056843749999 0.83246125625 0.687463446875 0.8417955859375 0.6597313609375 0.8277629031249999 0.6493905078125 0.7819956578125 0.6302669203125 0.7800399109375 0.6264551140625 0.7771767578125 0.6154317890625001 0.7795355296875 0.607782446875 0.8031640281250001 0.55654218125 0.7993532875 0.546053278125 0.7913893609375 0.5414172703125 0.7773770703125 0.543703 0.719976696875 0.5318423875 0.676447675 0.52830726875 0.61503505 0.5116883265625 0.5913249859375 0.5124222515625 0.5325943921875 0.525183796875 0.504851690625 0.5085328062500001 0.48761340625000005 0.503510428125 0.3466430671875 0.4910377578125 0.3368043578125 0.5000971796875 0.3306354484375 0.530256725 0.27115835 0.9215546359375001 0.44159654843749996 1 0.7509479984375 1
8 1 0.8710364765625 0.9932535546875 0.8692006937500001 0.97186208125 0.8700312125 0.9604910390624999 0.8764442578124999 0.94067208125 0.8721752125 0.9303895640625001 0.8674426125 0.926639396875 0.8618343578125 0.9253691515625 0.8583380578125 0.9294617671875001 0.8476045125 0.9270826046874999 0.8426272703125001 0.8976462390625001 0.82131455 0.8855896953125001 0.8274120875 0.8819204968750001 0.839311065625 0.8875862265625001 0.8564770640624999 0.9095630437500001 0.8918264468749999 0.9214384671875001 0.9040860703125 0.9469633375000001 0.917775175 0.9709360874999999 0.9491904312500001 0.9748225671874999 0.9581644390624999 1 0.87651565 1 0.8710364765625
5 1 0.7842145281249999 0.912120925 0.7464501015625 0.886093475 0.8130856468750001 0.9474659171875001 0.837450521875 0.9621841 0.8481068859375 1 0.8650312203125001 1 0.7842145281249999
5 0.5895521625 0.5892506046875 0.5813867234375001 0.590345171875 0.5773948609375 0.5982134296875 0.5701776093750001 0.6317726828125 0.5736656890625 0.638230865625 0.6953622312500001 0.6903603296874999 0.70026149375 0.6897035875 0.7034065234375 0.6795044640625 0.7034059234375001 0.6465053562499999 0.698647596875 0.6365508734375 0.5895521625 0.5892506046875
10 1 0.5343174890625 0.9816342140625001 0.526100078125 0.8453406375 0.4730755515625 0.835340596875 0.4801196109375 0.8222561015625001 0.5022434421875 0.7959059921875 0.5648482671874999 0.7737894359374999 0.6061083203125001 0.7708663109375 0.62320345625 0.7847982359375 0.636409596875 0.9122810546875 0.6824672484375001 0.9583709609375 0.70562155625 0.9740769109375 0.7079975609375 0.9862342125 0.6990347359375 1 0.6798494374999999 1 0.5343174890625
10 1 0.3884272421875 0.9662077359374999 0.3705052 0.9592117874999999 0.37796135937500003 0.8985878218750001 0.4907890609375 1 0.53688665 1 0.3884272421875
1 0.4161671625 0.86467165625 0.463024134375 0.938647809375 0.46713714062499995 0.9405408484375 0.51300394375 0.89080093125 0.51526195625 0.8860168749999999 0.512721465625 0.8790242750000001 0.4694737203125 0.8212676 0.4607841078125 0.8240620218749999 0.4161671625 0.86467165625
1 0.35071949375 0.6986713734375 0.353522071875 0.70481405 0.3901966828125 0.738193209375 0.4293901953125 0.6999401734374999 0.43632557031249997 0.6876033671874999 0.408885134375 0.6623565140625 0.3974937 0.6561429750000001 0.35071949375 0.6986713734375
1 0.5243713828125001 0.686393246875 0.5285449640625 0.6931669375 0.5614694078125 0.720937840625 0.57354634375 0.7274668890625 0.5969535375 0.7023297203125 0.5994130640625001 0.6918150890625 0.552032521875 0.652537896875 0.52741565625 0.679059409375 0.5243713828125001 0.686393246875
1 0.42551768125 0.6185724078125 0.429005759375 0.6250305890625001 0.4738859921875 0.64956924375 0.493240753125 0.6274196843750001 0.4955389515625 0.6148896921875 0.4483401296875 0.5902544437499999 0.42908612343749997 0.6095387171875 0.42551768125 0.6185724078125
12 0.551787225 0.46801977031249997 0.5373916999999999 0.46139412812499997 0.5244079625 0.48065267343749996 0.517593734375 0.5027507765625 0.506929184375 0.55510501875 0.5110625828125 0.5696246421875 0.5206595984375 0.5740417359375 0.53340164375 0.56825970625 0.5481791968749999 0.5177985031250001 0.5550336078125 0.4879544625 0.5500131984375 0.4788499078125 0.551787225 0.46801977031249997