4 0.9637499999999999 0.34249999999999997 0.969375 0.32166666718750003 0.97 0.30333333281249997 0.9643750000000001 0.2925 0.938125 0.19083333281249998 0.929375 0.1833333328125 0.91375 0.1825 0.89875 0.1875 0.8887499999999999 0.20166666718749998 0.88375 0.21833333281249998 0.8724999999999999 0.23333333281250002 0.8574999999999999 0.2391666671875 0.8331250000000001 0.25833333281250004 0.80625 0.26 0.79125 0.2783333328125 0.791875 0.29500000000000004 0.795 0.3075 0.798125 0.31083333281250003 0.804375 0.3083333328125 0.809375 0.2758333328125 0.8125 0.2716666671875 0.8868750000000001 0.2883333328125 0.89625 0.2966666671875 0.8881249999999999 0.3333333328125 0.889375 0.3375 0.9375 0.3366666671875 0.9637499999999999 0.34249999999999997
4 0.79125 0.3708333328125 0.8087500000000001 0.3866666671875 0.809375 0.39249999999999996 0.811875 0.39416666718750004 0.87625 0.3966666671875 0.8800000000000001 0.39249999999999996 0.8787499999999999 0.3758333328125 0.87625 0.3741666671875 0.803125 0.3458333328125 0.796875 0.34750000000000003 0.791875 0.3641666671875 0.79125 0.3708333328125
4 0.7725 0.3908333328125 0.786875 0.34500000000000003 0.7675 0.34750000000000003 0.75875 0.3566666671875 0.759375 0.37 0.7725 0.3908333328125
8 0.999375 0.8141666671875001 0.999375 0.4091666671875 0.9509375 0.40833333281249995 0.9331250000000001 0.4066666671875 0.9262499999999999 0.4025 0.9125 0.40499999999999997 0.88125 0.4216666671875 0.7849999999999999 0.4875 0.7106250000000001 0.5308333328125 0.69625 0.5425 0.694375 0.545 0.69625 0.5575 0.7106250000000001 0.5583333328125 0.7224999999999999 0.5633333328125001 0.75 0.5858333328125 0.798125 0.6333333328124999 0.8768750000000001 0.6966666671875 0.911875 0.7325 0.93625 0.7516666671875 0.9737500000000001 0.7883333328125001 0.9824999999999999 0.7933333328125001 0.999375 0.8141666671875001
0 0.999375 0.3533333328125 0.9724999999999999 0.3466666671875 0.899375 0.3408333328125 0.87625 0.3433333328125 0.8706250000000001 0.3483333328125 0.8699999999999999 0.35583333281249996 0.87375 0.3616666671875 0.899375 0.3808333328125 0.913125 0.3858333328125 0.93 0.3983333328125 0.9331250000000001 0.4025 0.9324999999999999 0.40750000000000003 0.940625 0.41333333281250006 0.953125 0.4166666671875 0.96125 0.4125 0.999375 0.4108333328125 0.999375 0.3533333328125
8 0.5806250000000001 0.6083333328125 0.600625 0.6008333328125001 0.6212500000000001 0.5883333328125 0.6837500000000001 0.5475 0.70125 0.5325 0.7 0.525 0.66625 0.49416666718749996 0.47125000000000006 0.32999999999999996 0.460625 0.3266666671875 0.44749999999999995 0.3433333328125 0.4325 0.3491666671875 0.42125 0.3491666671875 0.401875 0.31416666718749997 0.393125 0.3125 0.378125 0.2966666671875 0.35375 0.2966666671875 0.34750000000000003 0.2925 0.34625 0.2683333328125 0.343125 0.25666666718750003 0.33625 0.2525 0.305625 0.25666666718750003 0.30625 0.26749999999999996 0.325 0.30416666718749996 0.32875 0.32 0.4025 0.4875 0.43499999999999994 0.5483333328125 0.476875 0.64 0.48562500000000003 0.6508333328125 0.495625 0.6525000000000001 0.51125 0.6475 0.535625 0.6333333328124999 0.553125 0.6275000000000001 0.5806250000000001 0.6083333328125
12 0.47750000000000004 0.4441666671875 0.479375 0.45 0.4875 0.4525 0.49625 0.4483333328125 0.49874999999999997 0.44166666718750003 0.496875 0.3758333328125 0.4925 0.37 0.490625 0.3591666671875 0.48312499999999997 0.35750000000000004 0.479375 0.36 0.47625 0.37666666718749997 0.47750000000000004 0.4441666671875
10 0.453125 0.3241666671875 0.458125 0.3233333328125 0.45562500000000006 0.3031666671875 0.45499999999999996 0.2141666671875 0.40875000000000006 0.1991666671875 0.410625 0.2783333328125 0.41375 0.2908333328125 0.44437499999999996 0.31916666718750003 0.453125 0.3241666671875
10 0.6525000000000001 0.185 0.6475 0.1883333328125 0.641875 0.2133333328125 0.6425 0.23500000000000001 0.6587500000000001 0.2475 0.654375 0.255 0.65625 0.265 0.67 0.26749999999999996 0.67125 0.2641666671875 0.68625 0.2716666671875 0.698125 0.26 0.7068749999999999 0.1941666671875 0.70375 0.19083333281249998 0.688125 0.1875 0.6525000000000001 0.185
10 0.368125 0.2608333328125 0.37124999999999997 0.2658333328125 0.37875000000000003 0.2658333328125 0.388125 0.2375 0.385 0.205 0.38125 0.1975 0.37875000000000003 0.1808333328125 0.37124999999999997 0.18 0.36 0.1866666671875 0.361875 0.2325 0.368125 0.2608333328125
10 0.5349999999999999 0.2108333328125 0.538125 0.1975 0.538125 0.16999999999999998 0.520625 0.16583333281249998 0.5118750000000001 0.16833333281250001 0.510625 0.1975 0.5125 0.2058333328125 0.520625 0.2108333328125 0.5349999999999999 0.2108333328125
10 0.33125 0.16499999999999998 0.328125 0.1675 0.335 0.2058333328125 0.33875 0.20916666718750002 0.339375 0.21833333281249998 0.351875 0.2341666671875 0.35562499999999997 0.23500000000000001 0.35812499999999997 0.2325 0.35812499999999997 0.2266666671875 0.355 0.2133333328125 0.350625 0.20916666718750002 0.343125 0.1691666671875 0.33125 0.16499999999999998
10 0.473125 0.16 0.4575 0.1591666671875 0.45562500000000006 0.1666666671875 0.45562500000000006 0.1916666671875 0.45875000000000005 0.19583333281249998 0.4725 0.195 0.475 0.1816666671875 0.473125 0.16