4 0 0.42382136875 0.0124932859375 0.41538414843749993 0.0215398890625 0.39869941249999996 0.0494083859375 0.3670771390625 0.044835209375000004 0.36051804375 0.0412697234375 0.338528803125 0.036189192187500004 0.3327761703125 0.040541040625000004 0.3200968796875 0.04426395625 0.31878858593750004 0.081714459375 0.3249440328125 0.12623904531250002 0.3463592734375 0.139665546875 0.3722641671875 0.15456422812499998 0.38084821875 0.17216410937499999 0.3759196703125 0.17338611718750002 0.365910678125 0.1576371765625 0.3494592359375 0.175230046875 0.3307134578125 0.18136814375000002 0.335937403125 0.20341261249999998 0.33431525624999997 0.207471428125 0.327863578125 0.2071713828125 0.32027396406249997 0.18812115000000001 0.30215589375 0.171521946875 0.2778370671875 0.166428184375 0.16263083125 0.1461278921875 0.09925284375 0.14079018125 0.08699482343750001 0.1385217640625 0.0854149390625 0 0.3056017984375 0 0.42382136875
4 0.23201216875 0.075667475 0.22302324062499998 0.0392517546875 0.1809138359375 0.0243687515625 0.1769575046875 0.024319520312500002 0.146482575 0.0727608578125 0.1584040859375 0.10970073437500001 0.18267746406250002 0.1644585859375 0.189573084375 0.161564228125 0.21143908749999998 0.14178792812500002 0.30145388125 0.0862848859375 0.307584965625 0.0776916015625 0.30634893124999996 0.0600661390625 0.3021973796875 0.050532125000000004 0.273464596875 0.04665255625 0.2549786015625 0.056446717187499995 0.2467323828125 0.066097378125 0.23201216875 0.075667475
4 0.2767853421875 0.25340915625 0.2817801453125 0.2569933265625 0.2848671171875 0.2532388015625 0.28996947500000003 0.21862397812499998 0.2960943421875 0.1143943234375 0.2927930484375 0.11272769687499999 0.28539007656250004 0.11642851406250002 0.22743819843750002 0.150927525 0.22799542499999997 0.16502252343749998 0.2767853421875 0.25340915625
4 0.167194978125 0.6730618421875 0.155390284375 0.6745404890625 0.1491734734375 0.6809653124999999 0.1446930328125 0.690391909375 0.1524389125 0.6953649375000001 0.1598847484375 0.69274835 0.1722755078125 0.6788144765624999 0.1853879390625 0.66949529375 0.20175178906250002 0.6469412812499999 0.1989578484375 0.6444681937500001 0.1898613671875 0.64625146875 0.167194978125 0.6730618421875
4 0.2115637171875 0.5541363328125 0.1961576875 0.5463587375000001 0.1962075640625 0.5612601953125 0.19291328125 0.5734107984375 0.1988799234375 0.5742978203125 0.2115637171875 0.5541363328125
8 0.49082378593750003 0.6207368234375 0.517991646875 0.6259515421875 0.557807453125 0.6237377671875 0.5865402343749999 0.6276173359375 0.6307149015625 0.6265414984375 0.6383680421875 0.6155288359375 0.6360315765625 0.5973478328125 0.6193754859375 0.544310315625 0.596467525 0.42861147656250004 0.5476713890625 0.24458847499999997 0.5405544375 0.22824445 0.5322154796875 0.221909421875 0.5188887296875 0.22580744687499998 0.493678571875 0.2428328890625 0.4869544078125 0.2500641703125 0.471048034375 0.25691026250000004 0.45907889687500003 0.26786921874999997 0.44583787499999994 0.2739357078125 0.4297241984375 0.289177875 0.4019344171875 0.309151384375 0.3723225328125 0.32395465625000003 0.3666988 0.331741478125 0.3653482 0.3384977828125 0.37679516875 0.38252997187500004 0.37358661406250004 0.3968490359375 0.3629322265625 0.4137846859375 0.372500209375 0.42392794843750004 0.3735647875 0.4372164890625 0.4320084125 0.5379148484375 0.480791315625 0.61248425 0.49082378593750003 0.6207368234375
0 0.3320484578125 0.4236954921875 0.35066304375 0.417154025 0.3762301375 0.4364368859375 0.3850195609375 0.41324676718750003 0.37841697500000004 0.4099135125 0.36394693125 0.412171765625 0.363268125 0.408641303125 0.371600071875 0.4011591015625 0.380646678125 0.3844743703125 0.3694070140625 0.3320461046875 0.36276156406250004 0.3276286203125 0.360510828125 0.31161607343750003 0.377167709375 0.2828344484375 0.38194118125 0.2671802375 0.3734736328125 0.2575925140625 0.367807034375 0.2642951078125 0.3197948859375 0.29106100156250003 0.289968684375 0.300443121875 0.2834518265625 0.2992783265625 0.255704909375 0.3203360671875 0.24906647187500003 0.329735809375 0.246879634375 0.356259184375 0.260906225 0.39734330625 0.275683328125 0.41649189687500004 0.29049628125 0.422907490625 0.3320484578125 0.4236954921875
0 0.09718359843749999 0.4570766875 0.07470347968749999 0.43403929999999996 0.0473213015625 0.42340342968750005 0.0392395234375 0.423573784375 0.0287924421875 0.432113359375 0.027398978125 0.4377854296875 0.0324795078125 0.44353806406249996 0.0339657109375 0.4538516828125 0.043533690624999996 0.4639949484375 0.0779470953125 0.48880638125000003 0.0868721203125 0.482686184375 0.094017909375 0.4724799828125 0.09718359843749999 0.4570766875
8 0.3615363875 0.6649141843749999 0.42128853906249997 0.675952865625 0.515947425 0.6833620640625 0.5193702953125 0.6744641546875 0.4975978234375 0.6284070046875 0.4787190453125 0.61462585625 0.43509459375 0.6159794640625 0.3912558265625 0.611911915625 0.3679464828125 0.622458828125 0.3409929390625 0.6226652671874999 0.3363839078125 0.6288391718749999 0.34544453750000004 0.6397888953125 0.3391918734375 0.658946715625 0.35138234062499996 0.6672261453125 0.3615363875 0.6649141843749999
1 0.24391502968749998 0.26763003125 0.2406137375 0.2659634046875 0.2259363859375 0.27661773125 0.2245000578125 0.2812055703125 0.24241400937500002 0.311501096875 0.244614871875 0.31261218281250003 0.257262815625 0.30518368906250004 0.2602640625 0.29926070312499997 0.24391502968749998 0.26763003125
12 0.4281771484375 0.659241278125 0.43007796562499995 0.652762746875 0.426776671875 0.6510961203125001 0.42254640156249995 0.6532108734375 0.4077903375 0.67551396875 0.402002159375 0.6927811 0.40585366875 0.6947254984375 0.410548425 0.6907200546875 0.4281771484375 0.659241278125
10 0.3144750421875 0.647531240625 0.3056715953125 0.6430869015625 0.2939097640625 0.645649778125 0.2544150390625 0.69690485625 0.2915296453125 0.7082036828125 0.2942378578125 0.7085083109375 0.2983395359375 0.703140865625 0.33504031875 0.6494127015625 0.3144750421875 0.647531240625
10 0.26602724375000003 0.6496375984375 0.2233676203125 0.6344768265625 0.190046846875 0.6782228484374999 0.231777490625 0.6971650015625 0.235922034375 0.6928817875 0.26602724375000003 0.6496375984375
10 0.176441878125 0.6341638046875 0.16523026406250002 0.6370044546875 0.16853155625 0.6386710812499999 0.1676025796875 0.6424524625 0.14552927031250001 0.6706248375 0.16512270625 0.6752034484375 0.187789096875 0.648393075 0.19434180625 0.636824871875 0.176441878125 0.6341638046875
10 0.11383109375 0.659935259375 0.1280509671875 0.6649888500000001 0.141077671875 0.653501209375 0.15917789375 0.6339489687500001 0.1555336921875 0.623608496875 0.14948132187500002 0.6205530125000001 0.1371762875 0.6366553500000001 0.11383109375 0.659935259375