8 0.5838775093749999 0 0.5734890421875 0.027067739062500002 0.5453588 0.1127406140625 0.554638690625 0.16198153906249999 0.566273703125 0.16787862656250002 0.5572472390625001 0.17913019531250002 0.5956710734375 0.38466822500000003 0.5980282796874999 0.38839925468750003 0.6012124187500001 0.379918609375 0.5989544984374999 0.353309709375 0.6155035390625 0.3444505515625 0.6234274296875 0.3494812140625 0.6378494296875 0.43840913906249995 0.6383267734375 0.459195140625 0.6439188 0.466544025 0.651919759375 0.5132598703125 0.6580134296875 0.5239065734375 0.68439260625 0.5326097875 0.7007916734374999 0.53453 0.702771865625 0.518134590625 0.61857485 0.052861131250000006 0.6065113234374999 0 0.5838775093749999 0
8 0.7100958671875001 0.5662827421875 0.7036008796875 0.552997784375 0.6849702796875 0.55405535625 0.68303973125 0.55901183125 0.6896107437500001 0.590444534375 0.6852733468750001 0.6031089140625 0.688358196875 0.617506140625 0.6796073765624999 0.62468715 0.6738400328124999 0.6220683890625 0.6660418140625 0.6237465390625 0.6619050734374999 0.637730046875 0.65511014375 0.64600383125 0.650621734375 0.6459101484375 0.6483152125 0.65427761875 0.6576457890625 0.7156170421875 0.6680535953125 0.754624984375 0.6840777328125001 0.7834936234375001 0.6959387453125 0.7967590875 0.711786528125 0.806820415625 0.7196607734375 0.8232900171875001 0.7630673734375 0.8674575078125001 0.76823274375 0.8661188875000001 0.7560179765624999 0.791701365625 0.7100958671875001 0.5662827421875
8 0.7438348 0.864557696875 0.731698140625 0.8553627921875 0.7216937328124999 0.866067975 0.7131932125 0.8631291781250001 0.7103850484375 0.8681988265625 0.715426828125 0.9072262625 0.72743885625 0.9332497890625 0.7307616828125 0.9600576109375 0.7832084046875 0.9532941578124999 0.7741268 0.8989838984375 0.7438348 0.864557696875
10 0.5971791296875 0.4651739828125 0.6001879531250001 0.4614234609375 0.5820537875 0.3480916796875 0.57861830625 0.3431546984375 0.5386492703125 0.35099905625 0.4971003109375 0.35433964218749997 0.4908820109375 0.3605215609375 0.4991343125 0.420655034375 0.5104704234375 0.4716482984375 0.5139059015624999 0.47658527968750003 0.52824875 0.47675315312500005 0.5738848015625 0.47086799375000005 0.5971791296875 0.4651739828125
10 0.59163223125 0.9110856 0.6024795265625 0.976600690625 0.6920094328124999 0.9650550453125 0.6834313234375 0.9086623484375 0.6744534609375 0.8849375484375 0.6609882265625 0.8846564984375 0.6250313000000001 0.8953459703125001 0.59163223125 0.9110856
8 0.6014266109374999 0.6872243828125 0.6228907203125 0.687146409375 0.6353526656249999 0.6808318203125 0.6394366375 0.6076749484375 0.6361764734375 0.5980078437499999 0.6303088015625 0.59472951875 0.611001240625 0.5972193921875 0.544628721875 0.6138487203125 0.543174478125 0.6160537640625 0.5479406140624999 0.6591517578125 0.5542096 0.6650683374999999 0.58487653125 0.67254610625 0.5917474890625 0.6824200703125001 0.6014266109374999 0.6872243828125
10 0.49794182343750004 0.6716520453125 0.505566809375 0.7217788875 0.5090022890625 0.7267158703125001 0.5507265609374999 0.7186451609375 0.54152165625 0.6640145484375 0.538286834375 0.66039669375 0.50172793125 0.667128784375 0.49794182343750004 0.6716520453125
10 0.5313492203125 0.8442118921875 0.5409554421875 0.9014807578124999 0.5490546468749999 0.9017813 0.5643500984375 0.8964463109375 0.571070040625 0.8935622109375 0.575533109375 0.8876066437500001 0.566880534375 0.84837235 0.5601099046875 0.83915795 0.5336810843750001 0.8418936718750001 0.5313492203125 0.8442118921875
10 0.4604716296875 0.4841485890625 0.465487028125 0.4935893390625 0.4734859046875 0.49323031874999995 0.49209116406250003 0.486123496875 0.49820913593749994 0.47928201406250004 0.49151245 0.44114049531250005 0.479952425 0.4298537234375 0.4578366984375 0.4374132484375 0.45570549375 0.441050596875 0.4604716296875 0.4841485890625
10 0.5399396578125 0.612435909375 0.5540860140625 0.7054343921874999 0.5839249703125 0.7015864046875 0.636631596875 0.6833568999999999 0.6382104734375 0.6643232359375 0.6436514875 0.6589140578125 0.6418709109375 0.653091159375 0.6473108843750001 0.6241445453125001 0.6402382249999999 0.5894140218749999 0.5399396578125 0.612435909375
4 0.48388642343750005 0.36747621874999997 0.47736609375 0.3481420125 0.46608171093750006 0.3327846828125 0.4586594640625 0.3310518359375 0.44549521875 0.332749478125 0.41500464375 0.34407902031250004 0.41161985 0.3512405375 0.4153563171875 0.3581562109375 0.43870132812499996 0.3645607 0.4465502328125 0.37498105000000004 0.4762645609375 0.38796168125 0.48709694375 0.388582259375 0.48388642343750005 0.36747621874999997
0 0.49160340781249995 0.229963153125 0.4727974890625 0.23575084531249998 0.4653256 0.2454569359375 0.4662539 0.2574422578125 0.48701779062500006 0.29982220625 0.49150620156249997 0.2999158890625 0.4952923125 0.2953926265625 0.4941623125 0.2585507421875 0.4989010234375 0.24852461875 0.4965934625 0.233354653125 0.49160340781249995 0.229963153125
0 0.5151858765624999 0.5026477921875 0.5093192453125 0.522906903125 0.515664259375 0.5469712296875 0.53186266875 0.547572315625 0.5354481203125 0.5417299250000001 0.5348451078124999 0.514235109375 0.5211285328125 0.5005364328125 0.5151858765624999 0.5026477921875
12 0.52928814375 0.1659232109375 0.526505321875 0.1770421109375 0.562613265625 0.1791107015625 0.5943077859375 0.1756959234375 0.6007763875000001 0.1593941984375 0.59139825 0.156568578125 0.55403671875 0.1580241578125 0.52928814375 0.1659232109375
5 0.63280973125 0.44645657187500004 0.635041265625 0.44347878749999997 0.6208695671875 0.34443105625000003 0.597775896875 0.3514441953125 0.6123235671875 0.44708093125000004 0.63280973125 0.44645657187500004
5 0.689510415625 0.589784971875 0.677673703125 0.5590313234375001 0.6186970484375001 0.5478068125 0.6277752390625 0.572191175 0.6826901421875 0.5920095078125 0.689510415625 0.589784971875
10 0.479384125 0.6202450640625 0.4730401515625 0.61971816875 0.469679659375 0.6093915015625 0.4688770296875 0.6041149921875 0.47431804218750007 0.5987058140625 0.446535303125 0.6043061421875 0.45380861875 0.64035579375 0.4816916875 0.635415028125 0.479384125 0.6202450640625
10 0.4715341796875 0.5862872796875 0.470956509375 0.5648417125 0.4669443984375 0.5619966 0.44081656406249997 0.5667110109375 0.44590799062500003 0.594299509375 0.46413727656250003 0.590603684375 0.4715341796875 0.5862872796875
10 0.43173108281249994 0.37756460625 0.40364735781250005 0.38118624375 0.40683253593749996 0.3962430328125 0.4349162609375 0.3926213953125 0.43173108281249994 0.37756460625
10 0.3932565625 0.159928078125 0.3871122046875 0.1371828765625 0.35930412343749996 0.1367339546875 0.3637935765625 0.160365071875 0.378236753125 0.16119250937500001 0.3932565625 0.159928078125
10 0.3784353296875 0.1154367671875 0.3721146171875 0.0738842546875 0.3692811109375 0.07290465625 0.34265163125 0.0743212484375 0.35082790625000004 0.1163069734375 0.3784353296875 0.1154367671875
8 0.5071604765625 0 0.47156611875000004 0.1747119640625 0.48174896875 0.22988896093750003 0.482927571875 0.231754478125 0.49940162499999996 0.22828500312500002 0.5498461671875 0.08929686249999999 0.53208460625 0 0.5071604765625 0