10 0.5622147734375 0.2595745859375 0.555534984375 0.25035455156249997 0.5090748828125 0.222574978125 0.43746613125 0.174241603125 0.4285866171875 0.1812288796875 0.42055686249999996 0.1945900359375 0.35093424687499997 0.3237792078125 0.3488887015625 0.335691834375 0.35319399218749997 0.3434547109375 0.36448743125 0.3518482453125 0.4638498125 0.4157500640625 0.47500790468750004 0.42040278750000004 0.5622147734375 0.2595745859375
10 0.3306658890625 0.6705325390625 0.3579211625 0.6323919515624999 0.373922415625 0.599781484375 0.38038800625 0.5774133921875 0.378090596875 0.5738088921875 0.2561413359375 0.4931200015625 0.24818866874999998 0.5043338125 0.24525745937500001 0.555938221875 0.2328659171875 0.5856430015625 0.23194082656249998 0.611411128125 0.26041599375 0.6369325140625001 0.32207590625 0.67696594375 0.3306658890625 0.6705325390625
10 0.5377882703125 0.47429171875 0.5457221046875 0.4711134078125 0.578670296875 0.40208350625 0.5777434484375 0.397856975 0.530620065625 0.3660126140625 0.5170686421874999 0.367938234375 0.4810897984375 0.43876607187500005 0.4818042078125 0.44139913281250004 0.518213209375 0.46374221093749995 0.5377882703125 0.47429171875
10 0.168636659375 0.842505528125 0.1321694015625 0.814274296875 0.12755575 0.8151007953124999 0.10917057968749999 0.8502718546875 0.21681458125000003 0.9163296437499999 0.2294091484375 0.8922360828125001 0.226184890625 0.88440505 0.1987136609375 0.8609628515625 0.168636659375 0.842505528125
10 0.3217780984375 0.86552326875 0.3205617203125 0.8618506109374999 0.29185527968749997 0.84277125625 0.2709096578125 0.8328437796875001 0.2649254484375 0.8342923109375 0.24095269218749998 0.8861520859375001 0.276203571875 0.9107106625 0.29045057343749997 0.9194536046874999 0.29369366406249997 0.9192491374999999 0.3217780984375 0.86552326875
10 0.39203803125 0.7411145015625 0.39701830312499997 0.737586784375 0.422149178125 0.68351150625 0.41892492031249995 0.6756804734374999 0.388268859375 0.6583309015625 0.380122584375 0.659915740625 0.35632284531249997 0.6994453296875001 0.3436211796875 0.707744825 0.3508029390625 0.718004453125 0.383756409375 0.7389585296875001 0.39203803125 0.7411145015625
5 0.344408640625 0.3102644875 0.3653319109375 0.268238146875 0.36434680468749997 0.25812345937500003 0.3758903484375 0.25203946250000003 0.3813914234375 0.2415158375 0.3816603609375 0.21900280312499998 0.3961557078125 0.18327355781250002 0.39769928125 0.1703213375 0.36627055468749997 0.14445054531249998 0.3610778421875 0.1463847921875 0.35644535781250003 0.15524679218749998 0.3085975328125 0.278778159375 0.3078454578125 0.2922160984375 0.3213009578125 0.3004733234375 0.344408640625 0.3102644875
5 0.09414149375 0.8370254421875 0.103175190625 0.825743475 0.1097384625 0.823187196875 0.118926340625 0.8076105421875001 0.1400037921875 0.7612895156249999 0.137550440625 0.7319850437500001 0.1212578953125 0.7351547234375 0.1020700484375 0.74386315625 0.0937507625 0.7577781859375 0.0764389625 0.8268934984375 0.0808213421875 0.8325090312500001 0.0890258734375 0.836812346875 0.09414149375 0.8370254421875
5 0.28227790937499997 0.47111857187500006 0.289805696875 0.45671782343749995 0.2700952859375 0.44242750312499995 0.2104826765625 0.42047610625000004 0.19349631875 0.442971884375 0.1852352890625 0.4627750703125 0.188111759375 0.46527182187499994 0.264614803125 0.4749102859375 0.28227790937499997 0.47111857187500006
4 0.6016767749999999 0.332073540625 0.6108269875000001 0.3325678859375 0.6267717453125 0.3240639234375 0.6654387296875 0.3360878421875 0.6782757453125 0.331529159375 0.680687909375 0.3169153140625 0.6677532140625 0.301662184375 0.65458724375 0.2928510875 0.6441435609374999 0.2908314265625 0.6414983640624999 0.2818926453125 0.6462850296875 0.26873595781250004 0.6193740296875 0.2522215109375 0.6147792109375 0.2450125078125 0.608447209375 0.2411267546875 0.5985449218750001 0.25407034687499996 0.5748581796875001 0.2453869328125 0.5675805 0.2453101484375 0.56381660625 0.25251052343749997 0.5674074828125 0.2576403359375 0.5657999359375 0.2627154625 0.5443804109375 0.3056911453125 0.5454426078125 0.3136584890625 0.5520641390625001 0.3169903671875 0.6016767749999999 0.332073540625
0 0.63616150625 0.13011278906249998 0.65050266875 0.098678228125 0.647818046875 0.0758157875 0.63156316875 0.0629144703125 0.63131218125 0.062394671874999995 0.6246640015625 0.0583148890625 0.612267196875 0.0571575984375 0.6120463640625 0.05825311875 0.60583088125 0.06614367812500001 0.6102526859374999 0.0856828703125 0.58790235625 0.15243774375000002 0.5881542203125 0.16795486875 0.5896601312499999 0.1710736515625 0.594196690625 0.172394496875 0.6059526749999999 0.1679039671875 0.617456796875 0.147896315625 0.63616150625 0.13011278906249998
0 0.46510913593750003 0.4933356953125 0.4685252421875 0.48080103906250005 0.46296415 0.45544184843749996 0.459083740625 0.45086590937500004 0.4505125890625 0.4492638125 0.435590603125 0.4518114640625 0.41567127187499997 0.49591699062499994 0.41889553125 0.5037480249999999 0.42623147031249997 0.509712965625 0.430188971875 0.512141559375 0.43775618125 0.51166446875 0.44408818281249995 0.515550221875 0.46510913593750003 0.4933356953125