4 0.29662144218750003 0.547572265625 0.2923872953125 0.5497538953125 0.2844702 0.5718757578125 0.3022595359375 0.585628834375 0.30623908125 0.597719884375 0.325036903125 0.609002790625 0.347915615625 0.629398703125 0.36308487500000003 0.6386501109375 0.370695459375 0.6391175203125 0.3732166703125 0.63294209375 0.35169743124999997 0.6201355640624999 0.3508422 0.6113110984375 0.365870596875 0.56358145625 0.3903633796875 0.57729406875 0.3927362921875 0.5551030046875 0.38185061249999996 0.549008509375 0.3309939 0.556194403125 0.3053912890625 0.5479300078125 0.29662144218750003 0.547572265625
8 0.5432923093750001 1 0.538872178125 0.994264871875 0.534744334375 0.9661581859374999 0.5351645796875 0.8723151828125 0.553786978125 0.73934766875 0.55152284375 0.7175952750000001 0.5491548890625 0.712476065625 0.5443670671875 0.710554234375 0.4425572578125 0.7005937921875 0.4321733390625 0.70691935 0.426372078125 0.7347779640625001 0.37970007968749997 0.7344436796875 0.37425475937499997 0.745051571875 0.354683225 0.8312072515625 0.354529971875 0.8425018874999999 0.3586108609375 0.8516148921875001 0.4385330953125 0.934295215625 0.4753179828125 0.9806853859375 0.4934521765625 1 0.5432923093750001 1
8 0.8272539046875 0.81203003125 0.7044810078125 0.7797113796875 0.689610821875 0.7888361109375001 0.7008994015625001 0.796673565625 0.7224705546875 0.8011635046875 0.78546859375 0.8242946671875 0.9198860140624999 0.8472000484375 0.97078968125 0.8590078390624999 0.97799736875 0.8577322875 0.98278766875 0.84599898125 0.9761361359375 0.8377228546875 0.9559269328125 0.827167159375 0.9270986593749999 0.8186142234375 0.8719089359375 0.817304653125 0.8272539046875 0.81203003125
8 0.5867532843750001 0.1645041546875 0.5925471109375 0.177610953125 0.5876035546875 0.2006388953125 0.591377934375 0.2323411703125 0.5988871765625 0.23578662499999997 0.6120419484374999 0.2363232359375 0.6185402265625 0.2558939953125 0.601497340625 0.294908840625 0.5990700359375001 0.33907163281249997 0.6042533203125 0.3837018359375 0.5930611296875 0.40019661093750003 0.57632723125 0.402967046875 0.5671544859375001 0.400866346875 0.56105415 0.410348821875 0.5467918921875 0.6800465796874999 0.5487519921875 0.71073310625 0.599858346875 0.7165848078125 0.6174993843750001 0.7143222453125 0.6497040968750001 0.725524221875 0.681708596875 0.7290271484375 0.7173935703125001 0.726244984375 0.7257110875 0.7195212203125 0.71207438125 0.5973234578125 0.697572534375 0.520921778125 0.6905280140625 0.4562821421875 0.6808559859375001 0.428106253125 0.6748644265625 0.3936452703125 0.6579031921875 0.26048187500000003 0.63700936875 0.13422111718750002 0.63228089375 0.083017284375 0.629762159375 0.075537571875 0.6213457765625 0.07158424218750001 0.61292691875 0.08128605156249999 0.58479070625 0.1474727671875 0.5867532843750001 0.1645041546875
12 0.5553912703125 0.508843625 0.6145061515625 0.5442159703125 0.618891075 0.544394840625 0.6259998984374999 0.5324421984375001 0.6237827203124999 0.5296834875 0.569052759375 0.49449001406250004 0.5594771171875 0.4906463546875 0.5455165531249999 0.48662382343750005 0.5420882015624999 0.49229137500000003 0.5553912703125 0.508843625
10 0.4665163296875 0.3225205515625 0.4661603875 0.33977127500000004 0.55682248125 0.398875315625 0.573455034375 0.3990829234375 0.5742608312499999 0.40256884218750005 0.581367175 0.4042713359375 0.6049577734375 0.3901657984375 0.59670208125 0.3339524234375 0.5986201859375 0.3183349921875 0.5790165703125 0.3035661640625 0.5652043 0.315559271875 0.55678791875 0.3116059453125 0.49021570781249996 0.2644715578125 0.4846715234375 0.264402353125 0.48139395 0.2724304046875 0.4665163296875 0.3225205515625
10 0.40091790156249996 0.4640879125 0.4060641453125 0.4351038796875 0.3975983328125 0.42581200625 0.374012690625 0.41260726875 0.35459936875000003 0.460158040625 0.390884971875 0.48047302187499996 0.40091790156249996 0.4640879125
10 0.56896146875 0.16440621718749998 0.5702764640625 0.13934677499999998 0.567253490625 0.133102146875 0.5309703671875 0.09913203125 0.5207397031250001 0.0941629515625 0.5145355421875 0.12027860625 0.5605450875 0.1604528859375 0.56896146875 0.16440621718749998
10 0.5697004812500001 0.25813955 0.5761518078125001 0.2587166265625 0.5823534890625 0.24625610781249999 0.5083239484375001 0.187359675 0.499000425 0.182898471875 0.49748770000000003 0.1866037265625 0.51759308125 0.2137926046875 0.5697004812500001 0.25813955
10 0.45674295625 0.2973227046875 0.44258217968749997 0.2856011234375 0.42081081875 0.2734121375 0.41052328749999994 0.30406992499999996 0.44655676875 0.325002446875 0.45674295625 0.2973227046875
10 0.4769126390625 0.24791930468749998 0.486441328125 0.23276928125000002 0.4594298125 0.21157695625 0.44557059062500004 0.20457638125000002 0.4388127578125 0.226588575 0.4687978109375 0.24868697968750003 0.4769126390625 0.24791930468749998