4 0.6605389140625 0.30870518125 0.6651159328125 0.31970899531249997 0.6827859328125 0.322498540625 0.7489041750000001 0.29642301875 0.7467302640625 0.269015959375 0.7511238640625 0.24514042187500001 0.725352375 0.2056545265625 0.7077683234375 0.1864361203125 0.680986328125 0.1769162578125 0.6669553953125 0.1779140984375 0.6583687406250001 0.1873311578125 0.661253275 0.218781465625 0.656447065625 0.25158795624999997 0.6605389140625 0.30870518125
10 0.2183803421875 0.5035685265625001 0.2272363625 0.5126019546875 0.23541040781250003 0.51211584375 0.24548899999999999 0.5205863015625 0.257216165625 0.5403164406250001 0.282305678125 0.570282796875 0.29255429843749997 0.5928790109375 0.3256325703125 0.6344633859375 0.3870305515625 0.62476549375 0.43324571718750005 0.626429428125 0.44862720781250004 0.6237170640625 0.456218615625 0.6180361484375 0.45479736875 0.60994965 0.4388484984375 0.581237325 0.4221603546875 0.5539580359375 0.40724877187499997 0.536786871875 0.3744837703125 0.481946809375 0.3653431265625 0.48069278125 0.3224537578125 0.49607191406249995 0.3061056671875 0.497044134375 0.2963823875 0.4905953 0.2624234640625 0.4308419203125 0.257078525 0.4267474328125 0.19668918124999998 0.45346277968750004 0.190419684375 0.46290545781250003 0.2183803421875 0.5035685265625001
10 0.08979631406250001 0.58026055 0.0749420296875 0.5521368109375 0.0548421421875 0.5242433156249999 0.034156384375 0.5330029984375 0.038708479687500005 0.6040374625 0.0562749140625 0.6000668953125 0.0874505078125 0.58571121875 0.08979631406250001 0.58026055
10 0.5005270562499999 0.308089025 0.4961200625 0.3112109640625 0.49779728749999996 0.3169943546875 0.5039521875 0.3294568265625 0.5037955515625 0.33608466875 0.5200003953125 0.3624938859375 0.53297878125 0.37618476875 0.5484309640625 0.383273428125 0.5652470953125001 0.4094011625 0.6246642328124999 0.5218961234374999 0.63497015 0.5335397625 0.6419216234375 0.53361661875 0.7850619234375 0.47207413281250005 0.819293946875 0.456311040625 0.8243408734375001 0.44743132656249995 0.8054635593749999 0.4189748640625 0.756096365625 0.320426653125 0.7517753203125 0.3071197296875 0.7442698609375 0.29637178125 0.7312055265625 0.2991097625 0.6296217640624999 0.3469794703125 0.621685965625 0.345170634375 0.617720234375 0.3338853375 0.6179055203125 0.321781209375 0.6222131734375 0.31433453437500003 0.6186734406250001 0.3148718828125 0.6067609921875 0.307245875 0.5859791296875 0.2698328421875 0.5005270562499999 0.308089025
5 0.5075246140624999 0.5791141984375 0.502407 0.578192890625 0.4906645765625 0.5846926359375 0.4757090828125 0.59922764375 0.485002628125 0.687820796875 0.4868078359375 0.6924526328125 0.4947259078125 0.6942696328125 0.53387686875 0.670778378125 0.5275939828125 0.6594674625 0.517744584375 0.6071867 0.5075246140624999 0.5791141984375
8 0.480966209375 0.6667344796875 0.4736612921875 0.6176525140625 0.43698412343750004 0.6345415453125 0.4315245859375 0.6523522093749999 0.40002232812500005 0.6592099703125001 0.391393634375 0.6533497234375 0.38801054218750003 0.64725923125 0.366189525 0.6452885187499999 0.2921245609375 0.6750233296875 0.23514695937500002 0.7023528796875 0.2180443375 0.7309880234375 0.21358004687499998 0.745062540625 0.215427296875 0.7649716859375 0.1898239671875 0.7865950296875 0.18224595 0.8130295406249999 0.17031823906250002 0.8316334187500001 0.1658602140625 0.8471011765625001 0.1689479578125 0.8526599609375 0.172037503125 0.85269411875 0.2270246078125 0.8328368609375 0.26512302499999996 0.824034328125 0.5427596718750001 0.721319 0.553791471875 0.7107760015625 0.550551625 0.67730406875 0.5466852328125 0.6703435062499999 0.5374166015624999 0.6702410296875 0.5263848 0.6807840265625 0.4913141625 0.6936554265625 0.4860972125 0.688409384375 0.480966209375 0.6667344796875
8 1 0.4002087078125 0.998197725 0.3969641203125 0.95391828125 0.41398663906250005 0.9480327453124999 0.41997465624999997 0.9532496968749999 0.42522069843750004 1 0.44650341875 1 0.4002087078125
8 1 0.463689571875 0.9344564625 0.42731885312499995 0.9221314015625 0.4286237984375 0.8291165671874999 0.4670846078125 0.791856759375 0.4787788328125 0.7611644640625 0.4940045796875 0.7618750890625 0.4980478296875 0.7585913328125 0.4962820703125 0.7634529734375 0.49950648593749997 0.775778034375 0.4982015421875 0.8065696671874999 0.48730052968750004 0.819477365625 0.4911903921875 0.840700484375 0.514196184375 0.8460167765625 0.523766959375 0.8421637734375 0.5375599921875 0.8300373875 0.547514403125 0.7545932171875 0.584440021875 0.6804289140625001 0.6098500984374999 0.6700656984375 0.6091590375 0.6608543671875 0.5981039874999999 0.655253453125 0.5963126062499999 0.5739810421875 0.6282736703125 0.570156690625 0.6365904140625 0.5739944343750001 0.6490272671875 0.5759410203125 0.6732611453125 0.58397181875 0.7001564734375 0.585777028125 0.704788309375 0.594306384375 0.706323825 0.6617465390625 0.6840100703124999 1 0.5641073046875 1 0.463689571875
8 0.13391417187500002 0.7730059734375 0.12567657968749998 0.7747596484375 0.1569879171875 0.8311286156250001 0.1645473 0.8157162843749999 0.17866417968749998 0.798289578125 0.1816078828125 0.7718038296875 0.1733345 0.7679652078125 0.13391417187500002 0.7730059734375
5 0.10956393125 0.7416065781250001 0.107799115625 0.742575325 0.125559734375 0.77454929375 0.15563585 0.7706519515625 0.177642153125 0.7605185343749999 0.187508678125 0.7395859296875 0.1689007296875 0.7295799546875 0.10956393125 0.7416065781250001
5 0.6870689828125001 0.576199159375 0.8372027953125001 0.5300108421874999 0.844922190625 0.5231783734375 0.8154829859375001 0.48538137968750006 0.770582103125 0.5005941546875 0.73030214375 0.4951045703125 0.713797415625 0.502704634375 0.7159579375 0.5093580953125 0.7130008453125 0.515090246875 0.663259340625 0.534717259375 0.6725127109375 0.5610496203124999 0.678056325 0.5737935750000001 0.6870689828125001 0.576199159375