10 0.16120585468749998 0.5763415796875 0.150820440625 0.5856734718750001 0.05895670468749999 0.733191496875 0.049818774999999996 0.7492578156249999 0.047088535937499995 0.7622292921875 0.1241997875 0.8023833203124999 0.17084045625 0.8306393046875 0.1824950203125 0.831484059375 0.296623171875 0.6473174562499999 0.28733357656249997 0.63928825625 0.183332496875 0.5816233125 0.17044128281249998 0.5757652375 0.16120585468749998 0.5763415796875
10 0.32441166718750003 0.339554809375 0.27682759843750004 0.3741901828125 0.2696893640625 0.38885908593749996 0.39947286875 0.45824017499999997 0.403891696875 0.45826385937499997 0.42224338906250003 0.43817898125 0.4461205625 0.4024778015625 0.4703088390625 0.3523840484375 0.47264130625 0.34003627812500004 0.40774413750000005 0.304485178125 0.37111352656249996 0.2923979734375 0.3471171890625 0.309166959375 0.32441166718750003 0.339554809375
10 0.319480359375 0.6410251265625 0.31667428750000004 0.6419488453125 0.26535082499999996 0.7206856546875 0.26945854687500004 0.7351019078125 0.3202386890625 0.761502721875 0.324646684375 0.759805296875 0.375594040625 0.68513440625 0.3751312671875 0.6754314609375001 0.35657374218750004 0.6628152765624999 0.319480359375 0.6410251265625
10 0.518310946875 0.0650694171875 0.5195475968750001 0.0700827359375 0.562242290625 0.08830434375 0.5928846515624999 0.10630490156250001 0.6271069625 0.11869211875 0.6359337859374999 0.117018371875 0.6542313109375 0.08832795 0.60627828125 0.06015840625 0.5264920109375 0.052241554687500004 0.518310946875 0.0650694171875
10 0.68842418125 0.1598565609375 0.6739093796875 0.1513299796875 0.63522490625 0.13203465 0.59660849375 0.187370690625 0.597855975 0.1941051171875 0.616424334375 0.208442409375 0.6470558609375 0.2247218609375 0.6510660828125 0.22364813749999998 0.689649996875 0.16314877187500001 0.68842418125 0.1598565609375
10 0.5628472984374999 0.375879471875 0.564008115625 0.3688450296875 0.558341803125 0.3620869203125 0.5240761593750001 0.342815271875 0.511217446875 0.342120525 0.5089174765625 0.3596316203125 0.4819014609375 0.407206871875 0.48396615625 0.4161361078125 0.5138129703125001 0.435384075 0.52263979375 0.4337103296875 0.5628472984374999 0.375879471875
5 0 0.715799846875 0.02597104375 0.7258176015625 0.0375606078125 0.7163357046875001 0.065050228125 0.6801845078125 0.086251328125 0.6660603468749999 0.09380900156250001 0.65420995625 0.09451788125 0.6391936765625 0.10452718750000001 0.6339277078125 0.1351664890625 0.5876235484375 0.11578091875 0.5710914484375 0.1020724953125 0.5630385671875 0.089676553125 0.5720467640625 0 0.6866912453125 0 0.715799846875
5 0.439697578125 0.084049046875 0.43984924375 0.10814456562500001 0.4439786328125 0.1260030359375 0.47280240625000003 0.11035513593749999 0.5074410953124999 0.061256142187499994 0.5134026140625 0.05094275 0.469456209375 0.046582135937500005 0.44923328125 0.06735902187500001 0.439697578125 0.084049046875
5 0.18091501875 0.389009165625 0.2277932703125 0.4336947890625 0.24995241250000003 0.4441398453125 0.2602944921875 0.42792352187500005 0.25615427031250004 0.408343940625 0.2135431828125 0.33958648125 0.2099198984375 0.338315390625 0.194782884375 0.35857395468750003 0.18091501875 0.389009165625
4 0.17650676875 0.8373974125 0.171335728125 0.845505575 0.1745937390625 0.8525636984375 0.19318376406249999 0.87034320625 0.1852608171875 0.8879806265625 0.19171184218749998 0.8917702203125 0.20054949843749997 0.8918175828124999 0.227966346875 0.9079233453125 0.23833009375 0.8951492375000001 0.24795246093749998 0.8922280796875001 0.25443598437500003 0.9011809968750001 0.26854217812500003 0.9086101734375 0.2886474609375 0.9118471046875 0.30143034218750003 0.9004940937500001 0.30012869062499997 0.885154125 0.2718188 0.85480579375 0.27289295 0.8340024843749999 0.26841995625 0.8253732609375 0.23242239062499997 0.7862220203125 0.2263691390625 0.781808725 0.218359528125 0.785677278125 0.18703844375 0.8330504671875 0.18293612343750001 0.8377447874999999 0.17650676875 0.8373974125
0 0.11070100624999998 0.91277096875 0.1070885546875 0.9132209859374999 0.0922843140625 0.922529196875 0.07188320000000001 0.9465543953125 0.0985394875 0.9622133749999999 0.10091919687499999 0.95418021875 0.11483039375 0.9306294390625001 0.11393735 0.9163868734375 0.11070100624999998 0.91277096875
0 0.35098798124999997 0.541216596875 0.34216115468749997 0.5428903421875 0.309113553125 0.589494515625 0.3132321125 0.605631878125 0.31850065 0.6130136921875 0.324532234375 0.613984771875 0.3509802046875 0.6038002078125 0.36135478593750003 0.5927472093749999 0.37319045625 0.5585460875 0.3667394328125 0.554756496875 0.36387919375 0.547074671875 0.359847303125 0.544706175 0.35098798124999997 0.541216596875