8 0.5891206718750001 0.59277154375 0.6373748390625 0.6251119562499999 0.6959881640625001 0.671670925 0.710357921875 0.68659833125 0.7239124296874999 0.68761759375 0.7252579921875 0.618484596875 0.7332060921875 0.6105298171875 0.7511980296874999 0.61412269375 0.76263759375 0.600728821875 0.7730735765625 0.5945901640625 0.7826751062499999 0.57963266875 0.7542509125 0.552448759375 0.7302523953125 0.473468384375 0.750789834375 0.463609471875 0.7624598703125 0.3891439484375 0.8037038750000001 0.353352075 0.9011576015625 0.2824864453125 0.9164386359375 0.2858754703125 0.9293971859375001 0.3011040140625 0.9440091703125001 0.309329846875 0.9470545984375001 0.3071152953125 0.947762065625 0.29209988125 0.9397984859375 0.27541427500000004 0.8920553296874999 0.20292301093749998 0.5658262515625 0.076167534375 0.4451224984375 0.059919248437499996 0.3450887734375 0.3866741671875 0.34326621875 0.40975092812499997 0.471874815625 0.504742909375 0.48422193125 0.50954035 0.4909626359375 0.5053637453125 0.4984684265625 0.4709038125 0.5066203390624999 0.46642606718749996 0.5144532015625 0.48900711093749993 0.51246151875 0.5281579187500001 0.5191254015625 0.5443385328125 0.565226209375 0.5724444171874999 0.5891206718750001 0.59277154375
8 1 0.50281063125 0.9553842328125001 0.5142224234375 0.9244684281250001 0.5149520828124999 0.89111863125 0.5283274 0.8850085671875 0.53784580625 0.88476634375 0.54454738125 0.8935104859375 0.5555900453125 0.9176855828124999 0.5590369875000001 0.9363849859375 0.54761445 0.9626942359375 0.5603852234375 0.9781598796875001 0.5723405890625 1 0.5820246078125 1 0.50281063125
10 0.722224315625 0.6750692265625 0.7210825640625 0.7476792578125 0.7234744203125001 0.774941903125 0.7257392859375 0.77837029375 0.8085661203125 0.8181976000000001 0.9294378859375 0.8651620156250001 0.943976771875 0.8640153734375 0.94540718125 0.858624928125 0.941807934375 0.8351404609375 0.9289299328125 0.7698250046874999 0.919320378125 0.7006827312499999 0.9155520046875001 0.6932723125 0.8423421781249999 0.6631278968750001 0.784859421875 0.63314796875 0.7345980921875 0.61531798125 0.7255925203125 0.6160661937499999 0.720151509375 0.6207477921875 0.722224315625 0.6750692265625
10 1 0.795409690625 0.9850398953124999 0.7899274671875001 0.9421115046875 0.7834412828125 0.9367820015625 0.787316746875 0.9352400812500001 0.7935133265625 0.941508090625 0.8571099468750001 0.9410620562500001 0.8603344828124999 0.9343607265625 0.8636769265625001 0.7928774609375 0.8078545046875 0.7771695953125 0.8026007140625 0.775535371875 0.8045141250000001 0.7796078859375 0.9037845203125 0.7814614 0.9299885328125 0.7847837390625 0.9406234890625 0.9655871218750001 1 1 1 1 0.795409690625
5 1 0.6012135796875 0.9488398859375 0.581335446875 0.9418953671875 0.5820350171875 0.8804943156249999 0.5556294109375 0.8790564515625 0.6204792390625 0.8797986015625 0.6250149046875 0.8842360296875 0.6275885171875 0.9689393125000001 0.658800840625 1 0.6381535578124999 1 0.6012135796875
5 0.573985259375 0.46456831718749997 0.56811741875 0.46738514999999997 0.5627303 0.48652852500000004 0.5649375484375 0.5052248296874999 0.5688174328125 0.511829115625 0.5769309328125 0.517529978125 0.6718087671874999 0.5543945203125 0.6840827859374999 0.5498194875 0.696841253125 0.53184130625 0.6993867546875 0.518389515625 0.6901042734375 0.5062882203125 0.5826563046875 0.46623850625 0.573985259375 0.46456831718749997
4 0.722109875 1 0.7241712765625 0.9926747125000001 0.7351840109375 0.977416075 0.7370604593750001 0.96880109375 0.7329767625 0.958719771875 0.733703434375 0.9386150515624999 0.7245708765625001 0.9155290140625001 0.72270188125 0.864684615625 0.716891659375 0.8522335343749999 0.708778159375 0.8465326703124999 0.705509715625 0.8503594921875001 0.706436471875 0.8634614968750001 0.70043109375 0.8969753828125 0.6954392171875 0.9033605203124999 0.6892560546875 0.9035064500000001 0.6884754921875 0.9091493953124999 0.6937975390625 0.9647333140625 0.703151596875 1 0.722109875 1
4 0.21863467656250002 0.5830350125 0.19803961875 0.608161840625 0.19395219531250002 0.6278102109375 0.181824371875 0.6511301953124999 0.1808015859375 0.663474709375 0.183362565625 0.67466330625 0.1706350578125 0.741922259375 0.18273994843750002 0.7534212734375 0.19477174375 0.7555478156250001 0.2600793375 0.7240090171875 0.2673775890625 0.715801740625 0.26949998750000004 0.6707554921875001 0.280551134375 0.6453182453124999 0.281166296875 0.6260196609374999 0.262455140625 0.583072121875 0.2606555171875 0.5713298875 0.24572821406249998 0.56043315625 0.229035975 0.5573452734375001 0.22227606249999998 0.5666111828125 0.21863467656250002 0.5830350125
1 0.6176472078125 0.24793124687499998 0.617574109375 0.2385587703125 0.6008893234375 0.17601150625 0.5350818 0.1963130625 0.555573375 0.25609214062499996 0.5603261234375 0.2613366515625 0.5853932937499999 0.2583345203125 0.6176472078125 0.24793124687499998
1 0.4253732640625 0.26666442031250004 0.4243696828125 0.27391963124999996 0.44454593593749997 0.3310278078125 0.45158275468750003 0.33461140624999997 0.4857478015625 0.33514423125000004 0.484932553125 0.32123609062499997 0.4700473890625 0.270431059375 0.4644217734375 0.26654631875 0.4253732640625 0.26666442031250004
1 0.6166943609375 0.4429370796875 0.6162867375000001 0.435983009375 0.606765759375 0.40085359531250003 0.5637258562499999 0.395173546875 0.5544972671874999 0.397534028125 0.5536051953125 0.40398310625 0.563553003125 0.440977284375 0.5788340390625 0.444366309375 0.6144102890625 0.44459799218749996 0.6166943609375 0.4429370796875
1 0.508427415625 0.41870891875 0.50363998125 0.393913321875 0.5002984359375 0.3883676671875 0.45761226875 0.375179909375 0.452505784375 0.37744310468750003 0.451502203125 0.384698315625 0.458442996875 0.4137284375 0.50274418125 0.430092090625 0.507423834375 0.42596412812500006 0.508427415625 0.41870891875
12 0.47920402500000003 0.5458164062499999 0.4825802546875 0.5709131421875 0.4936276734375 0.5752055890625 0.49691532499999996 0.5662894656249999 0.504751915625 0.5591408171875 0.5158990921875 0.5082570546875 0.5190021390624999 0.49077458749999997 0.5156798 0.48013963125 0.5018291765625 0.4713601609375 0.494438621875 0.47528426875 0.48542932499999997 0.5057621734375 0.47920402500000003 0.5458164062499999