4 0.815625 0.45499999999999996 0.8018750000000001 0.4566666671875 0.7993750000000001 0.4583333328125 0.7993750000000001 0.4725 0.8081250000000001 0.4733333328125 0.8081250000000001 0.4766666671875 0.820625 0.4808333328125 0.818125 0.5025000000000001 0.7993750000000001 0.5041666671875 0.7993750000000001 0.5233333328125 0.81375 0.5258333328125 0.8375 0.5366666671875 0.8612500000000001 0.5608333328125 0.8856249999999999 0.595 0.8881249999999999 0.65 0.8706250000000001 0.6833333328125 0.875625 0.6991666671875 0.891875 0.7066666671874999 0.9256249999999999 0.74 0.9637499999999999 0.7366666671875 0.9862500000000001 0.725 0.999375 0.7233333328125 0.999375 0.3491666671875 0.98375 0.3383333328125 0.9643750000000001 0.3375 0.93875 0.3466666671875 0.9112500000000001 0.3625 0.9043749999999999 0.3741666671875 0.905625 0.4033333328125 0.915625 0.4325 0.9262499999999999 0.44749999999999995 0.9181250000000001 0.45999999999999996 0.8975 0.46666666718750005 0.84375 0.4683333328125 0.815625 0.45499999999999996
8 0.5549999999999999 0.7308333328125001 0.569375 0.7308333328125001 0.57875 0.7216666671875 0.6012500000000001 0.6799999999999999 0.61625 0.6591666671875 0.6375 0.605 0.653125 0.585 0.651875 0.5775 0.645625 0.5675 0.6174999999999999 0.5441666671875 0.61375 0.5358333328125 0.61625 0.5158333328125 0.6131249999999999 0.5083333328124999 0.594375 0.5025000000000001 0.575 0.4891666671875 0.3975 0.4016666671875 0.375 0.4025 0.263125 0.45499999999999996 0.26375000000000004 0.4683333328125 0.27625 0.48333333281249996 0.31875 0.5175 0.338125 0.5391666671875 0.35875 0.5541666671875001 0.375 0.5741666671875 0.401875 0.5991666671875 0.5549999999999999 0.7308333328125001
0 0.7375 0.5683333328125 0.75125 0.5483333328125 0.7537499999999999 0.5366666671875 0.75125 0.5266666671875 0.7368750000000001 0.5075000000000001 0.70875 0.4858333328125 0.686875 0.4766666671875 0.6675 0.4783333328125 0.63375 0.495 0.615625 0.5125 0.61125 0.5216666671875 0.61 0.5349999999999999 0.614375 0.5475 0.66625 0.5925 0.673125 0.6083333328125 0.67125 0.6191666671875 0.6837500000000001 0.63 0.720625 0.5825 0.7375 0.5683333328125
8 0.464375 0.3758333328125 0.488125 0.36 0.49437499999999995 0.3525 0.51625 0.34750000000000003 0.5231250000000001 0.33999999999999997 0.5175 0.3308333328125 0.5081249999999999 0.3266666671875 0.4925 0.3091666671875 0.47000000000000003 0.31 0.4575 0.32 0.448125 0.3233333328125 0.433125 0.325 0.41937499999999994 0.3308333328125 0.39 0.3325 0.36875 0.35 0.340625 0.3591666671875 0.3325 0.365 0.33187500000000003 0.3691666671875 0.33875 0.3808333328125 0.33999999999999997 0.4058333328125 0.34562499999999996 0.40833333281249995 0.356875 0.40499999999999997 0.36062500000000003 0.3975 0.414375 0.3983333328125 0.464375 0.3758333328125
10 0.551875 0.24500000000000002 0.51125 0.25166666718749997 0.5081249999999999 0.2883333328125 0.506875 0.315 0.5275000000000001 0.3091666671875 0.5349999999999999 0.3241666671875 0.540625 0.3241666671875 0.5393749999999999 0.315 0.54125 0.30333333281249997 0.54625 0.3 0.551875 0.24500000000000002
10 0.571875 0.23500000000000001 0.5700000000000001 0.2408333328125 0.568125 0.2875 0.588125 0.2858333328125 0.593125 0.2891666671875 0.595 0.2958333328125 0.6009375 0.2841666671875 0.6131249999999999 0.2833333328125 0.6168750000000001 0.2341666671875 0.571875 0.23500000000000001
10 0.64 0.22916666718749998 0.634375 0.2683333328125 0.646875 0.2708333328125 0.6487499999999999 0.275 0.6487499999999999 0.27 0.655625 0.26 0.660625 0.2233333328125 0.6431250000000001 0.225 0.64 0.22916666718749998
10 0.6693749999999999 0.24666666718750002 0.66875 0.255 0.676875 0.25666666718750003 0.67625 0.2641666671875 0.683125 0.265 0.6837500000000001 0.25 0.6925 0.21833333281249998 0.67875 0.21916666718750002 0.6693749999999999 0.24666666718750002
0 0.81875 0.3391666671875 0.8125 0.3308333328125 0.806875 0.3491666671875 0.80625 0.3641666671875 0.8099999999999999 0.375 0.8237500000000001 0.37333333281250003 0.8481249999999999 0.3808333328125 0.8793749999999999 0.3741666671875 0.8856249999999999 0.3591666671875 0.8631249999999999 0.3458333328125 0.81875 0.3391666671875
12 0.42000000000000004 0.3491666671875 0.43 0.35 0.429375 0.3175 0.425 0.30583333281249997 0.42000000000000004 0.3075 0.418125 0.3158333328125 0.42000000000000004 0.3491666671875
4 0.6425 0.205 0.63625 0.21000000000000002 0.634375 0.2258333328125 0.62625 0.2408333328125 0.624375 0.2633333328125 0.63 0.265 0.634375 0.26 0.63875 0.23583333281250002 0.65 0.2225 0.651875 0.2116666671875 0.649375 0.2058333328125 0.6425 0.205