8 0.793538421875 0.7763013796875 0.799653921875 0.7689232765625 0.800854771875 0.7589494828125 0.7809192031250001 0.7401544375 0.7002287921875 0.6801788875 0.690015390625 0.68043306875 0.6615868875 0.6921451640625 0.649822865625 0.6844165156249999 0.637903184375 0.6841828203125 0.5875943125 0.7011462374999999 0.584230284375 0.706533375 0.63444621875 0.7331928859375 0.6363637765625 0.7474312453125 0.5939565671875 0.781931315625 0.5532000125 0.7956738296875 0.5306585593750001 0.79795843125 0.510363146875 0.787790396875 0.5066978765625 0.78158380625 0.5077188046875001 0.7759235171875 0.5040778015625 0.7728983734375 0.49093300468749995 0.7794570234375 0.4859840203125 0.8002635187499999 0.4800969734375 0.8096910140625001 0.45075467187499996 0.813205553125 0.43381321249999993 0.824234009375 0.424596475 0.81564645625 0.42276887656250006 0.7992513437500001 0.41444167343749994 0.7956798968750001 0.35730769218749997 0.8106918046875 0.3419269265625 0.803119459375 0.3165026078125 0.818071425 0.254049153125 0.8401930249999999 0.23848491875 0.8294929156249999 0.2442506484375 0.804158190625 0.23019205468749998 0.802519284375 0.12424008906249999 0.8290482953125 0.18104794062500001 0.9494998375 0.1935768578125 0.945640159375 0.21444960625 0.9428550093749999 0.22925215156249998 0.93042134375 0.2413517546875 0.9263415343749999 0.2613944515625 0.9312787328125 0.4064582859375 0.8929974234375001 0.424060828125 0.884935684375 0.4280374125 0.8761523718750001 0.4556977 0.8753314015625 0.6139649281249999 0.8102707015625 0.6840637843749999 0.7930136484375 0.7482513281250001 0.7820026421875 0.7612647296875 0.786120390625 0.793538421875 0.7763013796875
8 1 0.622402484375 0.9450693640625 0.6093175296875 0.93075805625 0.6024477890625 0.9092860578125 0.6054349953125 0.8647085750000001 0.620465871875 0.865598109375 0.6254819796875 0.8903755343749999 0.6373283734374999 0.8853294921874999 0.6454090828125 0.8592198249999999 0.65421288125 0.836017284375 0.6535307625 0.8200967562500001 0.65889893125 0.7537116984375001 0.6887254703125001 0.7475719359374999 0.692922128125 0.746346821875 0.6997144750000001 0.8186614999999999 0.7497556859375 0.8303769953125 0.7511214374999999 1 0.7003517078125 1 0.622402484375
5 0.2290781859375 0.8518025 0.257735140625 0.8421397953125 0.3315821296875 0.8140500390625001 0.3341394890625 0.7866075 0.3317478625 0.7799714546875001 0.3281311203125 0.7801277578125 0.2773896125 0.79617384375 0.23390585156250002 0.8150887703125 0.2297008171875 0.82182269375 0.224596175 0.850124140625 0.2290781859375 0.8518025
5 0.72957109375 0.67666435 0.7402656609375 0.68369039375 0.756054796875 0.6889986203125 0.832808915625 0.65142295 0.8340582953125001 0.64781205 0.8284582968749999 0.6390681921875 0.8100976140625 0.6314374234375 0.7663854031249999 0.6483029609375001 0.749166965625 0.6509191375000001 0.7237669125 0.6690525484375 0.72957109375 0.67666435
5 0.4543714125 0.8130492484375 0.48198317187499995 0.8058653859374999 0.478770684375 0.747408859375 0.47640332343749997 0.7439542625 0.46596146875000005 0.7421590546875 0.46270457187499997 0.733688346875 0.453127990625 0.7337278031250001 0.4483103984375 0.7438578984374999 0.440395684375 0.794371053125 0.4424274671875 0.8096341062500001 0.4543714125 0.8130492484375
10 0.2110146265625 0.799416746875 0.2210238421875 0.8002946234375001 0.3148892703125 0.7739606218749999 0.335880103125 0.7636931890625 0.33644413281249996 0.7539341234375 0.31401988125 0.715777246875 0.2893596609375 0.663489371875 0.28103245781249997 0.6599179281249999 0.1566238796875 0.6997402625 0.1558071375 0.7042684921875 0.15926822031250001 0.7116071421875 0.2110146265625 0.799416746875
10 0.44842760156250006 0.70341641875 0.46629704843750003 0.7303505968749999 0.48017572187499996 0.7363030078125 0.49036485937499996 0.732867378125 0.5168101078125 0.7122551234375 0.5537214703125 0.696619521875 0.5784847046875 0.6787008359375 0.5537759546875 0.6200500703125 0.5343558875000001 0.5851330625 0.5288044203125 0.5827520984375 0.5192521015625 0.5859730015625 0.41575149375000003 0.632567196875 0.41816738437499995 0.6423846875 0.44842760156250006 0.70341641875
10 0.7639168671875 0.5757738625 0.777906784375 0.6242171390625 0.78091096875 0.627457009375 0.7881444531249999 0.627144403125 0.9089362875000001 0.587478371875 0.9116392296875 0.5791245140625 0.8902945093750001 0.5150866078125 0.8794786234374999 0.492153328125 0.8743355234375001 0.48750824843749996 0.8671020421875 0.4878208546875 0.754180509375 0.526959553125 0.750889275 0.5418910343750001 0.7639168671875 0.5757738625
10 0.8274978093750001 0.4852266828125 0.8274250171875 0.47568234218749994 0.8052049515625 0.43639340468750004 0.7480952328125 0.454586759375 0.7570734484375 0.48770855781250005 0.763767165625 0.5003364671874999 0.77400483125 0.5032637328125 0.8274978093750001 0.4852266828125
10 0.585384446875 0.5509156281250001 0.5956463765625 0.5570243406250001 0.6429753296875 0.540002496875 0.6209109203125001 0.4932186109375 0.6119468953125 0.48986189218750004 0.587723428125 0.4948400640625 0.569051428125 0.5021991984375 0.5644137578125 0.508015790625 0.585384446875 0.5509156281250001
10 0.351802471875 0.619043959375 0.39428956875 0.6089707718749999 0.39722096093750003 0.6026662984375 0.3964628203125 0.586973790625 0.38055236406250004 0.5657583296875 0.370086246875 0.560781675 0.3251246578125 0.5812581140625 0.32369535781250003 0.5891825171875 0.3387890703125 0.6149262140625 0.351802471875 0.619043959375