4 0.2112095953125 0.3265887046875 0.2162951875 0.3296213671875 0.22065993125 0.32790485 0.200684490625 0.2894600078125 0.20157330468749998 0.2770320546875 0.2049209296875 0.274709003125 0.202165846875 0.2687467546875 0.1666373625 0.22534657187499998 0.15669613124999998 0.218184278125 0.14993889375 0.2067502140625 0.139537759375 0.20178185312500002 0.13454948125 0.20374359062499997 0.1336296765625 0.2081314609375 0.141107759375 0.22431470625 0.13844565312499998 0.2424727109375 0.14159432031250002 0.24928670937500003 0.1527163015625 0.2590042515625 0.1631794203125 0.28005278125 0.1683976515625 0.27699407656249997 0.17387682499999998 0.28087849062500003 0.2112095953125 0.3265887046875
4 0.7041077453125 0.2323938921875 0.726745290625 0.25268073125 0.736752840625 0.2567973390625 0.7437400296875001 0.2671344390625 0.763166921875 0.26452710625 0.7784280328125 0.254499246875 0.77790614375 0.24061301249999997 0.7720687125000001 0.22479107968749998 0.7746025140625 0.193598590625 0.7715864875 0.1806932265625 0.7595490328125 0.1562376984375 0.7598806312499999 0.14100927968750002 0.7398388734375 0.105610121875 0.7234410109375 0.0637452609375 0.7082858843750001 0.0405158171875 0.6982120140625 0.039444890625 0.6860685796875 0.048246667187499995 0.6871476828125 0.06493336875 0.6824203484375 0.07383822343749999 0.6686362609375001 0.08227868125 0.6560242546875 0.13152609531249998 0.67117938125 0.15475553749999998 0.6814125484375 0.176901034375 0.69249486875 0.21683019531249997 0.7041077453125 0.2323938921875
10 0.052074528125 0.355509871875 0.0841848890625 0.5747255 0.09670538437500001 0.6018209765625 0.111064734375 0.59143623125 0.1319066640625 0.5711613328125 0.13148208749999998 0.5622694984375001 0.0929022484375 0.5170497187499999 0.08371719062500001 0.503550840625 0.08181559375 0.49624640781249996 0.23815921874999998 0.43274819999999997 0.15306588906250002 0.30919347343750003 0.052074528125 0.355509871875
10 0.3731576640625 0.5829773453125 0.3806400828125 0.580034740625 0.3837267640625 0.5707685687499999 0.382842284375 0.56407066875 0.3695577625 0.540105575 0.316220715625 0.45338225000000004 0.297227065625 0.42662970937500005 0.2881393234375 0.41812523125 0.127466278125 0.472254190625 0.0919247921875 0.486231565625 0.0807984765625 0.495639875 0.0801086234375 0.498930775 0.090014525 0.5171788375 0.1445719859375 0.5762457921874999 0.186694075 0.6291313203125 0.19601177187500002 0.63653883125 0.2089733640625 0.637480640625 0.26781559375 0.613333265625 0.32022351875 0.6007751140625001 0.3731576640625 0.5829773453125
8 0.52380083125 0.47843998593750003 0.4026447734375 0.4968974484375 0.35745832499999997 0.499569878125 0.349286053125 0.5058033828124999 0.34790634374999996 0.5123851859374999 0.3605363390625 0.5285554125 0.37539519375 0.5559275078125 0.3812989453125 0.5687037546875 0.379689284375 0.576382525 0.33837235 0.590618134375 0.3263925484375 0.601368628125 0.3434802640625 0.6399425875 0.3517145234375 0.6497892484375 0.382033446875 0.65799643125 0.3997533671875 0.65807346875 0.41665079374999997 0.6675327765625 0.45476206093749993 0.7531981953125 0.48700490468749996 0.815001596875 0.487655096875 0.841922315625 0.463939096875 0.9468698249999999 0.46176788750000003 0.9708739812499999 0.461999509375 0.9779366171874999 0.7212039328125 0.959811278125 0.9159230609375 0.8832342328125 0.8027161984375001 0.5207377921874999 0.7914349203125 0.48994568125000004 0.7829707124999999 0.48119598437500005 0.6365503296874999 0.48643884687499994 0.5985810203125 0.49835140625 0.5775488015625 0.489511653125 0.5430950859375 0.4819240234375 0.5331848484374999 0.4828018140625 0.52380083125 0.47843998593750003
8 0.23275694218749998 0.896248796875 0.24311412031250001 0.8676353765625 0.2601175296875 0.8438373796875 0.29214775937500004 0.8302343421874999 0.31072983593750003 0.7907174921875 0.313095671875 0.7767021375 0.30702829062500003 0.761977175 0.2958399875 0.7553053140625 0.275820553125 0.7661979453125001 0.24635078125 0.77577443125 0.20772261093750002 0.799017975 0.1896369640625 0.80293328125 0.23275694218749998 0.896248796875
8 0.16929275 0.6712034203125 0.14482727812500001 0.7059610859375 0.1691755609375 0.758652965625 0.1776156484375 0.7242961875 0.1974404609375 0.7034147546875 0.2285862140625 0.683113815625 0.247225940625 0.6788029859375 0.2438826484375 0.6620001875 0.2447714625 0.649572234375 0.2540625015625 0.6298138109375 0.2429715109375 0.62813635 0.2228547640625 0.6340345796875 0.20417970937500002 0.6494311781250001 0.176284271875 0.662414665625 0.16929275 0.6712034203125
5 0.167792496875 0.7556598890624999 0.1861641671875 0.7954178390625 0.23536917656249998 0.776067021875 0.2413315078125 0.769696084375 0.261908159375 0.7616039203125 0.3006646359375 0.7513948593750001 0.3021416578125 0.7498074578125 0.2912849546875 0.7279071796875 0.26464959062500004 0.6830226765625 0.2615982359375 0.681203078125 0.24125153593749998 0.688198275 0.18076865312499998 0.7119843343750001 0.1726583625 0.7342980078125 0.167792496875 0.7556598890624999
5 0.5826437125 0.5962136609375001 0.5737902546875 0.5674863625000001 0.568837303125 0.55836233125 0.5596169171875001 0.5559492203125 0.46093477343749995 0.59274480625 0.45699460625 0.603353159375 0.4646319859375 0.6406109765625 0.47237534999999997 0.6446114859375001 0.48064493593749996 0.6433723828125 0.54052370625 0.615797765625 0.5814276359375 0.6047441796874999 0.5826437125 0.5962136609375001
1 0.68034103125 0.8506937265625 0.6837196484375 0.8564107562500001 0.7373926296875 0.9087798125000001 0.7735043375 0.8402253484375001 0.767304315625 0.83159175 0.7223564890625 0.7949155078125 0.716023828125 0.7923732796875 0.7114291328125 0.7951867640625 0.6812608375 0.8463058562500001 0.68034103125 0.8506937265625
1 0.7260617203125 0.662608925 0.7303911375000001 0.671978171875 0.778881215625 0.7163201640625 0.81068583125 0.6846882390625 0.8067499953124999 0.6761707390625 0.75835723125 0.63682315 0.748380671875 0.640746625 0.7260617203125 0.662608925
1 0.628272725 0.6678507046875 0.6371348515624999 0.658326296875 0.637037540625 0.6533319 0.6048213546875 0.6186944328124999 0.56507441875 0.6554628953125 0.56861666875 0.66312864375 0.5909579453125 0.6875581328125 0.5976841890625 0.690952109375 0.628272725 0.6678507046875
1 0.6552303687500001 0.5938374453125 0.6600196890625 0.6010127609375 0.6791459765625001 0.621673934375 0.6834444015625001 0.6230031 0.7213827171875 0.60305045625 0.7247966625 0.5976817203125 0.7194501265625 0.5877059390625 0.6980596515624999 0.5669286671875 0.6547394734374999 0.5879912968750001 0.6552303687500001 0.5938374453125
12 0.6346710546875001 0.5254262046875 0.6174860265625 0.48185784218750005 0.604891359375 0.45460184843749996 0.587012140625 0.4334502390625 0.57874255625 0.43468934687500005 0.5755585625 0.438961115625 0.5796580265625 0.44942733125 0.577915728125 0.46319746406249995 0.5837531578124999 0.47901939843749997 0.610844090625 0.5408358203125 0.6224922937499999 0.545313746875 0.6335522890624999 0.5389511203125 0.6346710546875001 0.5254262046875
10 0.7740736593750001 0 0.7350358984375001 0.013891315625000001 0.74290323125 0.0500521640625 0.745658315625 0.0560144125 0.7578990625 0.0522070375 0.7672167578125 0.059614548437500005 0.8038416828124999 0.0431980234375 0.8051550734375 0.0396619046875 0.7952801625 0.029453928125 0.789800071875 0 0.7740736593750001 0