10 0.5322730531250001 0.6261220765625 0.62344195625 0.607617003125 0.6481122671875 0.5993631171875 0.626441684375 0.5056764078125 0.5091424375 0.53177028125 0.5322730531250001 0.6261220765625
10 0.14668846093750001 0.6980246671875 0.14934186562500001 0.69494515 0.1327143234375 0.64409883125 0.120435925 0.6139458890625 0.1161515921875 0.609265390625 0.0258735390625 0.6257273546875 0.0449722609375 0.716599765625 0.1117875984375 0.7078556593750001 0.113162184375 0.7049732796875 0.14668846093750001 0.6980246671875
10 0.3714939578125 0.6589186484375 0.3783256109375 0.6694375781249999 0.382524496875 0.670570609375 0.39194474375 0.6619971421875 0.41286404374999996 0.6578821375 0.387719434375 0.5665112921875 0.3850763484375 0.5633581015625 0.297668771875 0.5714915875 0.2998330265625 0.588070984375 0.322461278125 0.6549052828125 0.3641937921875 0.6555932203125 0.3714939578125 0.6589186484375
10 0.167568125 0.5523804343750001 0.11504077500000001 0.56314834375 0.113303759375 0.5643062734375001 0.11774866875000001 0.582314409375 0.1256676078125 0.59800668125 0.16239093124999998 0.590565225 0.1715238796875 0.59004748125 0.1748063734375 0.5931021000000001 0.17581853281249998 0.588495275 0.167568125 0.5523804343750001
10 0.2850824359375 0.5618597828125 0.3361497515625 0.5504267875 0.327889025 0.5205446546875 0.29381910312500004 0.5249065953125001 0.2728040359375 0.5317068390624999 0.2786132109375 0.5530653015625 0.2850824359375 0.5618597828125
5 0.6408665890624999 0.6182832734375 0.551445021875 0.629397709375 0.5493352578125 0.6350638984375 0.5500394765625 0.6509782078125 0.556060825 0.6545007734375 0.647219409375 0.6422284078125 0.64914795625 0.6356999937500001 0.6408665890624999 0.6182832734375
5 0.1413816515625 0.704183703125 0.12446970312500001 0.7148022234375 0.123095115625 0.717684603125 0.127006703125 0.7268733609375 0.1691974140625 0.7266005046874999 0.1901167125 0.7224855 0.21161061406249998 0.702259046875 0.2089675296875 0.6991058578125 0.1899767765625 0.69669245 0.1413816515625 0.704183703125
5 0.43827984999999997 0.6406117359375 0.426760159375 0.6486186875 0.4135269859375 0.6987272734375 0.41369788124999995 0.7058222015625 0.4159785375 0.70725094375 0.44668051562500005 0.69628691875 0.45060984687500005 0.6396011484375 0.43827984999999997 0.6406117359375
4 0.6187452359375001 0.46591553281250003 0.60548853125 0.47508041562500003 0.5916469078125 0.50658945 0.592552978125 0.5109005718749999 0.61932273125 0.503213203125 0.6310884453125001 0.5120813531249999 0.6366619171875 0.5103320078125 0.637609265625 0.48971230312499997 0.6506744375 0.4859179046875 0.6514096140625 0.48313409375000005 0.6500556671875 0.47355105937499997 0.6367754296875 0.44177223750000005 0.6322141140624999 0.4389147578125 0.622622971875 0.44039329531250004 0.6187452359375001 0.46591553281250003
10 0.5041229265625 0.52987359375 0.5529950343750001 0.520559321875 0.5592182359375 0.5124787000000001 0.5480477593749999 0.475033690625 0.4927815578125 0.48533365 0.5041229265625 0.52987359375
0 0.47170457499999996 0.5295301359375 0.4441141984375 0.5364538484375 0.44556391250000005 0.5433516390625 0.44336870156249997 0.5454703656250001 0.4466408765625 0.554757690625 0.45887510625 0.5564323421874999 0.48189384999999996 0.5528838546875 0.48456789375 0.5373389234375 0.4817435953125 0.5333235125 0.47170457499999996 0.5295301359375