4 0.2736825609375 0.354102084375 0.274619071875 0.36393309375 0.304904503125 0.387040528125 0.3255247078125 0.3900775734375 0.33536655312499997 0.38668059062500004 0.355332978125 0.387074859375 0.401962509375 0.38038880937499997 0.41790026406249997 0.3662251125 0.419013390625 0.35258875 0.39811045156249997 0.3423634734375 0.3842399328125 0.3312024921875 0.369079565625 0.32519094375 0.33308697187499997 0.3187397515625 0.31653074375 0.319176334375 0.2929598 0.3309836046875 0.277022046875 0.3451473 0.2736825609375 0.354102084375
8 0.688560621875 0.5017057375 0.6964411359375 0.49038042343750005 0.712944359375 0.4905931921875 0.718351190625 0.4882680375 0.7168846171875 0.484930534375 0.6998336296875001 0.4807762875 0.686793609375 0.48074501718749996 0.6837544546875 0.4753687140625 0.63655945625 0.46767830000000005 0.549802646875 0.454653896875 0.53227460625 0.45634380625000004 0.5235282890625 0.4676237453125 0.482977390625 0.5809253203125 0.46223379375 0.664614909375 0.44993596562500004 0.6874470359375 0.4477097125 0.7147197640625 0.4396701796875 0.7279931296875 0.439740890625 0.7377787640625 0.46810029374999995 0.7418735328125 0.4803452234375 0.7516450625 0.49085865625 0.7932801484375 0.50395168125 0.7926620671875 0.50322719375 0.7802336546875 0.5069024234375 0.7778177515625 0.5217800546875 0.7766410703125 0.5352971281250001 0.7708281828125 0.5781984265625 0.7672073890625 0.637072884375 0.77029286875 0.66970839375 0.807218165625 0.7135463093750001 0.8453826859375001 0.7156136515625 0.8520123156249999 0.7246074015625 0.8590049437499999 0.7331240953125 0.8718417281249999 0.73294748125 0.8953091000000001 0.7441498859375 0.896548321875 0.7637628656250001 0.8799687234375 0.777262234375 0.8637208515625 0.9161254718749999 0.68579385 0.9313917437500001 0.65855239375 0.9517468093750001 0.6328818859374999 0.9528034312500001 0.6305896 0.9540614421875 0.615178340625 0.940774025 0.607525940625 0.8655729593749999 0.58076031875 0.8050375015625001 0.55541541875 0.7920857906250001 0.5436504625 0.7955312906249999 0.5333969749999999 0.793463946875 0.5267673453125 0.7743456171875 0.5159834671875 0.761623634375 0.5120560937499999 0.723475390625 0.51070895625 0.688560621875 0.5017057375
4 0.9450501296875 0.6403564703125 0.936233103125 0.641850775 0.9323988578125 0.64621473125 0.9124855453125 0.67712541875 0.8600606531249999 0.7441557046875 0.8592125578124999 0.7545453140625 0.8837200109375001 0.752569053125 0.9441194125000001 0.7369732140624999 0.9514951859374999 0.646616275 0.9450501296875 0.6403564703125
4 0.922648725 1 0.937010159375 0.82406516875 0.8743553281249999 0.7820761843749999 0.8567035703125001 0.774629809375 0.8419319484375001 0.774507790625 0.82189491875 0.7962821953125 0.7666783046875 0.87620874375 0.734961815625 0.9025880828125 0.7120269453125 0.9066031453125 0.7115675968749999 0.9228822859375001 0.7178756359375 0.9414724765625 0.724925759375 0.9509717578125001 0.7252614984375 0.9575106390625001 0.722505078125 0.9593225671875001 0.7144478390625 0.962160946875 0.6894986328125 0.9588970296875001 0.6529935765625 0.9374200234375 0.645784434375 0.9298687937500001 0.6440351296875 0.9193430593749999 0.632373265625 0.902428671875 0.61556960625 0.8845926875 0.6095089984375 0.8842750640625001 0.5974584968750001 0.8934254515625 0.595196834375 0.8998282109375 0.5959037265625 0.9337759421875 0.590037546875 0.9523802375000001 0.5790295671875 0.970062934375 0.567791859375 0.9799080484375 0.5654771937499999 0.98696015625 0.5481258734375001 0.997136996875 0.52388345 0.99586650625 0.5158262125 0.9987048859375 0.4787557921875 0.9948057234375 0.4577115421875 0.9969634828125 0.452393315625 1 0.922648725 1
10 0.33838971875 0.8928908046874999 0.338213103125 0.9163581781250001 0.3442384078125 0.9277601359375 0.3511118078125 0.928772484375 0.3981123796875 0.9175409796875 0.427973659375 0.9138889140625001 0.4593898140625 0.9018406656250001 0.4677120828125 0.8957555312500001 0.47421433437499994 0.869359028125 0.48290743125 0.7948198265624999 0.483808425 0.7518265609375 0.479956475 0.74575553125 0.46999091406250004 0.7400162296875 0.3641158828125 0.7481622546875 0.35303719375 0.7560593171875001 0.34558083281249996 0.7941441328125001 0.33838971875 0.8928908046874999
10 0.42630177968750005 1 0.42714348125 0.998622121875 0.42590653125 0.971167896875 0.431719596875 0.9212586453125 0.42083522812499996 0.9161233203125001 0.4027594203125 0.91387175 0.354999059375 0.923759178125 0.34720685156250003 0.92335080625 0.3422770765625 0.9198318046875 0.3399623015625 0.8949296062500001 0.34323086406250003 0.812280575 0.3390431734375 0.7996706640625 0.33324759843749996 0.7961062875 0.3053299453125 0.7972517 0.269090025 0.804482246875 0.2627113828125 0.808060728125 0.259583921875 0.8144181093749999 0.25433632500000003 0.8787038234375 0.2478693734375 0.894015990625 0.245749346875 0.9838986296875 0.2432756453125 1 0.42630177968750005 1
5 0.5639748890625 0.866889765625 0.5615895109375 0.8641562390624999 0.5198720515625 0.8639263046875 0.51538403125 0.8656474828125 0.5137408437500001 0.885777353125 0.5144831421875 0.94059505625 0.556713171875 0.9878051109375001 0.5619079765625 0.9880773578125 0.5634981578125 0.9685968375 0.5626675515625 0.9255128218750001 0.5582678375000001 0.915500315625 0.5583031375 0.9044159796875 0.5639748890625 0.866889765625
5 0.5144999890624999 0.69539559375 0.51672635 0.7000771734375 0.5275577124999999 0.7058618484375 0.53361831875 0.706179471875 0.5389014296875 0.694718034375 0.5421876984375 0.6225039875 0.5382297359375 0.617731659375 0.5219915421875 0.6142721375 0.5144999890624999 0.69539559375
1 0.69138318125 0.595387159375 0.6579674296875 0.612033765625 0.6824467859375 0.6568332140625001 0.7193933968749999 0.6449717671874999 0.69138318125 0.595387159375
1 0.6241918562500001 0.517568803125 0.593765140625 0.532248725 0.59928714375 0.563141865625 0.6365678625 0.5507664421875 0.6241918562500001 0.517568803125
1 0.5707150703125 0.5374087578125 0.548776871875 0.5405050359375 0.5547594375 0.5740751703125 0.5728787750000001 0.568656728125 0.5707150703125 0.5374087578125
1 0.5837402203125001 0.6088512421875001 0.5578161875000001 0.6145682156250001 0.5672215953124999 0.6525637421875 0.589199678125 0.6459324093750001 0.5837402203125001 0.6088512421875001
12 0.5242353953125 0.5654800890625 0.5108596328125 0.5589099375 0.4630285625 0.5590117328125 0.4530807046875 0.5637074156249999 0.45249763906249996 0.5708502734375 0.4489284234375 0.5719674765625 0.46057258125 0.5784468765625 0.5186872515625 0.5801882796875 0.5251719046875001 0.5753110984375 0.5242353953125 0.5654800890625
10 0.2943905359375 0.1856339125 0.32605412500000003 0.19185823125 0.3309483828125 0.1425529578125 0.2970054265625 0.132296409375 0.2918991453125 0.1841990875 0.2943905359375 0.1856339125
10 0.3344820828125 0.088611478125 0.330418109375 0.0851378515625 0.327749996875 0.0752160921875 0.2983480671875 0.0625890171875 0.2909094125 0.11110881718750001 0.3120243734375 0.118736690625 0.329499409375 0.11769613281249999 0.3344820828125 0.088611478125
10 0.287128815625 0.30654925781250003 0.29833122031250003 0.3077884796875 0.29725328906250004 0.2783862015625 0.302006340625 0.2734182703125 0.2755905640625 0.26681685 0.270943628125 0.3024403859375 0.287128815625 0.30654925781250003
10 0.2857501234375 0.1636608453125 0.28041411250000003 0.207725940625 0.2914044921875 0.21156256406249999 0.31018708125 0.2158075609375 0.3138269 0.19252168593750002 0.29693493125 0.1864193875 0.2924610078125 0.1773159703125 0.2933833140625 0.16601726875 0.2857501234375 0.1636608453125
0 0.2979606078125 0.44015115781249997 0.30667162187499997 0.4399555546875 0.3099403984375 0.421215134375 0.309339628125 0.41792300625 0.296511634375 0.41529433437499996 0.29318985 0.4346841046875 0.2979606078125 0.44015115781249997