4 0.7613352812499999 0.811246946875 0.70985031875 0.7651842921875 0.702981084375 0.7616181546874999 0.6904018328125 0.76717170625 0.6561787109375 0.7405432859375 0.637288315625 0.7307364109375001 0.6350243453125 0.735200290625 0.6416703421875 0.74348414375 0.62994974375 0.7494834640625 0.62757415625 0.7563062 0.6915153218750001 0.8056130390625 0.6893515375 0.8141569375 0.699432153125 0.8242238578125001 0.7199282359375 0.837281125 0.7300088515625001 0.8473480484374999 0.748364015625 0.8560714578124999 0.7880080234375 0.8549012546875 0.7902834265625 0.8439984984375 0.7846077015625 0.833801553125 0.770980853125 0.8243104234375 0.7613352812499999 0.811246946875
4 1 0.2928885859375 0.9983965515625 0.288224 0.9226231671875 0.2472753390625 0.9091079359375 0.23542535 0.8792668421875 0.2215446640625 0.8287837515625001 0.21628219999999998 0.8150224187499999 0.22202768125 0.8009490953125 0.22197198125 0.784311240625 0.21414010625 0.7684089890625 0.21555172812499998 0.760011390625 0.225692975 0.7605123234375 0.2460930703125 0.7959834156250001 0.295926209375 0.809610265625 0.305417340625 0.8528403421874999 0.32141525625 0.8916174671875 0.34476865624999997 0.903003209375 0.3458459125 0.9118244203125 0.33914699062500003 0.9335368781250001 0.3326956953125 0.9596656578125 0.3196755015625 0.9917935828125 0.31621455468750004 1 0.304827296875 1 0.2928885859375
8 0.29273328125 0.5631404109375 0.310118171875 0.5737769140625 0.3158826515625 0.594492753125 0.31519007656250003 0.6215236562500001 0.32677619375 0.63076095 0.3517114640625 0.6243715640625 0.3625619765625 0.62436535625 0.3775941421875 0.6289468390625 0.3857799359375 0.6170844343749999 0.40114695625 0.6145893453125 0.42003735156250005 0.624396221875 0.45265478124999997 0.647774246875 0.46553459531249997 0.654460753125 0.4705863359375 0.6530553375 0.476831584375 0.6450191109375 0.47951043125000004 0.5884065171875 0.4961852765625 0.5148918499999999 0.4952492984375 0.4974883078125 0.505601571875 0.4150520875 0.49747293593749997 0.394720109375 0.47966443124999997 0.3806412828125 0.48323353124999996 0.36718774062500004 0.49923596875 0.36985613281249996 0.5148376609375 0.35620445156249997 0.5314694765625 0.246415375 0.5357311484375 0.2059309296875 0.53274300625 0.194712428125 0.505477875 0.18216904218750002 0.46295734218750006 0.1697618890625 0.384049903125 0.139270215625 0.172999196875 0.0669560484375 0.0213185515625 0.3660254046875 0.02943165625 0.5053220328125 0.0962560984375 0.4949753 0.1522374015625 0.489396915625 0.1952817359375 0.5093264093750001 0.2291928625 0.530153646875 0.23853787343750002 0.530977065625 0.2679896515625 0.5220988 0.29214358906250004 0.5322214187500001 0.2950315453125 0.5393599 0.28534024687500004 0.5520519328125 0.29273328125 0.5631404109375
8 0.135428721875 0.8198289781250001 0.1338573265625 0.7972619546875 0.14397493125 0.725982328125 0.150978646875 0.7143118515625 0.1745200328125 0.706393234375 0.18636367812500002 0.6915961796875 0.184334378125 0.6849034656249999 0.1722015984375 0.681021584375 0.1269477578125 0.695391496875 0.05565389375 0.7333005 0.043287734375 0.7432217062500001 0.0459350953125 0.788675134375 0.20238268124999997 0.869894296875 0.223357746875 0.8517817671874999 0.23410807031249997 0.847695540625 0.2448812609375 0.8307315578125 0.24392241874999998 0.826205771875 0.2350124515625 0.8223857984375 0.2213627390625 0.8257724218750001 0.193327709375 0.8233021656249999 0.1451859109375 0.8305335953125 0.135428721875 0.8198289781250001
10 0.5481543515625 0.7118533078125 0.51843630625 0.6891748859375 0.4646759421875 0.6540149875 0.41854327968750005 0.618786971875 0.40415796249999997 0.612930090625 0.391255284375 0.619121340625 0.35483139218750004 0.6823833671874999 0.3513510484375 0.7063558078125001 0.30908265468749996 0.793974134375 0.308636178125 0.8034095671875001 0.4370080109375 0.9288622203125 0.4488173671875 0.9333817984375001 0.45676849218750004 0.9326759859375 0.46614779687499996 0.914182771875 0.5257809171875001 0.7880487875 0.5522243859375 0.7187998609374999 0.5481543515625 0.7118533078125
10 0.44024225625 0.92248525 0.3896159484375 0.8768683625 0.381888059375 0.8728564593750001 0.37136096875 0.87222496875 0.36071083125 0.880391215625 0.32474484375 0.9277789328124999 0.3219799921875 0.93198278125 0.424268771875 0.9850856078125 0.590317403125 0.9783196437499999 0.6440950015625 0.8905567640625 0.6520804203125 0.8705343203125 0.6436169265625 0.8572789140625 0.6126166171875 0.8307124031249999 0.54995771875 0.785293653125 0.5327846328125 0.7763783109375 0.515454203125 0.7955773374999999 0.452709890625 0.9192905578125 0.445182375 0.9234386906250001 0.44024225625 0.92248525
10 1 0.2022661515625 0.9884073875 0.2266460609375 0.98012140625 0.23442844843750002 0.986455409375 0.23691112187500002 0.9837335359375 0.2572493109375 0.9967249656250001 0.2615769578125 1 0.2625260859375 1 0.2022661515625
5 0.22342029531250002 0.6955275515625 0.20613559218750002 0.6889710671875 0.1794917484375 0.7500599578125 0.17529866562500002 0.7519111421875 0.13692279375 0.8254382281250001 0.137446590625 0.8329605687500001 0.143245365625 0.8343597781250001 0.21062384375 0.823419771875 0.2311542234375 0.8171604078125 0.26479035 0.75083991875 0.2723521578125 0.727375153125 0.22342029531250002 0.6955275515625
5 0.39529037968749997 0.40370374218749994 0.387551059375 0.4061307171875 0.3344980453125 0.517151903125 0.3344866125 0.5235907796875 0.34307315625 0.52804845 0.3817354625 0.5352302140625 0.3871106234375 0.5331870999999999 0.4353122734375 0.43173136875000007 0.43339459218750004 0.4226797953125 0.39529037968749997 0.40370374218749994
1 0.10865719375 0.226703175 0.0992778890625 0.24519638906250002 0.1392654921875 0.2925406453125 0.1479636546875 0.2946394578125 0.20323221406249997 0.266939815625 0.20829538749999998 0.259095521875 0.20680131406250002 0.253486271875 0.167360375 0.20078659999999998 0.10865719375 0.226703175
1 0.294031725 0.1948490125 0.292626409375 0.1997586578125 0.334966734375 0.253157934375 0.340442084375 0.25519483906249996 0.3676641859375 0.23146381875 0.37251555000000003 0.2218983640625 0.3373678828125 0.171427528125 0.331145496875 0.166585996875 0.294031725 0.1948490125
1 0.2989523234375 0.388331075 0.325436125 0.4173864671875 0.3338108609375 0.42012297656250003 0.374382115625 0.380765275 0.3411407 0.3457848890625 0.33641238281249997 0.34655260781249997 0.302298184375 0.3795952453125 0.2989523234375 0.388331075
1 0.4103736640625 0.2584698875 0.401664071875 0.2628099546875 0.37892418437500003 0.303368725 0.3956507953125 0.3217194984375 0.4087424140625 0.330127165625 0.415188034375 0.3302509796875 0.41798723750000005 0.326870565625 0.438898196875 0.28777911718750004 0.42142455156249997 0.26662371875 0.4103736640625 0.2584698875
12 0.5672814625 0.4067928921875 0.56514054375 0.4024590359375 0.5425035390625 0.3850679140625 0.48110404375 0.35641500625 0.46317248906249997 0.3511339171875 0.45251091875 0.36573904062499996 0.45689294687500004 0.378486771875 0.514210978125 0.4066320046875 0.5366476078125 0.4158630921875 0.5472863140625 0.414135721875 0.5599543234375 0.41910106718750006 0.5651176812500001 0.41533679218749997 0.5672814625 0.4067928921875