8 0.5312891859375 0.43646731406250006 0.52436224375 0.46102770625 0.5246209796875 0.48891839687500005 0.4827847140625 0.6090726453124999 0.487240015625 0.61268991875 0.49541525468750003 0.6125115906249999 0.5583727640625 0.59908525 0.563658753125 0.606019834375 0.5614617359375 0.66140559375 0.5685838609375 0.6674662687499999 0.5995281171875 0.664213896875 0.60489354375 0.6677355109375 0.6122539812500001 0.663557278125 0.6472790546875 0.601997453125 0.721332828125 0.579914684375 0.727560715625 0.5853884218750001 0.7366143046875 0.5864796250000001 0.8194674687499999 0.5764095578124999 0.83923601875 0.585226584375 0.9817980531250001 0.6769256140625 0.993107775 0.19101385937499998 0.6344079796875 0.1798155265625 0.626920440625 0.189454509375 0.5879893125 0.301813253125 0.5800728109375 0.32988227187499997 0.577458184375 0.36420328125 0.5625307687500001 0.38143346718750004 0.5473968124999999 0.407537375 0.5399887125 0.4137633890625 0.5387568640625 0.4276815734375 0.5312891859375 0.43646731406250006
8 0.6928511140625 0.7504155406249999 0.6999096875 0.7592065890625 0.722233853125 0.7752451734375 0.7195239 0.8136617453125 0.705554271875 0.82874849375 0.7020454046875 0.8624825656249999 0.6899913546875001 0.873282434375 0.6861284265625 0.8832213796874999 0.6796781125 0.8873039546875001 0.6277964453125 0.85394426875 0.61789628125 0.8502183515624999 0.6087473671875 0.8532227125 0.598831315625 0.8501793875000001 0.59938738125 0.8262886015625 0.59322304375 0.8180844875 0.579412290625 0.826345296875 0.584523515625 0.8407884125 0.5770518640625 0.849744803125 0.5769406499999999 0.8545229609374999 0.627528259375 0.93159779375 0.8288021671875001 0.910443053125 0.818017134375 0.8727639375 0.798582221875 0.8496124421875001 0.7771681796875 0.8334782000000001 0.7543310812499999 0.8004704265625 0.7549665828125 0.773166671875 0.73728836875 0.7525542359374999 0.712281490625 0.73475484375 0.7013123265625001 0.737950521875 0.6929623265625 0.7456373828125 0.6928511140625 0.7504155406249999
10 0.561150803125 0.59675049375 0.5174171328125 0.603389859375 0.440744196875 0.620981446875 0.395063175 0.6332728796875 0.3904331125 0.6371641390625 0.3856918359375 0.6458335546875 0.38186522031250003 0.69321950625 0.37828598593749996 0.80799093125 0.37369223281249997 0.84932919375 0.3743958203125 0.85810725625 0.3832587578125 0.8673895843749999 0.391418109375 0.86789385 0.426225290625 0.8547025312500001 0.44643869374999995 0.844406928125 0.5362346859375 0.8090938781249999 0.5500772125 0.79946788125 0.5529346890625 0.79372015625 0.5660237140625 0.62143251875 0.565606103125 0.6003677671875 0.561150803125 0.59675049375
10 0.3827276828125 0.695171628125 0.38004496875 0.6934108218749999 0.2530291734375 0.7285502875 0.23741405625 0.7363198171875001 0.24834068281250002 0.9714520140625 0.47791490625 0.9473227906250001 0.4759576046875 0.9414001953125 0.47242378125 0.8981924796874999 0.47403295781250004 0.868062690625 0.466894946875 0.862684609375 0.4619584859375 0.8407329609374999 0.45196299531250006 0.8411026046875 0.388767171875 0.8647678546875 0.3779886578125 0.85977240625 0.38241446562500003 0.747635696875 0.3827276828125 0.695171628125
5 0.6850594265625001 0.8901429750000001 0.6869432265625 0.887221284375 0.6888973953125 0.8032622406250001 0.68448975625 0.7975971859375 0.6904702625 0.7356854484375 0.672283646875 0.7369160156250001 0.6157287874999999 0.7483075625 0.6117160578124999 0.8426968296874999 0.6778101999999999 0.8895430515625 0.6850594265625001 0.8901429750000001
5 0.6071609265625 0.5313123984375 0.6097800890625 0.5358035812499999 0.630569978125 0.5397467921875 0.64957139375 0.5425161296875001 0.6578737328125001 0.5368770515625 0.6628442531250001 0.44034434375 0.6670884796875 0.41402314531249995 0.6589926796875 0.41078850312500004 0.6171428109375 0.414506178125 0.609687046875 0.422779975 0.6071609265625 0.5313123984375
1 0.9169915937500001 0.4040994453125 0.9206162062500001 0.40439940781250006 0.9886009687499999 0.37001696093750003 0.9444928156250001 0.314731603125 0.9391115031249999 0.3118925796875 0.8783124156250001 0.3496053265625 0.879910240625 0.3589703234375 0.9169915937500001 0.4040994453125
1 0.767828678125 0.2985726265625 0.7768981562499999 0.298981234375 0.8339137531249999 0.26779446562500003 0.8349350921875001 0.26292065 0.817654065625 0.225243365625 0.809462940625 0.22610428749999997 0.75600840625 0.2603213953125 0.767828678125 0.2985726265625
1 0.7025720093750001 0.4497872671875 0.7171657859375 0.44689155156249993 0.7465916546875 0.4308612125 0.74167108125 0.4082269703125 0.7287023671874999 0.3803103046875 0.7232416171875 0.38088425312499996 0.6855610734375001 0.40050588906250006 0.7025720093750001 0.4497872671875
1 0.7083800328125001 0.27826489374999996 0.69466460625 0.282430140625 0.673509303125 0.2941865890625 0.6733867359375 0.33845953125 0.6760217875000001 0.34226811874999996 0.6905679015625 0.3414201859375 0.7171998453125 0.3284071953125 0.713745459375 0.281786509375 0.7083800328125001 0.27826489374999996
12 0.5255969390625 0.36897319375 0.5354653265625 0.3740642984375 0.593633896875 0.37135515625000004 0.6136407625 0.369933275 0.6256471546875 0.3611811875 0.6259807921875 0.346846715625 0.6179803171875 0.33951651250000003 0.5424875921875 0.3454083453125 0.5141148375 0.35519968125 0.513812975 0.3681689640625 0.5255969390625 0.36897319375
4 0.248331025 0.6963597296875 0.2530723015625 0.6876903140625 0.263147228125 0.6839077 0.263258440625 0.67912954375 0.25782946406249996 0.6783383046875 0.22035545937499998 0.6890862203125 0.21224377031250002 0.6865341734375 0.2123232078125 0.6831212046874999 0.20596821875 0.6831082171875 0.1637847109375 0.7011603609375 0.15450869843749998 0.709625475 0.13989903125 0.713203784375 0.1378881328125 0.7215862265624999 0.154222721875 0.7219121640624999 0.16849874843749998 0.732668325 0.20140624062499998 0.7230812921875 0.2096768046875 0.7188074 0.21164004374999998 0.712472740625 0.22904363437500003 0.7058770796875 0.25364878750000003 0.7019291265625001 0.2564586 0.6982291843749999 0.248331025 0.6963597296875
4 0.411788196875 0.1487398859375 0.41094162343749996 0.14610516875 0.42856763906250006 0.129953196875 0.43054676406250003 0.1229359421875 0.42350407656250005 0.1134622984375 0.41721263906250006 0.110718934375 0.393501721875 0.115253825 0.38628427187500003 0.11328871250000001 0.3684312953125 0.10018480781250001 0.3193480875 0.102619965625 0.30141567187499996 0.0929290296875 0.2740483671875 0.0985291453125 0.20855113281249998 0.104051334375 0.2046087703125 0.11740325 0.20962466875 0.13594192968750002 0.20986751718750002 0.1645152140625 0.246097759375 0.16819742499999998 0.2621940375 0.178762271875 0.2754805 0.193027059375 0.3073825421875 0.187631246875 0.32117740625 0.1800530328125 0.3555874 0.18392656093749998 0.3665406765625 0.1814134765625 0.411788196875 0.1487398859375