8 0.5903489375000001 1 0.5910159375 0.9979393 0.6035917546875 0.982211228125 0.66647085 0.838160278125 0.6754535796875001 0.8275866546874999 0.696113853125 0.7812655765625001 0.7167741265625 0.751462321875 0.7158758546875 0.732764365625 0.7275534 0.7009811890625001 0.7284516734375 0.6859827828125 0.7428240374999999 0.6534721546875 0.741925765625 0.6374170515625 0.7077914 0.6087505265625001 0.622455484375 0.555584175 0.5919142093749999 0.5422453046875 0.5838297546875 0.542445515625 0.5811349359375 0.5484586671875 0.5200523859375 0.8118339453125 0.5227472046874999 0.8216779046875 0.536221296875 0.8220049375 0.541610934375 0.8271571703125 0.55777984375 0.8538459875 0.5523902078125 0.8771044171875 0.5344247531249999 0.9134480640625 0.533526478125 0.94100001875 0.5245437515625 0.9654486171875 0.5315713359375 1 0.5903489375000001 1
8 0.6233537578125 0.412407440625 0.637726121875 0.3772539625 0.640420940625 0.3500979921875 0.6476071234375 0.3285569765625 0.645810578125 0.3195717234375 0.637726121875 0.31250408749999997 0.6206589390625 0.3094029453125 0.599998665625 0.3094741125 0.584728028125 0.3140367984375 0.5604746609375 0.329173109375 0.4859180203125 0.3431325453125 0.46615601875 0.35331239999999997 0.464359475 0.38264850156249997 0.453580203125 0.4047189765625 0.45268192812499997 0.41707452968750003 0.457173290625 0.4319394671875 0.47693529218749997 0.45017027187499997 0.48681629375 0.47613385625 0.495799021875 0.486042334375 0.5559832984375 0.5171470734375 0.5811349359375 0.5332622671875 0.5937107562499999 0.5333913078125 0.6044900296875 0.515945825 0.6134727578125 0.4498723078125 0.6233537578125 0.412407440625
10 0.41315792812499996 0.8041299703125 0.4095648328125 0.823159390625 0.4068700140625 0.8978866984374999 0.501188659375 0.9041402078124999 0.5182558421875 0.824652221875 0.516459296875 0.8123634031250001 0.41315792812499996 0.8041299703125
10 0.3933959234375 0.6755600890625 0.399683834375 0.6386246812499999 0.3969890171875 0.6228343046875 0.3583632859375 0.6149813453124999 0.356566740625 0.668103115625 0.36285465 0.6708104890625 0.38082010624999996 0.672127484375 0.39070110625 0.6769482515624999 0.3933959234375 0.6755600890625
10 0.47809121093750007 1 0.49130765781249996 0.99842639375 0.49220593125 0.99135654375 0.4859180203125 0.9840241781250001 0.47603702031250006 0.9805248375 0.4436992 0.9813256703125001 0.4086665625 0.9854968046874999 0.40058210625 0.99626841875 0.40058210625 1 0.47809121093750007 1
10 0.3673460140625 0.8376394203125 0.389802834375 0.8366428109375 0.391599378125 0.8291102390624999 0.383514925 0.8154354749999999 0.39070110625 0.8117337093750001 0.39070110625 0.8005015859375 0.37543046874999997 0.7964750031250001 0.3520753765625 0.795952196875 0.353871921875 0.8340088218749999 0.3673460140625 0.8376394203125
10 0.371837378125 0.89875426875 0.3466857390625 0.898496184375 0.34578746875 0.926708853125 0.371837378125 0.929807778125 0.381718378125 0.9273607046875 0.381718378125 0.901592896875 0.371837378125 0.89875426875
4 0.42663201875 0.4939218828125 0.42663201875 0.48731475 0.42034410624999996 0.4839466640625 0.404175196875 0.48038280312500004 0.381718378125 0.484022265625 0.36554946875 0.481779828125 0.3646511953125 0.48686754062500004 0.3583632859375 0.488785159375 0.342194375 0.4885248625 0.34309265 0.5105263843750001 0.35117710468749996 0.51693330625 0.3700408328125 0.523733996875 0.4104631078125 0.5610543109374999 0.4203441078125 0.5619108015625 0.424835471875 0.5417579453125 0.4176492890625 0.5395132953124999 0.4086665625 0.5414976499999999 0.4050734703125 0.5327771234374999 0.40597174375 0.4939930484375 0.4086665625 0.490622746875 0.42663201875 0.4939218828125
5 0.5128662046875 0.8769820218750001 0.5191541140625 0.8942250812499999 0.5299333890625 0.9111366765625 0.5344247531249999 0.9121266390624999 0.5407126609375 0.9022804624999999 0.559576390625 0.859527678125 0.54789884375 0.8358109593749999 0.5353230234375 0.82114623125 0.5317299328125 0.822336403125 0.5263402968750001 0.8482376828125 0.5128662046875 0.8769820218750001
5 0.5265488671874999 1 0.5164592953125 0.9702738156249999 0.5101713875 0.9662450171874999 0.5038834765625 0.9668412078124999 0.5038834765625 0.9701447734374999 0.5149432328125 1 0.5265488671874999 1
12 0.6071848484375 0.7405215187499999 0.622455484375 0.73463740625 0.6215572109374999 0.7199037265625 0.6179641218749999 0.7164689046875 0.60808311875 0.7136302765625 0.5487971171875 0.7071699125 0.530831659375 0.71047790625 0.531729934375 0.7199258828125 0.5487971171875 0.7276520171875 0.6071848484375 0.7405215187499999
0 0.441902653125 0.499930603125 0.4490888375 0.499532403125 0.47064738281249996 0.46596286249999996 0.47064738437500003 0.4520878890625 0.4580715640625 0.43081603125 0.4535802015625 0.42784393125 0.43920783593749996 0.4253367671875 0.4239372 0.4358458703125 0.43112338125000005 0.49226899062499996 0.441902653125 0.499930603125