4 0.3325356953125 0.24542900625000003 0.3311449 0.2631402359375 0.33601268281249996 0.301967059375 0.3415758640625 0.31846514843749996 0.352702221875 0.33380688593749996 0.3624377859375 0.3566388640625 0.37704113437500003 0.35604255 0.393035275 0.3395933703125 0.402770840625 0.28994924218749996 0.4034662375 0.2685496875 0.407638621875 0.258158321875 0.40555243125 0.23594317031249998 0.3826043125 0.2025005453125 0.3721733515625 0.2010681203125 0.3624377859375 0.20425320624999999 0.3464436453125 0.22070238749999999 0.3325356953125 0.24542900625000003
8 0.7469925828124999 0.40319104218749996 0.7177858890625 0.4043836703125 0.69275158125 0.41655609218749995 0.6023499125 0.435114453125 0.4792645609375 0.473591040625 0.46674740625 0.48246479531249997 0.46396581562500006 0.5011619953124999 0.47300598281250006 0.5946401125 0.4785691640625 0.6455178921875 0.48413234374999997 0.649007446875 0.48343694531250003 0.6629735546875 0.48691393281249995 0.68141519375 0.49039091875 0.6831315765625 0.4931725109375 0.67744290625 0.4938679078125 0.6597600734375 0.5063850609375 0.651815503125 0.5140344328124999 0.6895995609375001 0.5133390375 0.7305119125 0.516816025 0.7443076453125 0.5272469859375 0.76525286875 0.5342009609375 0.7677564515624999 0.5453273203125 0.764514575 0.5571490765625 0.7788987359374999 0.580792590625 0.8448342953125 0.6051314999999999 0.926537534375 0.613476271875 0.9429220390624999 0.6190394515625 0.9445532312499999 0.6315566046875001 0.9393962015625 0.6600679015625001 0.9187191718750001 0.68996999375 0.9035604359375 0.887462871875 0.7626231359375 0.9055432046874999 0.748876309375 0.9243189375 0.728596821875 0.9236235390624999 0.71654586875 0.8985892312500001 0.7157097578125 0.8853766796875 0.70602829375 0.8784227031249999 0.6960912625 0.8714687296875001 0.693587678125 0.8332218687499999 0.6449736890625 0.79567040625 0.608410653125 0.79567040625 0.5452263578125 0.8019289828125 0.49944093125 0.8088829593750001 0.485219259375 0.8109691515625 0.4693379984375 0.813750740625 0.46550769062499997 0.826963290625 0.4668265296875 0.8283540875 0.4528320265625 0.784544046875 0.439754075 0.7748084828125 0.42621390625 0.7720268921875 0.395664521875 0.7615959296875 0.39516127968750003 0.7469925828124999 0.40319104218749996
4 0.7629867265625 0.8717742578125 0.7664637125 0.8456152156250001 0.755337353125 0.8460695484375 0.680929825 0.8992836765625001 0.6468553484374999 0.9192586953124999 0.6419875671875 0.9231741906250001 0.639901375 0.9325511843750001 0.6501515015625 0.9441982265625001 0.7430589921874999 0.9355249390625 0.7629867265625 0.8717742578125
4 1 0.5617335156250001 0.9924678874999999 0.56599491875 0.9723013609375 0.5714643046875 0.93614069375 0.5692241671875 0.9291867203124999 0.571366490625 0.9187557578125001 0.583871778125 0.91875575625 0.5903760453125 0.9368360906250001 0.6091505484375 0.954221028125 0.6223783640625 0.9653473874999999 0.624711571875 0.9729967609375001 0.63276184375 0.9938586828125 0.6727939234375 0.995944875 0.6996549796875 0.9924678874999999 0.7081595875 0.990381696875 0.7110323171874999 0.9834277218749999 0.710387096875 0.9736921562499999 0.7024220125 0.954221028125 0.6948544703125 0.9368360906250001 0.6946351859375001 0.9312729125000001 0.71902105625 0.9013708203125 0.751834228125 0.8130553421875 0.8074746359375 0.78871643125 0.8279812921874999 0.7880210328125 0.8438057609375 0.794975009375 0.8630346015624999 0.83333289375 0.927097509375 1 0.9115384671875001 1 0.5617335156250001
10 0.7873256359374999 0.315130259375 0.772722290625 0.42815745468750005 0.7782854703125001 0.43908045781249994 0.784544046875 0.4434707984375 0.8304402796874999 0.444384209375 0.9104109875 0.43833113749999997 0.938922284375 0.4325210015625 0.9458762578125001 0.42387441406250004 0.9604796046875 0.39075677343750004 0.966042784375 0.3589374546875 0.98064613125 0.3090945578125 0.9799507328124999 0.30168950625 0.9681289765625 0.2947387890625 0.9430946671875 0.2939026828125 0.8373942546875 0.29728967812499996 0.7963658046875 0.3036109421875 0.7873256359374999 0.315130259375
10 1 0.1978865234375 0.9493532453125001 0.1970123109375 0.93266370625 0.203268896875 0.8638193578125 0.20608009218749998 0.8568653828125001 0.2091515953125 0.8526929984375 0.2158262359375 0.8429574328125 0.2543201921875 0.8401758453125 0.2841675640625 0.84365283125 0.29052985 0.8568653828125001 0.2955654125 0.9451808609375 0.2956758546875 0.9716059640625 0.29924271406249997 0.9750829515625 0.3046758203125 0.9750829515625 0.313038446875 0.9618703984374999 0.363753734375 0.96326119375 0.383209740625 0.9681289765625 0.3950903203125 1 0.3926827765625 1 0.1978865234375
5 1 0.5002146171875 0.98412311875 0.48456775625 0.9257097312499999 0.481377928125 0.9041524109375001 0.4822582015625 0.9020662187499999 0.4869892921875 0.8999800265625 0.5316751609375 0.9027616171874999 0.53434911875 0.94309466875 0.5299146140625 0.9549164250000001 0.530361065625 0.9653473874999999 0.5355102125 1 0.53760295625 1 0.5002146171875
5 0.6433783609375 0.500340115625 0.7205674796875 0.499975709375 0.733084634375 0.49481868125000006 0.733084634375 0.4883144125 0.7275214562500001 0.47646223125000003 0.7226536734375 0.47387345937500003 0.6357289890625 0.47835212968749996 0.63851058125 0.4958929828125 0.6433783609375 0.500340115625
1 0.6257430828125 0.6238728546875 0.606124528125 0.6589309984375 0.6574337359375 0.6910938046874999 0.6721469546875001 0.65204535625 0.6257430828125 0.6238728546875
1 0.5442522359375 0.5516320390625 0.526897896875 0.583575103125 0.561606575 0.5982790921875 0.5768865421875 0.5588952984375 0.5442522359375 0.5516320390625
1 0.555570525 0.5038141656249999 0.5510427921875001 0.5271728234374999 0.5842431515625 0.5308551328125 0.5910337078125 0.5116876 0.555570525 0.5038141656249999
1 0.63404265 0.5167301859375 0.6264975890625 0.5442428390625 0.6657339999999999 0.5517094609375001 0.6740335671875 0.5284625328125 0.63404265 0.5167301859375
12 0.577315603125 0.4640121328125 0.58357418125 0.4786234625 0.5940051421875 0.4800558828125 0.599568321875 0.47332445312500004 0.6009591171875 0.41101254374999996 0.594700540625 0.39825957500000003 0.5933097453125 0.402033090625 0.5856603734375 0.4023454453125 0.5800971921875 0.412793603125 0.577315603125 0.4640121328125
10 0.1913700109375 0.21588450625000002 0.1899792171875 0.21315375468750003 0.1343474203125 0.216354609375 0.1433875859375 0.2531526953125 0.19623779375 0.250065425 0.1913700109375 0.21588450625000002
10 0.0856695953125 0.254580375 0.11696248281249999 0.2505150171875 0.119048675 0.23184621249999998 0.11209469999999999 0.20890065 0.059939890625000006 0.21474706562499998 0.0717616484375 0.24678566562499998 0.082192609375 0.25007645 0.0856695953125 0.254580375
10 0.3214093375 0.22544136250000002 0.320713940625 0.213390409375 0.3172369515625 0.1958779515625 0.27899009218750004 0.1992980890625 0.284553271875 0.227875528125 0.2901164515625 0.22300245625 0.3214093375 0.22544136250000002
10 0.1920654078125 0.218643653125 0.1976285890625 0.2370001015625 0.22266289687500002 0.23411948749999997 0.21918590937500002 0.2138194875 0.21570892343749998 0.20188211875 0.16842189531250001 0.2056714 0.17050808906249998 0.2139488390625 0.182608003125 0.2134547515625 0.1920654078125 0.218643653125
0 0.461879625 0.240147365625 0.46257502187500005 0.23082716250000002 0.45701184218749996 0.2254792453125 0.43614991718749996 0.2281894828125 0.43823611093750003 0.24204200937499998 0.44171309843750006 0.2428292109375 0.461879625 0.240147365625