8 0.3243546421875 0.109020415625 0.27929273125 0.0212390546875 0.27640921406249996 0.0205724203125 0.27259121406250003 0.0269963046875 0.2595854875 0.069977884375 0.2178135140625 0.2490018734375 0.2144313359375 0.2587499953125 0.2012026328125 0.2715941890625 0.1971788859375 0.28355787656250003 0.1291339671875 0.5465504812499999 0.132683378125 0.5594053984375 0.1920726703125 0.5716312078125 0.2258903921875 0.573647196875 0.2792511578125 0.5825451968750001 0.3182257625 0.5812405187499999 0.327169225 0.5783654671875 0.3292682640625 0.5730484734375 0.344352759375 0.4108488296875 0.3435510515625 0.369188009375 0.3472818859375 0.362099278125 0.346473084375 0.3417118015625 0.3548276828125 0.270362784375 0.3517140921875 0.2608321078125 0.34685012187500003 0.2592778171875 0.33636202656249997 0.2645894515625 0.30913433437500004 0.2417475203125 0.3079454515625 0.225570153125 0.325355003125 0.1664147765625 0.32084678437499997 0.146246534375 0.3243546421875 0.109020415625
12 0.3275888359375 0.36829141875000004 0.2722962640625 0.38731345781250004 0.267400875 0.392628665625 0.2698728921875 0.40437490781249996 0.27942650625 0.4061537921875 0.34031178125 0.38713532968750003 0.3582301265625 0.374515728125 0.35727131875 0.3672024015625 0.3506012234375 0.366090153125 0.3275888359375 0.36829141875000004
10 0.35628515 0.267261353125 0.46115900625000006 0.2354183515625 0.45393856093749996 0.13768929375 0.3591727234375 0.16843076562499998 0.3554662140625 0.1899233421875 0.35628515 0.267261353125
10 0.53461316875 0.3478151671875 0.5039962 0.35599470312500003 0.48132537343750004 0.3821287078125 0.48291865468750006 0.4084998140625 0.4920050265625 0.413823959375 0.5057252937500001 0.41183835 0.540421753125 0.399229475 0.53461316875 0.3478151671875
10 0.4420598921875 0.032866140625 0.3562932640625 0.06826690937499999 0.3565233375 0.07713095156250001 0.3705608421875 0.084674234375 0.419270484375 0.06520479375 0.44015950937500004 0.05391667812499999 0.44779550781250005 0.041068909375000004 0.458022109375 0.03376273125 0.45298380937499994 0.0308787453125 0.4420598921875 0.032866140625
10 0.520569584375 0.1838241328125 0.48100915625 0.19487871875 0.486967746875 0.23321887343749997 0.523644659375 0.2214976515625 0.520569584375 0.1838241328125
10 0.4793114796875 0.13216557499999998 0.5141822671875 0.1208863921875 0.5111629375 0.09074721875 0.4789141734375 0.1006984921875 0.4765222234375 0.1108904421875 0.4793114796875 0.13216557499999998
4 0.5066415296875 0.546791740625 0.49426014531250007 0.5518805671875 0.500661653125 0.57227161875 0.5183742484375 0.565191821875 0.54427725 0.5423838453125 0.5511845125 0.53108679375 0.5680812109375 0.524892865625 0.5764145234375 0.5173638796875 0.5745526546875 0.5102715734375 0.5674467359375 0.505835084375 0.5462404734375 0.5075943125 0.54024336875 0.49739699687499994 0.4981622703125 0.467897653125 0.49175366875000004 0.46877994687499996 0.49262531093749995 0.47542842656250006 0.5000484640625 0.48939380625 0.509047671875 0.4940531015625 0.51431604375 0.5058011296875 0.5118683484375001 0.508458734375 0.5148658859374999 0.538431696875 0.5066415296875 0.546791740625
8 0.4697649453125 0.7205005203125 0.47696512343749997 0.7043285125 0.47450019687499995 0.671308928125 0.4789354421875 0.6482656359375001 0.4778337265625 0.6327531140625 0.4621958453125 0.6201120687499999 0.45617441249999996 0.5955109109375 0.42626185625 0.5877358874999999 0.3268763125 0.5832404234374999 0.3174656078125 0.5896607328125001 0.30938669218750003 0.6204576078125 0.30986406875 0.6738628796875 0.2959654125 0.7740160140625 0.2963627203125 0.805483096875 0.2902956796875 0.8302981234375 0.29282344375 0.8495787109374999 0.2890926078125 0.8566674453124999 0.29484545 0.9005474031249999 0.30037531562500003 0.914289975 0.31106206406250003 0.9247118796875 0.3339001234375 0.9211809203125 0.3472960578125 0.9309397640625001 0.426988553125 0.9416273703125 0.4303393125 0.9387487437500001 0.427257140625 0.92234856875 0.41383688125000007 0.8981858765625 0.4138125546875 0.8837820328125 0.41908802500000003 0.8742567156250001 0.4166230984375 0.8412371328124999 0.401333871875 0.831255478125 0.392944815625 0.8312501171875001 0.373140278125 0.8223735640625 0.36997094375 0.805308540625 0.37352745 0.7968901125000001 0.391564378125 0.7780658640625 0.4697649453125 0.7205005203125
5 0.35019074687499996 0.1994486578125 0.34617409375 0.19013900156250002 0.3299260609375 0.172844021875 0.3262266453125 0.17306325625000002 0.32395327812499997 0.1770505546875 0.31476555156249997 0.213608253125 0.3143226359375 0.23155735625 0.3097759015625 0.2395319578125 0.3362748625 0.263924603125 0.34035435468749997 0.2594952640625 0.35019074687499996 0.1994486578125
5 0.31581254375 0.043865328125000005 0.3127546984375 0.041868996874999995 0.3085008765625 0.044968642187500005 0.31181311875 0.070232859375 0.335365721875 0.1076978703125 0.34727986718750004 0.10615430156250001 0.349291740625 0.10017245625 0.31581254375 0.043865328125000005