4 0.210809365625 0.21377254375 0.2368370703125 0.18638065625 0.2507254 0.1795995765625 0.24490335000000002 0.1758953765625 0.25929487500000004 0.15638281406250001 0.2525783734375 0.1482051953125 0.24301869531250003 0.14613886874999998 0.2272615546875 0.1537388828125 0.218085215625 0.153589734375 0.1903405875 0.14698128593749998 0.1792554828125 0.1525339625 0.15713313906249998 0.1740441484375 0.1457924734375 0.1783187046875 0.1381016109375 0.175433440625 0.1406014015625 0.16252208125 0.1270485359375 0.1608155078125 0.0588368109375 0.19070667187499998 0.037513179687499995 0.19588060624999998 0.034670001562500004 0.20199189999999997 0.0402843640625 0.214822815625 0.12242402031249999 0.2545891828125 0.1346990921875 0.249905159375 0.1625157015625 0.23146011249999998 0.1886391515625 0.2248778953125 0.210809365625 0.21377254375
8 0.3978974296875 0.3667167296875 0.392258953125 0.38934415 0.3865322953125 0.48777112031250003 0.376317528125 0.5332555484375 0.381460728125 0.538647334375 0.44130274218750004 0.507558496875 0.45099019843750004 0.510263884375 0.458816759375 0.5290759296875 0.48557910312499997 0.5256890125 0.49620096875 0.52798493125 0.508643775 0.5190570796875 0.519545309375 0.4871727859375 0.529224846875 0.4745904515625 0.56502783125 0.4554259 0.5809127515625 0.44846494375 0.5908957234375001 0.4475655625 0.6560486671875 0.4176246828125 0.7002771578125 0.42535036406250004 0.7364793187500001 0.4386784375 0.7687682 0.44260048750000003 0.8122699703125 0.441608921875 0.8341047187499999 0.438991225 0.8451898265625 0.43343855 0.8913353578125 0.369428628125 0.9365062046875 0.299671225 0.9365406171874999 0.29944545625 0.8858660828125 0.0460076765625 0.5595027140625 0.12283092656250001 0.4762047734375 0.1433467984375 0.45271681406250003 0.1529444375 0.442829590625 0.1746534890625 0.42207251250000005 0.2893977234375 0.4289247125 0.31350212499999996 0.41427762812499996 0.33173656875 0.41300775781250004 0.3406336921875 0.3978974296875 0.3667167296875
10 0.33992351875 0.5596296359374999 0.29966410312499997 0.5870025359375 0.2974598234375 0.5963091265625 0.300582315625 0.6373391234375 0.31236175624999996 0.7419958062500001 0.3160673515625 0.76052854375 0.32533151875 0.7661996390625 0.338540996875 0.761106146875 0.36610205156250003 0.741382978125 0.44963179062499997 0.6762820625 0.4614357015625 0.6641589109375 0.4641910484375 0.652525671875 0.45658836562499994 0.5738408546875 0.45900033125000006 0.5554075484375 0.45082246562500006 0.5145077109375 0.4387950328125 0.5051821328125 0.41008396718749995 0.5191537609375 0.33992351875 0.5596296359374999
10 0.17266427499999998 0.7142459109375 0.23488836875 0.954729425 0.3103338515625 0.9459111124999999 0.4048194875 0.8536966421875001 0.42804396875000006 0.8275331578125 0.42917022187500004 0.7874215312499999 0.3967618359375 0.716826640625 0.3349711015625 0.7585001921875001 0.3226082015625 0.75766226875 0.3004944890625 0.6318171765625 0.211605946875 0.6853652984374999 0.1775040421875 0.7079547421875 0.17266427499999998 0.7142459109375
5 0.5802727921875 0.6892341484375 0.5858792359375 0.6867773390624999 0.586470259375 0.679567803125 0.569803178125 0.570797453125 0.51195775625 0.6017064171875 0.5108156640625 0.6112426 0.5206625796875 0.6757379390625 0.5802727921875 0.6892341484375
5 0.47308121718749996 0.3462813046875 0.4673070390625 0.352981940625 0.477505259375 0.43956506875 0.48294397031249997 0.4413520875 0.5125095359375 0.4367367671875 0.518243759375 0.43491901874999994 0.522276896875 0.4296763796875 0.5101619937499999 0.33350735 0.47308121718749996 0.3462813046875
1 0.71412624375 0.26080916875 0.7219848390625 0.2594506046875 0.7696716390625 0.2183971265625 0.7264495421875 0.1852084796875 0.7217775078125 0.18725581875 0.6803360453125 0.229047790625 0.6838659890625001 0.23653663281249998 0.71412624375 0.26080916875
1 0.586272621875 0.21605323593749998 0.60928941875 0.1990164671875 0.6358282375 0.17418081875 0.61784305625 0.145224259375 0.6086267640624999 0.14995799999999998 0.570284034375 0.186916796875 0.5706274203125 0.19371686562499998 0.586272621875 0.21605323593749998
1 0.554790015625 0.29240415625 0.5278678578125 0.31532262499999997 0.546875275 0.3493916640625 0.553799459375 0.34844256875 0.5825904328125 0.324705165625 0.5631996796875 0.2887189453125 0.554790015625 0.29240415625
1 0.5245459546875 0.21738556562500003 0.503525753125 0.23424245625 0.5121269078124999 0.2721765859375 0.5226609453125 0.2689505578125 0.5455499640625 0.25127472968750003 0.533890025 0.2132908859375 0.5245459546875 0.21738556562500003
12 0.3744735375 0.33597315 0.3973704734375 0.3335850453125 0.42204839843749997 0.32485605624999997 0.466221096875 0.306889178125 0.4725463421875 0.29786189687500003 0.46837750156249996 0.287177753125 0.462004384375 0.28580020156249997 0.41961267500000005 0.29742619531250003 0.3945114578125 0.3091208921875 0.3713668859375 0.32551859843750003 0.3744735375 0.33597315