4 0.7850217703125 0.8450790937500001 0.7895651203125 0.8580045734375 0.8032540109375 0.8804335421875 0.815846978125 0.8943398078125 0.816821134375 0.90191554375 0.8227627953125 0.9089101828124999 0.8303253390625001 0.9061031015625 0.8274238437499999 0.8891407140625001 0.8374386796875 0.877395865625 0.8383499140625 0.8676771578125001 0.8310897625000001 0.8560306984375 0.8252069499999999 0.8326885828125 0.802716846875 0.7978322140625 0.7969767765625 0.7812018796875 0.783250009375 0.7808852015625 0.7941023609375 0.8204671796874999 0.7899683046875 0.8387331859374999 0.7850217703125 0.8450790937500001
4 0.1937004234375 0.6999011640624999 0.1950818328125 0.721847425 0.1830009875 0.75113575625 0.1806914375 0.76678530625 0.183815496875 0.7798768125 0.19036600625 0.7916062875 0.193511040625 0.8104626078124999 0.18879114218749998 0.846579553125 0.1961182859375 0.9091623703125 0.2071492234375 0.9165228843750001 0.21375858124999997 0.9119048843750001 0.2264692484375 0.8931162015625 0.2483464359375 0.8895958203125 0.2541243796875 0.8841138640624999 0.27492254374999997 0.844193678125 0.26633982968750003 0.7942534796875 0.271059728125 0.7581365375 0.26495435 0.7386653015625 0.23530488906249997 0.6873446265625 0.20028880781249997 0.6895183484375 0.1937004234375 0.6999011640624999
8 0.2904141453125 0 0.257742465625 0.0038219000000000005 0.255146425 0.44952683281250005 0.2583922546875 0.46356530625000003 0.2658749734375 0.4713408859375 0.2978718609375 0.4848997265625 0.3984227703125 0.51062461875 0.42733754375000005 0.5226215796875 0.43849024999999997 0.530929059375 0.45313232656249997 0.5551689468750001 0.46462936718750003 0.5605525124999999 0.4841550578125 0.5611520484375 0.494959359375 0.5387415265625 0.5090304640625 0.53613429375 0.5484681234375001 0.5459390859375 0.5858566749999999 0.545410253125 0.6123780046875 0.5499975046875 0.6540284875 0.5826125125 0.6688092343750001 0.5799222625 0.68227149375 0.5725801953125 0.6988368375 0.5725648203125 0.7112451156249999 0.568229678125 0.71489413125 0.5629967640625 0.7140207703125 0.5506031828125 0.7004705515625 0.5012440781249999 0.6991101125 0.48506263125000004 0.7083145078124999 0.4782186421875 0.7577460296874999 0.47051376874999995 0.76399008125 0.46305487031250003 0.757212934375 0.42155435781249995 0.7446199671875 0.40764809375000005 0.698266490625 0.3832729265625 0.678745496875 0.25387053593750003 0.6733876375000001 0.212204 0.6747649796874999 0.20050834375 0.6899069671875 0.1670170796875 0.7266995046875 0.10023439375000001 0.7578778109375001 0.051410260937499994 0.7778445609375 0.010626121875 0.7835007375 0.0041972 0.816631425 0.0041664515625 0.8186223125 0 0.2904141453125 0
8 1 0.217401340625 0.9931562906250001 0.16417975468749998 0.9708291499999999 0.172603534375 0.9215863875 0.2321917328125 0.899385840625 0.2444008421875 0.875845828125 0.24619331875 0.8441384968750001 0.27969995625 0.834732509375 0.296179640625 0.837634003125 0.313142028125 0.843697434375 0.321083634375 0.88461323125 0.3143749234375 0.8887283531250001 0.30716506250000003 0.8839414640625 0.292345646875 0.8910169281250001 0.2857507 0.9016615859374999 0.28450549999999997 0.9105426171875 0.2863502390625 0.9196881625 0.295853725 0.9408976499999999 0.303945984375 0.98019256875 0.30703899375 0.986600334375 0.31205668750000004 0.9879397984375 0.3224733203125 0.957735646875 0.37887319062499997 0.9513698265625001 0.3853851234375 0.9510464656250001 0.394073853125 0.9469313453125 0.40128371406249996 0.9702697656250001 0.40912693281249995 0.9890228890625 0.3925150421875 1 0.38754004375 1 0.217401340625
5 0.8489585671875 0.4012099359375 0.8544131500000001 0.40441670781249994 0.9460789593750001 0.3946549453125 0.9616282015625 0.3755342078125 0.9957249062500001 0.3157953609375 0.9948725187499999 0.30916659375 0.8729355703125 0.324391865625 0.8342495015625 0.3260336890625 0.832364109375 0.3281766625 0.8340688828125 0.341434196875 0.8489585671875 0.4012099359375
5 0.5068304718750001 0.4518050578125 0.51204151875 0.4531178984375 0.62653769375 0.44164667343749997 0.630774584375 0.4353837796875 0.6364476640625 0.40107775468750007 0.6358178437500001 0.39057810625 0.6303632593749999 0.3873713328125 0.5056885328125 0.3981108125 0.5004984593749999 0.40256278593749995 0.5023080984375 0.44464439218749996 0.5068304718750001 0.4518050578125
10 0.7413857234375001 0.6569801375 0.8538957125 0.652469734375 0.9624712000000001 0.6397686828125 0.9708651546875 0.6378255562499999 0.9779406171874999 0.631230609375 0.9713481625 0.6079715046875 0.9120451734374999 0.4716882375 0.9058599718749999 0.4627996625 0.8195060062499999 0.46905641875 0.753001090625 0.4672239859375 0.7020285109375 0.47414791562499997 0.6946087109375 0.4836667765625 0.698383565625 0.513022746875 0.7078355703125 0.5417146093749999 0.7246735656250001 0.6166418140625 0.7413857234375001 0.6569801375
10 1 0.528340234375 0.942954275 0.544008209375 0.9453686921875001 0.5571827296875 0.9724650609375001 0.6222590203125 0.9675395015625 0.6343697421875001 0.79734678125 0.6552399265625 0.8290913640625 0.76206576875 0.8434310500000001 0.8007591968750001 1 0.7724125453124999 1 0.528340234375
1 0.44169131406249995 0.17490645 0.48590771874999994 0.13224682031249999 0.48564320624999996 0.1245880734375 0.46374097968749994 0.088701725 0.4126466296875 0.0946786890625 0.3900009515625 0.11462956093750001 0.3884808671875 0.1196134328125 0.4252477375 0.1758687890625 0.43070232031250005 0.1790755640625 0.44169131406249995 0.17490645
1 0.3016980484375 0.268179615625 0.3403503109375 0.32229199999999997 0.3809806203125 0.3021597265625 0.380959646875 0.2963949125 0.34536852812499996 0.23807959687500002 0.3395696078125 0.2377967375 0.3001360171875 0.2616338625 0.3016980484375 0.268179615625
1 0.521939278125 0.311623228125 0.5171943390625 0.308333440625 0.46557503437500003 0.332634828125 0.46762414375 0.34296845 0.48715390156250005 0.37720990625 0.5287373984375 0.358888553125 0.539239309375 0.3509315734375 0.53623701875 0.3387870296875 0.521939278125 0.311623228125
1 0.4121711390625 0.35426134375 0.3699578234375 0.362083046875 0.359922015625 0.3680630828125 0.363999259375 0.382965509375 0.3768567390625 0.40453052500000003 0.4215642921875 0.39930068125 0.4279301109375 0.392788746875 0.4253939265625 0.3786672578125 0.4121711390625 0.35426134375
12 0.45155808750000004 0.4476974421875 0.438885296875 0.44437383593749996 0.42816081875 0.4562016984375 0.42761488906249995 0.4687613046875 0.4335437171875 0.5372749671875 0.4442932421875 0.564853834375 0.4551814328125 0.5655025671875 0.4589522203125 0.56121661875 0.459498146875 0.5486570109375 0.4639576015625 0.5385232375 0.46255521875000005 0.5108121609375 0.4566683359375 0.45382812968749997 0.45155808750000004 0.4476974421875