4 0.171835421875 0.5921495671875 0.158065746875 0.577576375 0.1418136421875 0.577630559375 0.1369245171875 0.580794515625 0.1286717875 0.6019462859375 0.1211687484375 0.6124984546875 0.1120217734375 0.618999128125 0.1055905953125 0.6280438453125 0.095427509375 0.66938194375 0.084899571875 0.686309453125 0.06852559999999999 0.7358521578125 0.06100603125 0.76710895 0.0653657640625 0.7737044875 0.0773600203125 0.77698701875 0.09467091250000001 0.7574138515625 0.11070272343750001 0.7581997703125001 0.12512020468750001 0.75224110625 0.15044700312499998 0.733060896875 0.15687818281250002 0.7240161796875 0.165660303125 0.6931049203125 0.1829285203125 0.658213309375 0.1860718296875 0.641065603125 0.171835421875 0.5921495671875
4 0.6098257031250001 0.8569807515625 0.6032891890625 0.8948093671875 0.5924094734375001 0.9053378203125 0.590749009375 0.921990946875 0.5940499515625 0.94810546875 0.5986003734375 0.9565539875000001 0.596778821875 0.968661040625 0.599876 0.9749110484375001 0.606629353125 0.9749584765625 0.613780615625 0.958007253125 0.6242197453125 0.9491590171875 0.627053953125 0.94093069375 0.6250582421875001 0.9304801421875 0.626777909375 0.9084408328125001 0.62566336875 0.8946298468749999 0.620481671875 0.8860085625 0.6204555234375 0.8499855000000001 0.61710845 0.8472686921875001 0.6098257031250001 0.8569807515625
8 0.55849273125 0.6115299921874999 0.6044279125 0.6376072859375 0.613176978125 0.64810526875 0.620972590625 0.6493383359375 0.6286367187499999 0.643332240625 0.6364227109375 0.587837628125 0.63840535 0.5802766484374999 0.6456584953125 0.5732576796875 0.6488444796875 0.5714284125 0.6900681515625 0.5845111109375 0.7048374109375 0.584951503125 0.7114758078125 0.5570551484374999 0.717686690625 0.5488505406249999 0.7173941187499999 0.5370653015625 0.682940328125 0.5033254109375 0.677347646875 0.4936912515625 0.6765848859375 0.486279321875 0.711789109375 0.336543471875 0.728468728125 0.31679753593750004 0.8166209984374999 0.24638089375 0.8708715687499999 0.20720407968750001 0.8836155124999999 0.1998870140625 0.8992067374999999 0.20235315312500002 0.9070615546875 0.19820004062500002 0.9118191953125001 0.1877969203125 0.9099714984375 0.1638809125 0.9104838453124999 0.1614324875 0.5393508515625001 0.059862515625 0.4190146125 0.046506403125 0.2844306109375 0.3717531609375 0.2744155390625 0.3996258015625 0.277012925 0.41294221093749994 0.381903271875 0.490269590625 0.3963930328125 0.4969362734375 0.42378782499999995 0.5008319625000001 0.45894517031250004 0.54736996875 0.4752399515625 0.5626342203125 0.5262549484375 0.5874005421875 0.55849273125 0.6115299921874999
8 0.8517018640625 0.49188584375 0.85573941875 0.4893892328125 0.8579719546875 0.478295053125 0.8605266640625 0.47629302031250004 0.8658267734375 0.47414194062500004 0.875295921875 0.47673341406249997 0.8912389265625 0.48559860937500005 0.8961707296875 0.49775309375 0.9107919734375001 0.5116589421875 0.940813753125 0.5261779484375 0.9389625984375 0.5409780953125 0.8874574281250001 0.5800058578125 0.88550439375 0.5848737453124999 0.8921689374999999 0.59300045 0.8939739609374999 0.6015980187500001 0.902591540625 0.6048568359375001 0.9246139421875 0.598278259375 0.9450942953125001 0.5975804421875 0.9521305312499999 0.593419921875 0.9701916421875 0.41139948750000005 0.9586905531250001 0.41671989062500003 0.9331730625000001 0.43404711875 0.9014020125 0.4442605125 0.8769729140625 0.43937566562499997 0.8628053296875 0.4418011296875 0.830564090625 0.4563878328125 0.8184218203125001 0.46657075781249996 0.815337715625 0.4783322796875 0.8209007937499999 0.490659528125 0.8517018640625 0.49188584375
5 0.94880005625 0.529264003125 0.8789486421875001 0.5092469890625 0.86354810625 0.5086338328125 0.8088769375 0.49007008750000003 0.7954521296875 0.5593282562499999 0.881907425 0.5856901375 0.9459362453125 0.540185415625 0.9504143859375 0.5360085890625 0.94880005625 0.529264003125
5 0.489033065625 0.4790704859375 0.4942443671875 0.4849986796875 0.5933251953124999 0.5148158578124999 0.60140030625 0.5098226375 0.61709686875 0.4835048796875 0.6197403875 0.47342357343749997 0.61661360625 0.4698666578125 0.506390090625 0.4360996015625 0.5008696890625 0.43909079218749997 0.48997344375 0.47032386875 0.489033065625 0.4790704859375
10 0.6274925765625 0.6322143437500001 0.6162114953125 0.6984576078125 0.61487320625 0.724202884375 0.6185424546875 0.7360118390625 0.7394384671875 0.7781020796875 0.8086586046875001 0.797946328125 0.8232371734375 0.7965337359375 0.8267618640625001 0.783091996875 0.8273373890625001 0.7499347921874999 0.82492453125 0.643027528125 0.8206536078125 0.6283527171875 0.8084982625 0.6205241109374999 0.765130865625 0.610456315625 0.65373360625 0.5682644578125 0.6376721921875 0.570171625 0.63159279375 0.5856154 0.6274925765625 0.6322143437500001
10 0.824588534375 0.7887999921875 0.8206824640624999 0.79853576875 0.664346153125 0.75484996875 0.6532357765625 0.8823669875 0.6546002125 0.8926447734374999 0.871268940625 0.9371749250000001 0.9292861968749999 0.7159205921875 0.8244047546875001 0.7095147046875 0.82245171875 0.7143825921875 0.824588534375 0.7887999921875
1 0.583942890625 0.19710897968750002 0.5754045 0.1290432046875 0.571616840625 0.128006615625 0.5035373921875 0.1579964171875 0.515541265625 0.21800663281250002 0.52031198125 0.2256150453125 0.5781429890625 0.2063264625 0.583252409375 0.20232239999999999 0.583942890625 0.19710897968750002
1 0.391241684375 0.3127457578125 0.40219367968749997 0.3148426515625 0.43346493906249994 0.3116956546875 0.4344645234375 0.2975628546875 0.42514684062499997 0.242789771875 0.383525259375 0.2467057296875 0.3786361359375 0.24986968437499998 0.391241684375 0.3127457578125
1 0.5487517421875 0.3648563609375 0.5371684671875 0.36258670312499997 0.5008469953125 0.364351578125 0.49469531718750004 0.3671700046875 0.49334395468750003 0.3749037484375 0.49800933281250004 0.41129605625 0.5499516343749999 0.409304228125 0.553226428125 0.3993956875 0.5487517421875 0.3648563609375
1 0.391251303125 0.36947343906249996 0.3955945046875 0.3967736 0.4404447484375 0.40634681562499997 0.44479140624999997 0.39493082031250004 0.44174035937499995 0.36528309999999997 0.398563653125 0.3570682890625 0.39304325 0.360059478125 0.391251303125 0.36947343906249996
12 0.42000362031250005 0.46107922187500006 0.4025873875 0.5094362890624999 0.3968597671875 0.5312791171875 0.396813634375 0.55467683125 0.41007044531250003 0.55830489375 0.41397651562500004 0.5485691171875 0.42183133437500003 0.5444160046875 0.43121512968750003 0.5163705984375 0.4448437 0.4669769453125 0.438649346875 0.4544769296875 0.4298114734375 0.45205822187500005 0.42000362031250005 0.46107922187500006