4 0.676875 0.4066666671875 0.681875 0.3916666671875 0.68625 0.3566666671875 0.6849999999999999 0.3408333328125 0.6725 0.31916666718750003 0.658125 0.305 0.649375 0.3025 0.64 0.30416666718749996 0.619375 0.335 0.6174999999999999 0.355 0.6212500000000001 0.3641666671875 0.621875 0.38333333281250004 0.630625 0.42750000000000005 0.645 0.44166666718750003 0.658125 0.44166666718750003 0.666875 0.42083333281249996 0.676875 0.4066666671875
8 0.23500000000000001 0.7175 0.200625 0.7625 0.19437500000000002 0.765 0.18812500000000001 0.7741666671874999 0.17625 0.7833333328125 0.15375 0.7849999999999999 0.153125 0.7958333328125 0.16999999999999998 0.8133333328125 0.18625 0.825 0.36375 0.9441666671875 0.390625 0.9566666671874999 0.41624999999999995 0.9741666671875 0.42750000000000005 0.9783333328125 0.4325 0.9766666671875001 0.44000000000000006 0.9616666671875 0.46187500000000004 0.8875 0.48312499999999997 0.8275 0.49375 0.8141666671875001 0.5037499999999999 0.8166666671874999 0.51 0.8141666671875001 0.5193749999999999 0.795 0.5225 0.7825 0.521875 0.7458333328125 0.5287499999999999 0.7116666671874999 0.54 0.7183333328125 0.540625 0.7341666671875 0.5431250000000001 0.7391666671875 0.54625 0.7375 0.5493750000000001 0.7208333328125 0.54875 0.7083333328125 0.55375 0.705 0.5587500000000001 0.6591666671875 0.566875 0.575 0.564375 0.5583333328125 0.553125 0.5508333328125 0.4425 0.5208333328125 0.36124999999999996 0.5075000000000001 0.33875 0.49749999999999994 0.3125 0.49749999999999994 0.299375 0.49083333281249997 0.29 0.4916666671875 0.2875 0.5191666671874999 0.27875 0.5316666671875 0.23937499999999998 0.545 0.240625 0.5575 0.2525 0.5558333328125 0.255 0.5591666671875 0.256875 0.5733333328125 0.263125 0.5858333328125 0.26875 0.6266666671875 0.26875 0.6833333328125 0.23500000000000001 0.7175
4 0.371875 0.9400000000000001 0.305 0.8949999999999999 0.29500000000000004 0.8949999999999999 0.29812500000000003 0.9183333328125001 0.31875 0.9833333328125 0.320625 0.9991666671875 0.3825 0.9991666671875 0.40875000000000006 0.9683333328125 0.406875 0.96 0.4025 0.9566666671874999 0.371875 0.9400000000000001
4 0 0.9991666671875 0.21812499999999999 0.9991666671875 0.26937500000000003 0.9116666671875 0.275625 0.8941666671874999 0.275 0.8800000000000001 0.253125 0.8625 0.17375000000000002 0.8158333328125 0.146875 0.7875 0.141875 0.7658333328125 0.12625 0.7666666671875 0.10874999999999999 0.7741666671874999 0.1 0.7816666671875 0.09375 0.7825 0.091875 0.78 0.08875 0.7725 0.090625 0.7483333328125 0.109375 0.7116666671874999 0.11625 0.7041666671875 0.12625 0.7016666671875 0.141875 0.6891666671875 0.15812500000000002 0.6716666671875 0.15812500000000002 0.6658333328125 0.14875 0.655 0.14250000000000002 0.6533333328125 0.11000000000000001 0.6566666671875 0.091875 0.6525000000000001 0.074375 0.6433333328125 0.064375 0.6333333328124999 0.057499999999999996 0.6316666671875 0.046875 0.6158333328125 0.046875 0.5925 0.04375 0.585 0.045625 0.5491666671875 0.042499999999999996 0.5291666671875 0.021249999999999998 0.4966666671875 0.00375 0.4841666671875 0 0.4841666671875 0 0.9991666671875
10 0.27875 0.5349999999999999 0.284375 0.5308333328125 0.289375 0.5208333328125 0.27625 0.42000000000000004 0.268125 0.41 0.23125 0.4058333328125 0.13625 0.4066666671875 0.11374999999999999 0.40833333281249995 0.103125 0.41500000000000004 0.1025 0.4216666671875 0.115625 0.4658333328125 0.12062500000000001 0.49416666718749996 0.13374999999999998 0.5233333328125 0.13999999999999999 0.5308333328125 0.165625 0.5349999999999999 0.2375 0.5375 0.27875 0.5349999999999999
10 0.11937500000000001 0.47000000000000003 0.1075 0.425 0.1075 0.4175 0.110625 0.4125 0.134375 0.40833333281249995 0.21375000000000002 0.40499999999999997 0.22562500000000002 0.4 0.22875 0.39416666718750004 0.22625 0.3675 0.21749999999999997 0.3333333328125 0.21375000000000002 0.3275 0.20750000000000002 0.325 0.145625 0.325 0.130625 0.32 0.044375 0.325 0.009375 0.3225 0.000625 0.325 0 0.4691666671875 0.008125 0.4725 0.03125 0.49583333281249997 0.039375 0.5 0.065625 0.4966666671875 0.11374999999999999 0.49833333281250003 0.118125 0.4875 0.11937500000000001 0.47000000000000003
5 0.173125 0.5783333328125 0.17124999999999999 0.5741666671875 0.151875 0.5741666671875 0.099375 0.5791666671875 0.05625 0.6233333328125 0.05625 0.6283333328125 0.075 0.6283333328125 0.11625 0.6241666671874999 0.12562500000000001 0.6191666671875 0.13625 0.6183333328125 0.17250000000000001 0.6208333328125 0.175 0.6183333328125 0.173125 0.5783333328125
5 0.325 0.5733333328125 0.325 0.5791666671875 0.33625 0.5833333328125 0.405625 0.5808333328125 0.41 0.5766666671875 0.4125 0.5608333328125 0.334375 0.5599999999999999 0.32999999999999996 0.5625 0.325 0.5733333328125
1 0.37976875 0.7179433328125 0.39299249999999997 0.752425 0.4391075 0.7217008328125 0.42147500000000004 0.6909775 0.37976875 0.7179433328125
1 0.46538562499999997 0.6309133328125001 0.47911875000000004 0.665675 0.51031375 0.6512166671874999 0.49471625 0.6232041671874999 0.46538562499999997 0.6309133328125001
1 0.452670625 0.5890933328125 0.45877375000000004 0.606035 0.488613125 0.6015166671875 0.48454375 0.5807333328125 0.452670625 0.5890933328125
1 0.378073125 0.6071774999999999 0.3855325 0.6277225 0.420796875 0.6195891671875 0.41401562500000005 0.5951908328125 0.378073125 0.6071774999999999
12 0.449375 0.4875 0.44375 0.49916666718749997 0.445 0.5549999999999999 0.45 0.5608333328125 0.459375 0.5591666671875 0.465 0.5458333328125 0.4625 0.5 0.4575 0.49083333281249997 0.45062499999999994 0.49083333281249997 0.449375 0.4875
10 0.8631249999999999 0.3075 0.813125 0.3066666671875 0.811875 0.3091666671875 0.8074999999999999 0.33999999999999997 0.8550000000000001 0.3408333328125 0.8631249999999999 0.3075
10 0.8787499999999999 0.3375 0.906875 0.33999999999999997 0.9099999999999999 0.3358333328125 0.9193749999999999 0.3325 0.93 0.30333333281249997 0.883125 0.3 0.8768750000000001 0.32083333281250004 0.8787499999999999 0.3375
10 0.723125 0.31916666718750003 0.728125 0.3233333328125 0.733125 0.2975 0.69875 0.2958333328125 0.6956249999999999 0.3116666671875 0.6950000000000001 0.3225 0.723125 0.31916666718750003
10 0.786875 0.3083333328125 0.7837500000000001 0.3266666671875 0.80625 0.3283333328125 0.81125 0.3116666671875 0.81975 0.3066666671875 0.8306250000000001 0.3066666671875 0.8324999999999999 0.2991666671875 0.79 0.2975 0.786875 0.3083333328125
0 0.586875 0.34249999999999997 0.5900000000000001 0.3416666671875 0.591875 0.3291666671875 0.573125 0.3275 0.568125 0.3325 0.56875 0.3408333328125 0.586875 0.34249999999999997