8 0.728125 0.63 0.59875 0.615 0.593125 0.6075 0.593125 0.5991666671875 0.5962500000000001 0.5816666671874999 0.6056250000000001 0.5733333328125 0.579375 0.5725 0.571875 0.5775 0.571875 0.5900000000000001 0.5675 0.6116666671875 0.559375 0.6166666671875001 0.525625 0.6166666671875001 0.49812500000000004 0.6125 0.48125 0.6141666671875 0.47625 0.6216666671875 0.45999999999999996 0.6683333328125001 0.459375 0.6799999999999999 0.47375 0.6841666671875 0.999375 0.7233333328125 0.999375 0.5900000000000001 0.68625 0.5775 0.686875 0.5808333328125 0.6956249999999999 0.585 0.7381249999999999 0.5900000000000001 0.7424999999999999 0.5958333328125 0.748125 0.6233333328125 0.74375 0.63 0.728125 0.63
8 0.388125 0.625 0.398125 0.5966666671875 0.398125 0.5875 0.39249999999999996 0.5833333328125 0.365 0.5833333328125 0.36 0.5933333328125 0.344375 0.5808333328125 0.323125 0.5791666671875 0.3175 0.5708333328124999 0.315625 0.5625 0.305 0.5558333328125 0.1875 0.5525 0.175625 0.5533333328125 0.14750000000000002 0.5700000000000001 0.141875 0.5766666671875 0.04625 0.6416666671875 0.045 0.6466666671875 0.058125 0.65 0.213125 0.6633333328125001 0.425625 0.6758333328125 0.4325 0.6733333328125 0.436875 0.6666666671875 0.445625 0.6375 0.44312500000000005 0.6341666671875 0.42062499999999997 0.6375 0.39 0.6366666671875 0.3875 0.6325000000000001 0.388125 0.625
5 0.5962500000000001 0.5974999999999999 0.5962500000000001 0.6091666671875 0.6025 0.615 0.735 0.6308333328125 0.74875 0.6283333328125 0.745625 0.5958333328125 0.740625 0.5900000000000001 0.691875 0.5841666671875 0.671875 0.5766666671875 0.60375 0.5775 0.600625 0.5808333328125 0.5962500000000001 0.5974999999999999
5 0.018125 0.5549999999999999 0.016875 0.5641666671875 0.01875 0.5650000000000001 0.08875 0.5825 0.10187500000000001 0.58 0.12375 0.5666666671875 0.12625 0.5616666671874999 0.12375 0.5566666671875 0.1 0.5458333328125 0.045625 0.5416666671875 0.029375000000000002 0.5458333328125 0.02 0.5508333328125 0.018125 0.5549999999999999
5 0.39 0.6358333328125 0.43499999999999994 0.6325000000000001 0.43562500000000004 0.6208333328125 0.44125 0.6075 0.44749999999999995 0.58 0.44312500000000005 0.5608333328125 0.434375 0.5566666671875 0.42125 0.5616666671874999 0.388125 0.6275000000000001 0.3875 0.6325000000000001 0.39 0.6358333328125
10 0.5743750000000001 0.5491666671875 0.5756249999999999 0.5599999999999999 0.5806250000000001 0.5666666671875 0.759375 0.5683333328125 0.76375 0.5658333328125 0.7681250000000001 0.4516666671875 0.7693749999999999 0.43333333281249997 0.7725 0.42416666718749996 0.6240625 0.425 0.5825 0.4225 0.575 0.425 0.5743750000000001 0.5491666671875
10 0.268125 0.4216666671875 0.268125 0.4516666671875 0.273125 0.5 0.27937500000000004 0.5341666671875 0.32875 0.545 0.3625 0.5566666671875 0.38375 0.5691666671875 0.39375 0.5666666671875 0.39249999999999996 0.48 0.38625 0.43333333281249997 0.316875 0.42083333281249996 0.276875 0.4183333328125 0.268125 0.4216666671875
10 0.5706249999999999 0.3483333328125 0.566875 0.35 0.5662499999999999 0.3633333328125 0.56125 0.37666666718749997 0.5587500000000001 0.40416666718750005 0.561875 0.4091666671875 0.56875 0.41166666718749995 0.5818749999999999 0.4091666671875 0.6443749999999999 0.4108333328125 0.6487499999999999 0.4058333328125 0.65125 0.3958333328125 0.651875 0.3866666671875 0.6481250000000001 0.37666666718749997 0.65 0.3508333328125 0.6443749999999999 0.3483333328125 0.5706249999999999 0.3483333328125
10 0 0.5308333328125 0.0475 0.5316666671875 0.051875000000000004 0.5266666671875 0.04375 0.4891666671875 0.04 0.45499999999999996 0.0325 0.42416666718749996 0.025625 0.4166666671875 0 0.4166666671875 0 0.5308333328125
10 0.311875 0.3958333328125 0.318125 0.3908333328125 0.3175 0.35 0.253125 0.34750000000000003 0.24312499999999998 0.3508333328125 0.24312499999999998 0.37333333281250003 0.24500000000000002 0.3916666671875 0.2475 0.3958333328125 0.311875 0.3958333328125
10 0.094375 0.3958333328125 0.1 0.3916666671875 0.1025 0.35750000000000004 0.1 0.35 0.034375 0.35 0.033125 0.36666666718749996 0.040625 0.3908333328125 0.045625 0.395 0.094375 0.3958333328125
10 0.780625 0.3116666671875 0.7837500000000001 0.31916666718750003 0.8243750000000001 0.32166666718750003 0.83125 0.3175 0.8324999999999999 0.2983333328125 0.83625 0.2875 0.83375 0.27999999999999997 0.7931250000000001 0.2766666671875 0.784375 0.28250000000000003 0.7837500000000001 0.3016666671875 0.780625 0.3116666671875
10 0.36062500000000003 0.33166666718750004 0.37625000000000003 0.3325 0.385625 0.3233333328125 0.399375 0.3225 0.405625 0.3175 0.40625 0.29500000000000004 0.401875 0.2916666671875 0.361875 0.2916666671875 0.356875 0.2983333328125 0.35562499999999997 0.31916666718750003 0.36062500000000003 0.33166666718750004
10 0.414375 0.2941666671875 0.41500000000000004 0.2983333328125 0.42437500000000006 0.3066666671875 0.425 0.3233333328125 0.42750000000000005 0.3266666671875 0.438125 0.3308333328125 0.45 0.3308333328125 0.458125 0.3258333328125 0.46187500000000004 0.3025 0.46187500000000004 0.29500000000000004 0.459375 0.2916666671875 0.421875 0.2908333328125 0.414375 0.2941666671875
0 0.49874999999999997 0.4025 0.47625 0.40416666718750005 0.471875 0.40750000000000003 0.46875 0.41916666718749995 0.46875 0.43166666718749996 0.47375 0.44000000000000006 0.5037499999999999 0.44333333281250004 0.524375 0.44166666718750003 0.5287499999999999 0.43333333281249997 0.531875 0.43333333281249997 0.53625 0.4233333328125 0.534375 0.4183333328125 0.5175 0.4025 0.50625 0.3966666671875 0.49874999999999997 0.4025
0 0.85 0.4375 0.849375 0.4425 0.8643750000000001 0.4516666671875 0.934375 0.4625 0.95375 0.47000000000000003 0.965625 0.4658333328125 0.963125 0.43916666718749997 0.9506249999999999 0.42750000000000005 0.95 0.4225 0.90625 0.4225 0.884375 0.4291666671875 0.86 0.43 0.85 0.4375
4 0.778125 0.315 0.77125 0.31 0.760625 0.3091666671875 0.750625 0.3158333328125 0.7424999999999999 0.3333333328125 0.6993750000000001 0.3908333328125 0.70875 0.41916666718749995 0.77625 0.42000000000000004 0.780625 0.4025 0.7993750000000001 0.3875 0.8025 0.3791666671875 0.8018750000000001 0.3708333328125 0.79375 0.35583333281249996 0.7825 0.3516666671875 0.780625 0.32166666718750003 0.778125 0.315