4 0.2733858703125 0.6412654812499999 0.333880040625 0.5935211203125 0.34454610625000004 0.5751481421875 0.3412893203125 0.5689139703125 0.3170824125 0.551340721875 0.2957268921875 0.5531966109375 0.279145821875 0.5594252171874999 0.26247553125 0.5012164718750001 0.2739899390625 0.4895626984375 0.289025053125 0.488757403125 0.2969055671875 0.4805025703125 0.288289903125 0.4677907796875 0.2694418703125 0.456695146875 0.25744207812500003 0.4537775296875 0.2294880875 0.4538506375 0.1972591796875 0.46234149375 0.1858721109375 0.4579669203125 0.1741503828125 0.45788268125 0.114844121875 0.46960399375 0.085429065625 0.46441485 0.079636490625 0.4746940546875 0.065783890625 0.46807669843750005 0.11166285625000001 0.7945225078125 0.1650045328125 0.823393246875 0.1981482140625 0.8044424234375 0.21503564531250002 0.7974853390625001 0.229472184375 0.796356071875 0.2711134140625 0.7759679984375001 0.2859270578125 0.7652056171875 0.2883921015625 0.7575968765625001 0.2651940828125 0.6887007125 0.2597127796875 0.6597995203125 0.2733858703125 0.6412654812499999
10 0.4912890671875 0.151084853125 0.381429375 0.094307084375 0.2329120890625 0.0228662640625 0.216137846875 0.015575928125 0.20212393906249998 0.01395296875 0.19460105625 0.03184111875 0.19465498750000002 0.0334601609375 0.21483674531250002 0.0658463921875 0.22752865781249998 0.20864824999999998 0.24927052187499998 0.233830240625 0.33738835 0.2654260203125 0.3407441828125 0.2591937015625 0.34509475312500004 0.20341939843749998 0.3532250328125 0.20155979531249998 0.4699188140625 0.26829650625 0.48833372812500003 0.182574125 0.49305649375 0.1556186296875 0.4912890671875 0.151084853125
10 0.370918359375 0.2066647 0.35145760625 0.197026021875 0.3424223890625 0.199290125 0.33967928125 0.2040654890625 0.3365824546875 0.25336403281250003 0.33793033125 0.2728737015625 0.334541290625 0.32111979375 0.3374492734375 0.333425225 0.45372350156249996 0.4151378296875 0.47020553125 0.4213757125 0.4775299171875 0.4074541265625 0.5007192796875 0.3261044609375 0.505413746875 0.30271081718750004 0.50398098125 0.2938867125 0.463947215625 0.26327584375 0.370918359375 0.2066647
8 0.481390190625 0.3755603515625 0.4754278296875 0.4072106796875 0.47236421249999994 0.414495446875 0.46632187031249994 0.4183794203125 0.40828841562499996 0.3833921265625 0.385570871875 0.3675192734375 0.37543754687500003 0.356668940625 0.338952784375 0.33334469375000003 0.333956865625 0.3190148921875 0.3355594171875 0.30646787343750004 0.33212360625000004 0.2849338328125 0.3285463046875 0.2812090640625 0.3062292546875 0.2905931671875 0.2992678265625 0.29666256875 0.292249803125 0.3098556796875 0.288531015625 0.32394018281250003 0.2797738640625 0.3290376640625 0.130968690625 0.3316673078125 0.1270142859375 0.33757565 0.12780603125 0.3514185640625 0.13466842031249998 0.3578156515625 0.13694952656249998 0.3733589640625 0.14172397812499998 0.3777316796875 0.142822084375 0.39084611874999997 0.16524250468749999 0.4441184390625 0.1693900828125 0.4517290359375 0.17777012812499998 0.45626466718750003 0.20207607656249998 0.4613714265625 0.2453998375 0.4562026921875 0.2721425328125 0.45726256562499995 0.29674069375 0.46342177500000004 0.3081985046875 0.45889171093750003 0.319015296875 0.459380453125 0.3260050234375 0.44974919687500003 0.32487861875 0.44019661406250005 0.32009001875 0.43760482500000003 0.33735946875 0.38256270937500003 0.3451833875 0.38143158593750004 0.3506837515625 0.3700999296875 0.3546098578125 0.367753440625 0.3752536125 0.37982099375 0.3989419265625 0.4248366265625 0.4307463703125 0.4697735859375 0.43334798750000003 0.4828074953125 0.425033775 0.50781915 0.39017927812500003 0.5819608671875 0.3087491390625 0.6165852234375 0.27821691406250004 0.6385144890625 0.260339653125 0.6565616359375 0.25816682343749997 0.66522283125 0.282184884375 0.7444000546875 0.351338828125 0.9242451390624999 0.47555437968750003 0.9914757734374999 0.6292364046875 0.7963063421875 0.6795972515625001 0.7377116499999999 0.743730228125 0.6481164265625 0.743522909375 0.6363784124999999 0.7372873953125 0.626743446875 0.688444790625 0.5699018484375 0.5399422390625 0.3831052625 0.5282912546875 0.374116384375 0.5198829109374999 0.373142609375 0.4929470453125 0.3585637953125 0.4896336625 0.35945333281249997 0.481390190625 0.3755603515625
5 0.5015079859375 0.4727481703125 0.47289572968750004 0.49972213906249996 0.5662183296875 0.557382090625 0.5826686999999999 0.5287495765625 0.5015079859375 0.4727481703125
4 1 0.4102000890625 0.99275814375 0.40193209999999996 0.9737827749999999 0.40686481093750004 0.9528468078125 0.3937448078125 0.9338714375 0.39867751875 0.9257694546874999 0.3969752640625 0.9064452749999999 0.40797923437500005 0.8969056156249999 0.43590479843749996 0.8599539437500001 0.47135114843750003 0.8604344171875 0.5243744609375 0.8666840796875 0.5322285015625 0.8939404546875 0.5442979109375 0.9020990328125 0.5388764546875 0.912138228125 0.5237413578125001 0.9226911031249999 0.5196157968749999 0.9302652546875001 0.5120894390624999 0.9457765140625 0.48918454375 0.9791225906250001 0.4535752765625 1 0.41909319375000004 1 0.4102000890625
1 0.47735734843750005 0.70184320625 0.4723987421875 0.7595438234375 0.53143950625 0.759070309375 0.5262097671875 0.7059197046875 0.47735734843750005 0.70184320625
1 0.6034755296875 0.6675774578125 0.5986629609375 0.7216511671875 0.639226515625 0.7279503703125 0.636992046875 0.676420928125 0.6034755296875 0.6675774578125
1 0.6082522734375 0.5988313749999999 0.6031657296875 0.62568388125 0.6402634984375 0.6424082484375 0.6431172093749999 0.6137605859375 0.6082522734375 0.5988313749999999
1 0.5205031921875001 0.568642475 0.5195300671874999 0.597190125 0.5585612015625 0.6071331671875 0.5613975203125 0.580712715625 0.5205031921875001 0.568642475
12 0.6639715859375 0.49421463593750004 0.65423516875 0.48894488125 0.6357060875 0.5023985015625 0.6116408015625 0.550876546875 0.6175806625 0.5608004281250001 0.63186185625 0.5618210234375 0.65892300625 0.514964465625 0.6639715859375 0.49421463593750004