10 0.23340364062500002 0.1369166453125 0.24344669375 0.1645698625 0.24816563125000002 0.1673852265625 0.262124096875 0.16657864687499999 0.2758740671875 0.1622549203125 0.3010145390625 0.1521997859375 0.30359773749999996 0.14852132499999998 0.28159454375 0.0845026859375 0.27751633125 0.083635471875 0.25666764531249997 0.095207203125 0.22766253125000002 0.105044503125 0.23340364062500002 0.1369166453125
10 0.42156227968750004 0.709022659375 0.394626578125 0.6415392765625 0.24637709375 0.692456090625 0.30787115468750004 0.8880815500000001 0.3125850140625 0.8937646765625 0.3205278671875 0.8948497281250001 0.33922558125 0.8853874578125 0.454381584375 0.849176253125 0.4655585109375 0.8427954625 0.42156227968750004 0.709022659375
10 0.17544008125 0.49406766874999997 0.1769249453125 0.5043488703125 0.18143030468750002 0.5065148546875 0.3215233625 0.45386360468750003 0.29920472343750004 0.325455415625 0.24484556249999997 0.3446984671875 0.1814553703125 0.371080609375 0.1780128015625 0.375029303125 0.17984865156250002 0.42962571718750003 0.17616204062500002 0.4501316078125 0.17544008125 0.49406766874999997
10 0.498895709375 0.690437228125 0.47155316718750007 0.610184025 0.46898012656250004 0.6081269625 0.452865609375 0.6139107703125 0.43998009062500004 0.6150964984375 0.42086030625 0.620392240625 0.41762623281250005 0.6278580796875 0.44518234999999995 0.7087606640625 0.4511878046875 0.712604559375 0.49781260781250003 0.6957936046875 0.498895709375 0.690437228125
10 0.312110553125 0.3127986328125 0.33368659843750004 0.37551850625 0.34034293125000004 0.37557502343750004 0.38137926875 0.3619544625 0.38138942343750004 0.3562189375 0.361954196875 0.29712512812499997 0.312110553125 0.3127986328125
4 0.5018251375 0.85503716875 0.5122953406249999 0.88398915 0.5161599781249999 0.8842069828125 0.5514552078125 0.8387142781250001 0.5680019484375001 0.8313614734374999 0.5763922609375001 0.8222742375 0.5727970453125 0.79116039375 0.5603488296875 0.7879093609375001 0.5281401078125 0.7880059234375001 0.511837403125 0.778801534375 0.46911278593750005 0.77575598125 0.454289865625 0.7797005578125 0.448269178125 0.7844599515625 0.46856885625 0.8404157671875 0.4612565671875 0.847014390625 0.4633923078125 0.853508215625 0.470475790625 0.8548635000000001 0.49410093593750004 0.8517337390625 0.5018251375 0.85503716875
8 0.3272712015625 1 0.32722006718749996 0.995927334375 0.2755656375 0.8215701828125 0.27191457343750003 0.82200173125 0.2712484625 0.8343923984374999 0.280401678125 0.8795224265625 0.272011365625 0.8886096609375 0.251589828125 0.901480159375 0.237422865625 0.8987695953125 0.1992794453125 0.73377815 0.21091398749999998 0.7114895453125001 0.20877317187500002 0.707863484375 0.1894550453125 0.7039065531250001 0.1621328140625 0.6121823 0.1516219921875 0.6061724234375 0.09429310937499999 0.604853065625 0.08226188437500001 0.608636325 0.08160085156249999 0.61815923125 0.13956602812500002 0.8664853562499999 0.1730716671875 1 0.3272712015625 1
8 0 0.277075128125 0.0106178203125 0.3244852453125 0.075880053125 0.5748160359375001 0.0945523796875 0.5796925828124999 0.12354226093750001 0.5784585703125 0.156676040625 0.41971542656249994 0.1622848109375 0.4050539796875 0.1328166859375 0.31257142656250003 0.12489413906249999 0.300015325 0.1201701265625 0.3000677234375 0.112237428125 0.2932471484375 0.1114034421875 0.2791785671875 0.10413685156250001 0.2599673234375 0.0878392234375 0.2478951703125 0.0678651453125 0.2505933796875 0.060568090625 0.248588715625 0.049670740625 0.2183379703125 0 0.1819584796875 0 0.277075128125
8 0 0.6362523859375 0.0081371421875 0.634094734375 0.0605741375 0.609007240625 0.0762665828125 0.5990569046875 0.0739426546875 0.57757488125 0.0707238140625 0.5764374343750001 0.0494479828125 0.5867104000000001 0 0.6004063562499999 0 0.6362523859375
5 0.26619885 0.775790771875 0.260203546875 0.7662113500000001 0.246311084375 0.7297370125 0.242024375 0.72535265 0.23107625468749998 0.7237795328125001 0.210237725 0.7296157390625 0.204420453125 0.740760040625 0.23294796562500003 0.8793970359375001 0.24042813281250003 0.8992576609375 0.247298040625 0.8999635625 0.2591156921875 0.8955309187499999 0.27868293125 0.8800628921874999 0.2697636 0.8241111953125 0.279475975 0.7959781484375 0.2732823296875 0.7771460546875 0.26619885 0.775790771875
5 0.1060393515625 0.5194736765625 0.12485924687500001 0.5622805265624999 0.1499844859375 0.5608286796875 0.168016090625 0.5637570796875 0.1879901703125 0.56105886875 0.201943559375 0.5631200515625 0.21204754062500003 0.5563601109375 0.20478602656249997 0.53428110625 0.190629215625 0.5258350140625 0.164659834375 0.5189538015624999 0.1131329890625 0.515093434375 0.10862254843750001 0.5157952140625001 0.1060393515625 0.5194736765625
5 0.08852564375000001 0.22403345156249999 0.0988228890625 0.22939394375000002 0.102265459375 0.22544525 0.101024634375 0.1986068515625 0.0923138 0.1461722984375 0.09038973125000001 0.14140326718750001 0.06080207343750001 0.15070720937499998 0.062179887499999996 0.1871758421875 0.072019521875 0.20844415 0.08852564375000001 0.22403345156249999