10 0.45698265156250006 0.60483528125 0.549836971875 0.5829093765625 0.5531427953125 0.579431528125 0.5545715609374999 0.5676308859375 0.5528475375 0.5363454328125 0.5593841390625001 0.52873314375 0.5677968124999999 0.53753559375 0.571549940625 0.5622731234375 0.579138125 0.555761140625 0.5848472859375 0.5571102625 0.5868013515625 0.5499057484375001 0.5777211578125 0.4704584140625 0.566978221875 0.47366947656249997 0.5623196609375001 0.481512609375 0.550149928125 0.4803404203125 0.546170684375 0.46172507031250004 0.538433396875 0.458831925 0.45279106406249997 0.479054846875 0.44858374375 0.48274556874999996 0.4527022546875 0.5916855203125 0.45698265156250006 0.60483528125
10 0.48007785312499995 0.337075325 0.5304106875000001 0.33193321249999996 0.5465626140625 0.3274449109375 0.546038296875 0.3147568375 0.52996829375 0.263258096875 0.5192283078125 0.24219331875 0.4943625546875 0.2433447578125 0.4717500546875 0.248009990625 0.44493121875 0.24827399843750003 0.42960575 0.2518928359375 0.4455207484375 0.34253813437499997 0.44845037187500003 0.3438692859375 0.48007785312499995 0.337075325
10 0.4212005953125 0 0.4104900015625 0.0025291171875 0.41415575625 0.0438078640625 0.417835809375 0.0517049109375 0.443001734375 0.0531798265625 0.5028748484375 0.0505051140625 0.5107632062499999 0.046619489062500005 0.5058781640625 0 0.4212005953125 0
10 0.421508978125 0.1162455875 0.42000811875000005 0.1031137953125 0.41234980937500004 0.068509453125 0.403861109375 0.067142359375 0.36847754843749997 0.0734746328125 0.3735785015625 0.134306615625 0.4187284578125 0.12431956250000001 0.421508978125 0.1162455875
10 0.403231271875 0.304648065625 0.42839817968749994 0.298031034375 0.42254483125000003 0.24681704999999998 0.4120280078125 0.24390593593749998 0.393622828125 0.24488044531250003 0.38197839375 0.24830438125 0.380099371875 0.2561654859375 0.38662908906250004 0.30519682656249997 0.403231271875 0.304648065625
10 0.43430395937500005 0.5360163984375 0.438662346875 0.5255469078125 0.43363447187500004 0.481555409375 0.42777522343749996 0.47889310781249994 0.3999788625 0.48680534687500004 0.4050807984375 0.5395453828125001 0.4107899609375 0.540894503125 0.43430395937500005 0.5360163984375
4 0.413785778125 0.6157097703125001 0.39199875156249997 0.6275974859375 0.3894433578125 0.6376412296875 0.3983823140625 0.642947859375 0.42467585156250004 0.6380877265625 0.43323860937500003 0.64820335625 0.4414271375 0.6469440890625 0.44653890625 0.6187646515624999 0.45255020312500005 0.6065562359375 0.4502258390625 0.570018065625 0.434449128125 0.5777893140625 0.4249838890625 0.57597850625 0.42573333281250003 0.5906363484375 0.41769391093749997 0.6013007406249999 0.413785778125 0.6157097703125001
5 0.57305178125 0.5673129671875 0.5913068765625 0.565025278125 0.594087396875 0.5569513015625 0.5831301468750001 0.469181175 0.5789238109375 0.46477995156249996 0.561269059375 0.47232035625 0.5579632390625 0.4757982046875 0.5698970296875 0.5640120468750001 0.57305178125 0.5673129671875
5 0.5338180984374999 0.11062937343749998 0.5396032843749999 0.1045431359375 0.550124040625 0.07508646249999999 0.53548280625 0.0117870796875 0.532478140625 0.009799340625 0.525341196875 0.0121589140625 0.5160981359375 0.036593715625 0.52300306875 0.0889080046875 0.5338180984374999 0.11062937343749998
5 0.53296018125 0.37044115 0.5343109546875 0.38225976250000004 0.593962875 0.345247490625 0.5971975859375 0.3087452640625 0.5872060609374999 0.310430275 0.5421281984374999 0.34534976093749997 0.5370924578125 0.36609383906250004 0.53296018125 0.37044115
8 0.5435074828124999 0.12250189687499999 0.5338141656250001 0.14299716406250002 0.5297549640625 0.164184959375 0.5374804531249999 0.264181471875 0.5425122625000001 0.27580517968749996 0.54799629375 0.275184534375 0.5627935140625 0.2912454109375 0.5635429625 0.305903253125 0.5543018671875 0.3141541609375 0.5530241703125001 0.319176034375 0.55520238125 0.3220332359375 0.5606113703125 0.3207559984375 0.5714303328125 0.3101095765625 0.581196728125 0.3064547953125 0.5956947593749999 0.311797365625 0.5992958390625 0.3514056109375 0.6030509328125 0.359959246875 0.5826156625000001 0.375573628125 0.579007703125 0.392609015625 0.595364109375 0.560021378125 0.5803388109375 0.5662665734375001 0.573728153125 0.5651303265625 0.56771881875 0.5611548453124999 0.566368046875 0.5493362328125 0.562236753125 0.5455915984375 0.5616314953125 0.5807986203125 0.5713130125 0.6574067234375 0.5679311671875 0.66831993125 0.5748341328125 0.736818115625 0.57753764375 0.74427144375 0.5892561374999999 0.7495960453125 0.5896313531249999 0.7528789921875 0.5843714640625 0.7635613546875 0.57625798125 0.7654772109375 0.5753555015625 0.7737820328125 0.5834630859375001 0.8204178609375001 0.6699911875 0.9294532234374999 0.67322393125 0.909134890625 0.6594989421874999 0.7242434249999999 0.6546191859375 0.6977490000000001 0.6467318140625 0.6935426765625 0.6540198265625 0.6844043359375 0.6543219640625 0.6708468 0.6375952578125 0.459691753125 0.6334007203125 0.3581871578125 0.637457953125 0.35318325625 0.6437684406249999 0.35169314687500003 0.7019896296875 0.34266541093749997 0.7569810234375 0.3296801671875 0.8411195515625 0.32060129531250003 0.8381178328125 0.2943377140625 0.7452644953124999 0.308171671875 0.670440140625 0.3258401203125 0.6583454484375 0.32532451875 0.641292025 0.3300256921875 0.6244647125 0.3286046890625 0.61202135 0.10632356093749999 0.6000125187500001 0.017453128125 0.595955284375 0.022457029687499998 0.5658237453125 0.08284251718749999 0.562439928125 0.10993962187499999 0.5435074828124999 0.12250189687499999
12 0.611089159375 0.7344655 0.564757159375 0.7486831281249999 0.5552715515625 0.7574759265625 0.5473211484375 0.760081528125 0.5485009437499999 0.7681765171875 0.5664582265625 0.767940946875 0.6155877828125 0.7519710203125001 0.611089159375 0.7344655