4 0.48712708281249995 0.49327285625000006 0.47562014062499997 0.51372971875 0.47577974999999995 0.5235716015625 0.4655374046875 0.544421753125 0.47160311562499996 0.5552102203125 0.48045529218749994 0.5579632375 0.48490928593750005 0.5540072015625 0.49196223437500003 0.537506375 0.507380715625 0.5360700781250001 0.5241614609374999 0.516363159375 0.52714939375 0.51017076875 0.52568333125 0.50793441875 0.5048453890625 0.4961126171875 0.48712708281249995 0.49327285625000006
8 0.20986454375000002 0.22544290781249998 0.20204759375 0.2265726640625 0.2001227953125 0.231315275 0.2202586765625 0.256271796875 0.2887126453125 0.32652212187499996 0.30196300625 0.33598419218750003 0.3234611515625 0.342670090625 0.5129771062499999 0.3944877046875 0.519744875 0.392141453125 0.5189808734375 0.3767703796875 0.5224135921874999 0.36626530156250003 0.526638215625 0.3657987453125 0.6237967515625 0.3969051421875 0.64131359375 0.397901840625 0.6912791171875 0.41077044999999995 0.7048146578125001 0.40607794375 0.71738473125 0.38417130781250003 0.7193374343750001 0.37409614687500004 0.71407758125 0.3706799328125 0.3701491171875 0.25570673906249997 0.36257548906250003 0.25068073750000003 0.3307312015625 0.244338015625 0.313589384375 0.252359990625 0.20986454375000002 0.22544290781249998
8 1 0.444058915625 0.7602493171875 0.3823686765625 0.7421001765625 0.38117533593749997 0.7327613562499999 0.3907338265625 0.727000909375 0.40229539531249997 0.765369646875 0.4124476203125 0.77459685 0.424219309375 0.7758195890625 0.4326114171875 0.78718700625 0.43881728437499995 0.7938571109375 0.4551349421875 0.8069199609375 0.460087678125 0.8093933453125001 0.47153934687500004 0.8161192578125 0.47719191250000004 0.8641739359375 0.49213686093750003 0.9055027000000001 0.5014292453125 0.9517162906250001 0.5051191687500001 0.972637946875 0.5009433328124999 0.9832553171875 0.4891118546875 0.9963042124999999 0.49673085937500006 1 0.495684096875 1 0.444058915625
10 0.7359334296875 0.5510668562500001 0.75214381875 0.5596690843750001 0.8250735499999999 0.58145994375 0.8324736203124999 0.5793103359375 0.8350446703125 0.57209809375 0.8338498328125 0.5583734406249999 0.8379846093750001 0.5347336390625 0.838582871875 0.5010919453125 0.7625893125000001 0.4596539578125 0.7524585874999999 0.459173925 0.7468856515625 0.47524482656249994 0.7359334296875 0.5510668562500001
10 1 0.6378623734375 0.9766097453125001 0.629477728125 0.9681604968749999 0.6304108421875 0.95932840625 0.664162434375 0.9588557156249999 0.6738076703125 0.9615724203125 0.6791035859375001 1 0.6900402515625 1 0.6378623734375
10 0.775461278125 0.6221134375 0.8268789125 0.6398846703125 0.8344804453125001 0.6395781265625 0.8389902499999999 0.6249569984375001 0.8367741375 0.6046833 0.8146855515625001 0.5898019390625 0.7847660624999999 0.5787166046875 0.7815906171875 0.5803996578125 0.775461278125 0.6221134375
10 0.5922900796875 0.5277588359375 0.55117673125 0.5176432453124999 0.545888975 0.5195595734375 0.5413233640625 0.5448457953125 0.543824653125 0.550964915625 0.5870224078125 0.566179778125 0.5973685515625 0.5658366 0.6033723203125 0.548119275 0.6013297671875 0.535021190625 0.5922900796875 0.5277588359375
10 0.482124503125 0.4810346109375 0.5971888578125 0.5194901062499999 0.6012120171875 0.5171804875 0.6216905734375 0.43630930156250003 0.620023046875 0.4322298875 0.569870009375 0.41485194375 0.5047153703125 0.39993015 0.48345886250000003 0.46809653593749995 0.482124503125 0.4810346109375
5 0.520821959375 0.38802540625000004 0.6021730359374999 0.4142156984375 0.6125610359375 0.405873703125 0.6149166687500001 0.3994846703125 0.611567665625 0.3939921140625 0.524525903125 0.366032021875 0.5207181609375 0.36751843125 0.5185360875 0.38108307343750003 0.520821959375 0.38802540625000004
5 0.733309940625 0.406928109375 0.7192738078125 0.4265983953125 0.7054112328125 0.45344429062499997 0.71130338125 0.45705715312499995 0.7322110859375 0.4555475875 0.7680863515625 0.417743534375 0.7683296734375 0.411587778125 0.733309940625 0.406928109375
12 0.3351617375 0.36589345 0.34251995 0.37174266093749997 0.35442981875 0.3549719234375 0.36899445468750003 0.3149913078125 0.360802478125 0.3071023890625 0.35381929218749997 0.31027185 0.348489678125 0.320187 0.3371562984375 0.3478194703125 0.3351617375 0.36589345
8 0.20404828749999998 0.24766956874999999 0.1926669171875 0.24412997500000003 0.178977903125 0.27815148125 0.1689788796875 0.2928458765625 0.17314769531250002 0.3030444140625 0.32683637499999996 0.42383814218750004 0.37575271875 0.43549025468749997 0.379630221875 0.4206724828125 0.3733630484375 0.40804095 0.30723680937500003 0.33673413750000003 0.2918601828125 0.3301716140625 0.28052066875000004 0.3186332046875 0.26386549375 0.3143436671875 0.246202996875 0.3008388140625 0.2272200921875 0.297605765625 0.20693073593750003 0.30197824687499997 0.18976826093750002 0.29664073750000003 0.1848421484375 0.287096884375 0.20404828749999998 0.24766956874999999
0 0.408660140625 0.44038320000000003 0.3996483546875 0.42778830156250003 0.379630221875 0.4206724828125 0.3745299796875 0.427098146875 0.3752381734375 0.4531343109375 0.3882591640625 0.46608586562500004 0.4326177171875 0.46118704062500004 0.4349593984375 0.4574642796875 0.43287499062499996 0.45236501249999994 0.408660140625 0.44038320000000003