4 0.8456250000000001 0.705 0.85 0.6858333328125 0.85875 0.6799999999999999 0.8525 0.6775 0.850625 0.6716666671875 0.844375 0.67 0.8400000000000001 0.6583333328125 0.845 0.65 0.81875 0.6183333328125 0.80375 0.6174999999999999 0.795 0.6108333328125 0.78625 0.61 0.7731250000000001 0.6 0.7675 0.6 0.7675 0.6108333328125 0.7837500000000001 0.6466666671875 0.8099999999999999 0.6841666671875 0.8256249999999999 0.7150000000000001 0.8306250000000001 0.7191666671875 0.835625 0.7175 0.8456250000000001 0.705
4 0.834375 0.5375 0.8474999999999999 0.5458333328125 0.89 0.6025 0.890625 0.6566666671875 0.8625 0.7033333328125 0.845 0.7433333328125 0.84375 0.7525000000000001 0.846875 0.7583333328124999 0.860625 0.7658333328125 0.875 0.755 0.8868750000000001 0.74 0.9012499999999999 0.7408333328125 0.9512499999999999 0.7791666671875 0.9568749999999999 0.7808333328125 0.999375 0.7575000000000001 0.999375 0.3416666671875 0.9818749999999999 0.3391666671875 0.9668749999999999 0.34249999999999997 0.934375 0.35750000000000004 0.9237500000000001 0.3675 0.921875 0.38333333281250004 0.914375 0.3966666671875 0.914375 0.4108333328125 0.909375 0.4216666671875 0.9099999999999999 0.4308333328125 0.9175000000000001 0.43499999999999994 0.93 0.4516666671875 0.921875 0.465 0.8943749999999999 0.46749999999999997 0.8825 0.4725 0.846875 0.4725 0.828125 0.4658333328125 0.82 0.4591666671875 0.809375 0.4591666671875 0.8006249999999999 0.4608333328125 0.7925 0.4691666671875 0.791875 0.4791666671875 0.7943749999999999 0.4841666671875 0.78125 0.49833333281250003 0.784375 0.5041666671875 0.7893749999999999 0.5041666671875 0.79 0.5233333328125 0.805625 0.5316666671875 0.834375 0.5375
8 0.6168750000000001 0.6641666671875 0.63875 0.6083333328125 0.655625 0.5825 0.646875 0.5691666671875 0.63125 0.5599999999999999 0.620625 0.5491666671875 0.6174999999999999 0.5433333328125001 0.61625 0.53 0.619375 0.5175 0.61625 0.515 0.4925 0.4491666671875 0.40374999999999994 0.40750000000000003 0.390625 0.40499999999999997 0.3675 0.41166666718749995 0.35562499999999997 0.42000000000000004 0.270625 0.45416666718750004 0.265625 0.46166666718749994 0.265 0.4691666671875 0.26749999999999996 0.4725 0.40374999999999994 0.5983333328125 0.5525 0.7275 0.568125 0.7341666671875 0.5775 0.7316666671875 0.5900000000000001 0.7141666671875 0.6168750000000001 0.6641666671875
0 0.73875 0.575 0.7537499999999999 0.5558333328125 0.7575000000000001 0.5466666671875 0.755 0.5308333328125 0.739375 0.51 0.7112499999999999 0.4883333328125 0.6912499999999999 0.48166666718749995 0.67125 0.48250000000000004 0.63875 0.49583333281249997 0.62625 0.5041666671875 0.61375 0.5258333328125 0.615 0.5458333328125 0.66625 0.5941666671875 0.673125 0.6083333328125 0.675 0.625 0.6825 0.6358333328125 0.69625 0.6258333328125001 0.71875 0.5916666671875 0.73875 0.575
10 0.54875 0.3075 0.5543750000000001 0.2925 0.555625 0.2508333328125 0.515625 0.2575 0.51125 0.305 0.5118750000000001 0.31916666718750003 0.54875 0.3075
10 0.621875 0.24500000000000002 0.620625 0.24 0.5743750000000001 0.2425 0.5725 0.2925 0.6174999999999999 0.2875 0.621875 0.24500000000000002
10 0.8025 0.3025 0.7893749999999999 0.3583333328125 0.7887500000000001 0.3758333328125 0.78625 0.38166666718750003 0.7925 0.38416666718750003 0.79875 0.3691666671875 0.8012499999999999 0.3491666671875 0.81875 0.2891666671875 0.8125 0.2891666671875 0.8025 0.3025
10 0.654375 0.2716666671875 0.660625 0.255 0.6637500000000001 0.22916666718749998 0.645625 0.23333333281250002 0.639375 0.2633333328125 0.639375 0.2741666671875 0.654375 0.2716666671875
10 0.69625 0.2258333328125 0.681875 0.2266666671875 0.67625 0.24500000000000002 0.6743750000000001 0.2608333328125 0.685625 0.265 0.69625 0.2258333328125
5 0.8256249999999999 0.41500000000000004 0.843125 0.41166666718749995 0.8400000000000001 0.4025 0.834375 0.3983333328125 0.739375 0.3808333328125 0.7418750000000001 0.3991666671875 0.8256249999999999 0.41500000000000004
1 0.76375 0.5650000000000001 0.7925 0.5808333328125 0.796875 0.5808333328125 0.8012499999999999 0.5700000000000001 0.8006249999999999 0.5641666671875 0.7725 0.5483333328125 0.764375 0.5566666671875 0.76375 0.5650000000000001
8 0.334375 0.36583333281249997 0.336875 0.375 0.3825 0.40083333281250005 0.40625 0.4025 0.545 0.33999999999999997 0.54625 0.335 0.51375 0.3341666671875 0.4875 0.3166666671875 0.334375 0.36583333281249997
12 0.4225 0.3258333328125 0.425 0.35 0.42750000000000005 0.355 0.43187499999999995 0.35 0.433125 0.32166666718750003 0.429375 0.31083333281250003 0.42437500000000006 0.3125 0.4225 0.3258333328125