8 0.7582048828125 0.682650125 0.8078101484375001 0.587238978125 0.8047108312500001 0.5527207484375001 0.7900971109375 0.48072156718750003 0.7811798796875 0.4679147546875 0.7755394640625 0.46572467656249994 0.757529840625 0.4766080890625 0.73511065625 0.5003037875 0.6803624453125 0.5781778734375 0.671769865625 0.5991166453125001 0.6771907500000001 0.6437791296875 0.689566975 0.668492240625 0.692346315625 0.6944559546875 0.704178353125 0.7278958890625 0.706457884375 0.7566110515625 0.7122804765625 0.760090703125 0.7226504312500001 0.7580230078125 0.746928728125 0.7034610359375 0.7561145421875 0.6930111328125 0.7582048828125 0.682650125
8 0.6195977 0.3430145546875 0.6187755703125 0.3246159546875 0.6105823625 0.2917763578125 0.5587325828124999 0.30211483281249996 0.5537741515625 0.29846287656250003 0.5315160890625 0.21008834062499998 0.5304230390625 0.20235091875000003 0.5341062390625 0.196975884375 0.5846364187499999 0.183585790625 0.5869556453125 0.1811345109375 0.5802618734375 0.1400405703125 0.57512126875 0.13509904374999998 0.55738256875 0.13532127656249998 0.543053809375 0.1282341171875 0.5353160390625 0.098618446875 0.5270878140625 0.122136359375 0.5062568140625 0.1256269640625 0.4895621140625 0.1143709234375 0.47886750312500004 0.0826930375 0.4679510203125 0.080892021875 0.4331112359375 0.0858499828125 0.4269266328125 0.0923867265625 0.4405383890625 0.1572932734375 0.4384013359375 0.1610341234375 0.4239838296875 0.16589771250000002 0.42125587812500004 0.171745225 0.4302782328125 0.260770025 0.4269593828125 0.26872419999999997 0.4521299109375 0.36513632500000004 0.4563152640625 0.369605375 0.4615002421875 0.368571528125 0.4655034203125 0.37175100625 0.4716459890625 0.38378517031250003 0.4753735640625 0.3724347609375 0.49306554843750006 0.36559236875 0.5002988296875001 0.3727684203125 0.505168509375 0.3883711265625 0.5343678781250001 0.3812230859375 0.56188329375 0.36844428906250004 0.5789843765625 0.36370856093750004 0.6195977 0.3430145546875
8 0.653463590625 0.4821103625 0.64991585 0.482154809375 0.6252218125 0.5023264125 0.6271860453125 0.547678128125 0.6174560421875 0.566854853125 0.607539184375 0.5595509390625 0.596160246875 0.516739396875 0.5736896687499999 0.50862386875 0.5684579765625 0.5030375578124999 0.5549863609375 0.4579914890625 0.5455155890625 0.40352936406250006 0.5401484328125 0.40327364218749995 0.476247084375 0.4226445890625 0.47133536875 0.42561279062499996 0.47183752031250004 0.43545687656250004 0.4869907484375 0.47353816875000004 0.5282463609375 0.48254872656250003 0.581135534375 0.6808314296875 0.590461490625 0.69024200625 0.598967659375 0.693849515625 0.6024243109375 0.693160284375 0.61633966875 0.6784526078125 0.62006724375 0.6671022 0.6757263296875 0.595675965625 0.653463590625 0.4821103625
0 0.625721625 0.49957496562500003 0.6540988624999999 0.47402832500000003 0.659872403125 0.45829228125 0.6424816812499999 0.37292491562499996 0.6328380859375 0.367555359375 0.6083238859375 0.376421 0.5771229296875 0.3819792984375 0.56143253125 0.39041143125 0.5475638875 0.41173926562499996 0.5545309234375 0.4547675640625 0.570141928125 0.508668315625 0.57328094375 0.5120201015625 0.5903376546875 0.513259746875 0.5972065843750001 0.517856659375 0.602578415625 0.5433034484375 0.610722571875 0.5569273515625001 0.606768446875 0.5729635656250001 0.6124088640625 0.5751536453125 0.6210037796875 0.56681040625 0.62909654375 0.548623084375 0.624679965625 0.52364876875 0.625721625 0.49957496562500003
10 0.5786859734375 0 0.61201403125 0.16354205 0.6140156234374999 0.16513178906249998 0.6252497406249999 0.1628917875 0.7411363343749999 0.12785177812499998 0.761695240625 0.1287245859375 0.76420015 0.1464561765625 0.7748900828124999 0.1529429953125 0.7688876546875 0.16076931249999998 0.76766148125 0.1709580125 0.773035653125 0.20900033437499999 0.776083578125 0.2117073390625 0.7924115890625 0.207788703125 0.8665918093749999 0.18570527812499998 0.8501960328125 0.06964395 0.843600365625 0.0669813953125 0.7614161296875 0.09530139531250001 0.7536363234375 0.0842566328125 0.75092435625 0.071348828125 0.7404395125 0 0.5786859734375 0
5 0.58481859375 0.1848753625 0.5803156031250001 0.18444733124999999 0.581238175 0.25387285312499996 0.6375535906249999 0.2877243828125 0.6557477281249999 0.290726078125 0.661156915625 0.27241089218750003 0.658739584375 0.23643078437499998 0.58481859375 0.1848753625
3 0.634248846875 0.6165422781250001 0.6319272796875001 0.6063980234375 0.6252405249999999 0.603090684375 0.6108673921875 0.6019788984375001 0.6010906734375 0.6145354625 0.5962723859375 0.6307439859375 0.6030969421875 0.641316271875 0.6056894328125 0.640799346875 0.60523399375 0.637575421875 0.6202891140625 0.637225328125 0.6216554296875 0.6468971046875 0.60469214375 0.6588977796875 0.6167904265625 0.6564854687499999 0.6261584203125 0.6473251359375001 0.6379834390625 0.6429784703125 0.6379811 0.6303829359375 0.6255628421874999 0.62424073125 0.634248846875 0.6165422781250001
1 0.657160828125 0.5523085296875 0.6455203218750001 0.5705403015625 0.6520739546875001 0.5917737640625 0.6555306062499999 0.5910845328125001 0.6627148328125 0.579044890625 0.6648495453125001 0.5627085078125 0.660617478125 0.5516192984375 0.657160828125 0.5523085296875
12 0.7611967390625 0.62835483125 0.7118927328125 0.6315562234375001 0.694700559375 0.6356471671875 0.6967955765625 0.6504772265625001 0.6996613265625 0.6518946578125 0.7578802265625 0.6489045421874999 0.7782557890625 0.6421900109374999 0.7777536390625001 0.6323459265625 0.7707492453125 0.6330796046875 0.7611967390625 0.62835483125
8 0.6406085359375 0.32821798750000003 0.6391090984375001 0.3364723328125 0.6679254718750001 0.4712713984375 0.6701092375 0.47415070937500003 0.70544883125 0.4664412984375 0.6778586343749999 0.32145353125 0.67585704375 0.3198637921875 0.6406085359375 0.32821798750000003
8 0.772914225 0.289904128125 0.76349951875 0.2924443015625 0.7496285375 0.30117660156250003 0.7484467375 0.305389928125 0.7733533609375 0.45024983281250003 0.7768567265625 0.4561807625 0.7846341921875 0.454629990625 0.791591871875 0.4472761515625 0.8076886515625 0.42285225468750004 0.78169131875 0.282850459375 0.772914225 0.289904128125
8 0.76752601875 0.17628860156249998 0.764204828125 0.17164724375 0.7590198515625 0.1726810921875 0.7560186390625 0.1765942484375 0.756975059375 0.1833644921875 0.74483123125 0.1854544125 0.7334125968749999 0.17380931093750002 0.748488771875 0.28681901875000004 0.7536293765625001 0.291760546875 0.7613157562499999 0.2895649890625 0.7814180546875 0.2809161046875 0.7823265921875 0.274768421875 0.76752601875 0.17628860156249998
8 0.661065828125 0.27176610625 0.6577936906249999 0.2863404421875 0.6513358234375 0.29094283125 0.6336414984375 0.2851896890625 0.6295028609375 0.2873407984375 0.63483031875 0.3187629640625 0.6542062546875 0.31755133125 0.6622102703125 0.31131475468750003 0.6691235765625 0.3099362921875 0.673080040625 0.3064956125 0.6601946484375001 0.2341518125 0.661065828125 0.27176610625