8 1 0.638658540625 0.9231064359375001 0.6105979875 0.8685415203125 0.617502103125 0.7064939640625 0.6488156218750001 0.7058021812499999 0.6537650015625001 0.7238420734375001 0.6697205109375 0.7227335140625 0.680571653125 0.622834865625 0.6945198703125001 0.608225428125 0.702686340625 0.570194990625 0.70809065 0.5509019203125 0.7147273109375 0.5464847578125 0.728810546875 0.52829455625 0.7343698437499999 0.5200273156249999 0.7351197453125 0.5079071546875 0.7274232046875 0.507221065625 0.7225988078125 0.4959259203125 0.7177594109375 0.492489775 0.703411203125 0.4871200546875 0.69705699375 0.3908078625 0.703838609375 0.32232244374999997 0.718846703125 0.3083990953125 0.731837571875 0.27698017343750003 0.74055146875 0.2636096796875 0.7505602109375 0.2598843 0.7596940671875 0.1484126578125 0.772737390625 0.1320165125 0.7808371968750001 0.151150859375 0.8471020296875 0.17565242187500002 0.8425886609375001 0.2011487671875 0.830502684375 0.20872422343750002 0.8347021625 0.22622264374999998 0.83409224375 0.8639455890625 0.701969034375 1 0.6782303515625 1 0.638658540625
10 0.6063231546875001 0.656924565625 0.6392531875 0.6558922078125 0.71462796875 0.6402591921874999 0.7176615671875 0.6360747203125 0.69428610625 0.5551223375000001 0.689191390625 0.5497205109375 0.574964 0.5630138031249999 0.6037063359375 0.6552072796874999 0.6063231546875001 0.656924565625
10 0.1220769890625 0.7464152828125 0.155733028125 0.741776265625 0.169375678125 0.73760679375 0.1735121453125 0.7323449531249999 0.13842760781250002 0.6475680484375 0.130993925 0.636514428125 0.0917565671875 0.641411565625 0.1220769890625 0.7464152828125
10 0.38530490624999997 0.689677878125 0.4427588 0.6903303203125 0.475272053125 0.6951997234375 0.48395322343749997 0.6934349484375 0.4853339421875 0.688423075 0.45727769687500003 0.6010539953125 0.4534247765625 0.592607553125 0.45011901718749997 0.5909527578125 0.374749928125 0.5968119921875 0.370060603125 0.6050559578125 0.3708600078125 0.6518950984375 0.3785573140625 0.6834486546874999 0.38530490624999997 0.689677878125
10 0.09187485 0.6185616546875 0.1039921640625 0.6311450875 0.15841815312500002 0.626208228125 0.161315671875 0.6191041187499999 0.15169048125 0.585770784375 0.1439817921875 0.573764784375 0.0815635703125 0.5804039265625 0.0793578359375 0.5825586578124999 0.09187485 0.6185616546875
10 0.346259828125 0.5446660062500001 0.34336800312500004 0.5419963375 0.299965 0.5459333281250001 0.282877665625 0.5504152609374999 0.27984406562499997 0.554599734375 0.2819023390625 0.5690729265625001 0.2995197625 0.6007039765625 0.34113096249999997 0.5979068421875 0.35063999218749997 0.5941123203124999 0.35615717812500003 0.5838386078125 0.346259828125 0.5446660062500001
10 0.54300645 0.5502753828125 0.5815868984375 0.5467758375 0.5923377234375 0.539936696875 0.584773653125 0.516189665625 0.580642878125 0.511677728125 0.5484017859375 0.5126475921875 0.5325533984375 0.5189717953125 0.5401146234375 0.5476057171875001 0.54300645 0.5502753828125
5 0.1515965640625 0.7470381078125 0.141806834375 0.759654025 0.14125113125 0.7675230390625 0.1524101953125 0.7694428046875 0.2277792859375 0.7635835671875 0.2364633015625 0.756931903125 0.2348189609375 0.7414438421875 0.224901690625 0.7364794578125 0.1667560140625 0.7407763953125001 0.1515965640625 0.7470381078125
5 0.6350996453125 0.6904753796875001 0.7256281859375 0.6783544312500001 0.71723340625 0.661524034375 0.7082800781249999 0.6574495421875 0.626707709375 0.6687580921875 0.6309688703125 0.6859634421874999 0.6350996453125 0.6904753796875001
5 0.5012842578125001 0.743661171875 0.5324281734375 0.7339948921875 0.5239115437499999 0.6898104171874999 0.51868359375 0.6766020671875 0.508902403125 0.67455731875 0.4945679703125 0.683676171875 0.49578699375 0.7197266625000001 0.4978424203125 0.7390867421875 0.5012842578125001 0.743661171875
8 1 0.5742962609375 0.9104647234375 0.5521278 0.8725760578124999 0.550677965625 0.8480550390625 0.5441062765625 0.8181557609375 0.5458410484375 0.8089217359375 0.5505879515625 0.8060242171875001 0.5576920609375 0.8095992875 0.5700730140625 0.8219944531250001 0.5787219359375 0.8618053109374999 0.591725325 0.8762672874999999 0.600186771875 0.9091916250000001 0.6089281921875 0.963753690625 0.6069109671875 0.983874625 0.5982445609375 0.9903557515625 0.5888607375 1 0.5866534375 1 0.5742962609375