8 0.5892397390624999 1 0.58805885625 0.9940375296875 0.5908011390625 0.9887482796875 0.6005884828125 0.9853785984375 0.5943319796875 0.9699547015625001 0.5998151640625 0.962668428125 0.5935600484375 0.9439523062499999 0.591228321875 0.903805725 0.54976593125 0.8326928046875001 0.50360614375 0.761946284375 0.486776515625 0.7568119421875 0.433948978125 0.7177234703125001 0.43787098125 0.6995852390625 0.4437446328125 0.6946004265625 0.43357444218749996 0.6775614 0.4273117078125 0.676952525 0.4151718578125 0.6895590281249999 0.41320843125 0.7043895390625 0.39989925625 0.705153321875 0.3838457171875 0.7161446953125 0.3744536921875 0.7102930421875 0.3490302953125 0.66275713125 0.343942428125 0.6608220703125001 0.3357211171875 0.6635209125 0.3177055359375 0.6860505703124999 0.325917840625 0.7047512046875 0.5274740546875 1 0.5892397390624999 1
8 0.2567155671875 0.5097412968749999 0.1702682578125 0.3665556703125 0.1550157453125 0.33441267343750003 0.157368946875 0.3235297375 0.170289040625 0.317172265625 0.1922106890625 0.3143649890625 0.20629872656249998 0.3231424671875 0.224293525 0.34999621406250003 0.2368134515625 0.364382871875 0.24503199375 0.3682684828125 0.22625764531249998 0.3335195875 0.13902455 0.1972538359375 0.1292427484375 0.1874546078125 0.06975161875 0.1701475015625 0.06767454687499999 0.1693914359375 0.0252487203125 0.187565325 0.039540179687499996 0.2937323890625 0.28327504062500003 0.6481333765625 0.29070987656249997 0.65400051875 0.299323040625 0.6503109125 0.340048828125 0.6114696484375 0.34161762812499996 0.60421435625 0.2895911140625 0.5219915140625 0.2821555890625 0.5177704828125 0.272368940625 0.51949405 0.2641497078125 0.517254553125 0.2567155671875 0.5097412968749999
4 0.4529685484375 0.1697481984375 0.4455323328125 0.16717328125 0.432223153125 0.1679370640625 0.4279196890625 0.16237435625000002 0.40051831875 0.1642373421875 0.3793783 0.17000142812500002 0.34923949374999996 0.16563086875 0.346106740625 0.16861865625 0.36331783125 0.197453934375 0.3476512953125 0.21897733593750002 0.3859850890625 0.283201365625 0.39694314375 0.2883821796875 0.413385765625 0.28298449375 0.43531919375 0.25219328750000003 0.44237741093749994 0.2228367015625 0.46117462187499997 0.2032638515625 0.4631408171875 0.18184888593749998 0.4529685484375 0.1697481984375
10 0.2114052953125 0.280632465625 0.2137481046875 0.2944412296875 0.2767250515625 0.399952134375 0.3224936796875 0.47004330781250003 0.3334496546875 0.48016246406249996 0.34714999375 0.480054028125 0.37533784375 0.4696250578125 0.46420969999999995 0.43237806093750003 0.46577711875 0.42841499687500006 0.4638233890625 0.42019992031250003 0.3887643453125 0.2960940734375 0.365645403125 0.24747719531249998 0.3523452296875 0.226841503125 0.2114052953125 0.280632465625
10 0.45119262656250003 0.6691914140625 0.4402297234375 0.67553339375 0.459005459375 0.7069900625 0.45743596562500005 0.7158914656250001 0.460956415625 0.721789590625 0.46682591249999994 0.7266814593750001 0.4781772046875 0.7275792828125 0.4914836125 0.7333999515625 0.534131953125 0.7768488734375001 0.543915140625 0.783355875 0.5787568828125 0.7741911265625 0.6449199203125 0.7499635062500001 0.6515779734375 0.7413510484375 0.6496228625 0.7364281984375001 0.6191109046875 0.6886033406250001 0.570989771875 0.6277489921875 0.45119262656250003 0.6691914140625
10 0.45407206875000006 0.3379717 0.448589578125 0.343611859375 0.44897796874999996 0.3508516609375 0.4955261453125 0.42883798124999994 0.5049195531249999 0.43139740781249997 0.5233200640625 0.42433811875 0.5397654562499999 0.4123559796875 0.5401593874999999 0.4064268734375 0.4951765484375 0.32941582812500003 0.489307053125 0.324523959375 0.45407206875000006 0.3379717
10 0.7571991062500001 0.9001875531250001 0.755237759375 0.9100797265624999 0.77127398125 0.9402411875000001 0.79592336875 0.9667130437499999 0.8268500375000001 0.9592253921875 0.8452512390625 0.9505199890625 0.8472098140625001 0.947212271875 0.8401716828125 0.9288315671875 0.8092685656249999 0.8803513609375001 0.779516765625 0.8865128296875 0.7571991062500001 0.9001875531250001
10 0.6500382671875 0.6794695749999999 0.6512075937499999 0.691312296875 0.68484606875 0.7509643859375 0.6907169484375 0.7525640265625 0.70285264375 0.749834203125 0.7236028875 0.74012254375 0.7267363328124999 0.7354886406250001 0.72439283125 0.723325990625 0.6868392812499999 0.665350996875 0.6821425765625 0.6640712828125 0.6500382671875 0.6794695749999999
5 0.1933848671875 0.3146849171875 0.15697847812500001 0.3212282734375 0.1554117546875 0.3235452265625 0.16675542968749998 0.342550296875 0.2649493484375 0.47741241093750003 0.27629856249999996 0.4832485734375 0.2864777578125 0.4788881265625 0.3001829453125 0.46725689687500005 0.3025340703125 0.4613122984375 0.25245851406250003 0.39388898906250003 0.2070810484375 0.3244531625 0.1933848671875 0.3146849171875
5 0.357248834375 0.66664274375 0.3607665140625 0.6791253234375 0.3795415578125 0.712228103125 0.3850205828125 0.7148185109375 0.3912853953125 0.7104890453125 0.43358621875000003 0.64957746875 0.42967876406250005 0.6331473171875001 0.419114640625 0.62203739375 0.3936656140625 0.63540768125 0.357248834375 0.66664274375
5 0.65952448125 1 0.6401296984375 0.9709091093750001 0.6268239875 0.9634423249999999 0.61626055625 0.950686290625 0.6107808375 0.949741996875 0.6076349234375 0.9840059406250001 0.6150656 0.999749765625 0.6152833656250001 1 0.65952448125 1