8 0.5501640890624999 0.5735597296875 0.5468497578125 0.5368773 0.554729121875 0.480839346875 0.5552370437499999 0.4390661890625 0.560904071875 0.3907284890625 0.554840996875 0.3816289625 0.5128427640625 0.3911011921875 0.5017053515625001 0.3919802609375 0.49543521718749994 0.3883702671875 0.48691453593749995 0.342520690625 0.479787678125 0.3389783171875 0.450075409375 0.345428378125 0.44198829687499996 0.3446983921875 0.43549234062500003 0.352736746875 0.428648275 0.381327040625 0.42129559531250005 0.38943301875 0.296402203125 0.39997491875 0.2447159765625 0.37189949218749996 0.1905818671875 0.3351233421875 0.175283128125 0.3274369296875 0.144205521875 0.313470296875 0.11843779531250001 0.3059260453125 0.11016238593750001 0.3045267734375 0.09958986875 0.3074137 0.0779084296875 0.3330702046875 0.0365260484375 0.391263846875 0.0511714890625 0.5481445265625 0.092513128125 0.69508880625 0.48011213281250004 0.73233818125 0.5258763359375 0.7362516796875 0.534066978125 0.7342369 0.5564064281250001 0.6175366875 0.5401001859375001 0.596930971875 0.530883284375 0.5921852671875001 0.5299417890625 0.588838834375 0.533575746875 0.5830788203124999 0.5501640890624999 0.5735597296875
10 0.5995018234375 0.21664483125 0.58979506875 0.1852559921875 0.5800132687499999 0.178502428125 0.573159478125 0.17904339375 0.489398559375 0.2143888296875 0.472621915625 0.223238634375 0.4637440875 0.23214914062499997 0.48103975937500004 0.33409045000000004 0.492695509375 0.3817450234375 0.5037953984375 0.3931835921875 0.5286403921875 0.39122259531250003 0.607873109375 0.3740224296875 0.630270221875 0.36336070625 0.624696309375 0.3186468421875 0.5995018234375 0.21664483125
10 0.62354775625 0.3207899421875 0.7214588625 0.29527401875 0.7325115046875 0.2909808984375 0.7330951625 0.28682993749999997 0.662097034375 0.07738804375 0.504407503125 0.05895678125 0.4961377140625 0.0640283578125 0.47228146249999997 0.0850674796875 0.47757258281250003 0.09764867968749999 0.47874961875000005 0.1173960875 0.5199863140625001 0.2017123296875 0.5256915515625 0.20331446406250003 0.5432213890625001 0.19714180625 0.5574938671874999 0.1980677359375 0.6127772171875 0.29495825625 0.62354775625 0.3207899421875
5 0.40513806093750004 0.1950418078125 0.344630290625 0.1574004296875 0.339970071875 0.156399959375 0.3379647953125 0.1586106796875 0.3515883 0.21637217187500002 0.35943083124999997 0.23490932656250002 0.366153296875 0.27748009218749997 0.42004213437500004 0.2698059390625 0.42509770781249995 0.2659861625 0.40513806093750004 0.1950418078125
5 0.474996825 0.44334705 0.44371215937499997 0.43486995000000006 0.43495662187499995 0.4348768703125 0.432659515625 0.43916307187500003 0.4546341640625 0.5359460312500001 0.46299434375 0.5407593578125 0.49078610625 0.5399340703125 0.4953615546875 0.5375204874999999 0.49519201874999996 0.5306923828125 0.474996825 0.44334705
1 0.2808699875 0.5626599484375 0.255723440625 0.5386470984375 0.2458193515625 0.5407971218750001 0.2085473421875 0.5608426921875 0.2104303296875 0.5675355546875 0.25474511718750004 0.6098757781249999 0.26055388437500004 0.608733146875 0.28687678125 0.59023593125 0.2948978859375 0.5813930468749999 0.2808699875 0.5626599484375
1 0.3828680703125 0.6326022546875001 0.3500679828125 0.6529790078125 0.371185215625 0.6875721171875 0.3817577296875 0.6846851890625001 0.41209117968750003 0.66176653125 0.4110649171875 0.655006046875 0.39638735625 0.6308510375 0.38830024375 0.63012105 0.3828680703125 0.6326022546875001
1 0.44070076093750005 0.5486763140625001 0.4317096796875 0.532282259375 0.4345056703125 0.52043104375 0.423387021875 0.51515129375 0.4191221609375 0.5093305781249999 0.40980172968749995 0.507329640625 0.38558763906250004 0.5208713687500001 0.387847221875 0.52890280625 0.40963288125 0.562759009375 0.41801182187499997 0.561413515625 0.44070076093750005 0.5486763140625001
1 0.43376289218749997 0.6080607 0.4441193125 0.6448714484375 0.4484877015625 0.6479473984374999 0.4583917921875 0.6457973781249999 0.473454984375 0.6370828140625 0.46404005625 0.603618496875 0.45910677343749995 0.5985346875 0.44968281093750007 0.599278515625 0.43376289218749997 0.6080607
12 0.5106797453125 0.601305553125 0.548648665625 0.602413584375 0.5900632406249999 0.5970923124999999 0.597312390625 0.591731103125 0.5966627265625 0.586309190625 0.5893475671874999 0.5820975296875 0.5677599328125 0.5769599421875 0.5490155375 0.5757028296875 0.503232571875 0.577948153125 0.4968401453125 0.583241740625 0.49757457968749996 0.59207770625 0.5106797453125 0.601305553125
4 0.883809046875 0.797623759375 0.876634940625 0.778349696875 0.8391364234375001 0.747786146875 0.8288744984375 0.742438775 0.805262825 0.7456707265625 0.80229729375 0.750693834375 0.7939183562500001 0.752039328125 0.7599599875 0.7465098546875 0.7497640703124999 0.7507353546875 0.7291464125 0.77083470625 0.715542359375 0.7691718703125 0.715627128125 0.772585925 0.7255124578125 0.7765947203125 0.7147141234375 0.7911300015625 0.7241005640625 0.8027038109375001 0.7310391234375 0.805576896875 0.7514121984375 0.803284715625 0.7764927375 0.8177246921875 0.7874418515625 0.8161763390625 0.803173471875 0.8067248687499999 0.8189711000000001 0.80684626875 0.8264745546875 0.8117272140624999 0.8231136671874999 0.82157056875 0.8363223609375 0.82805365 0.8832538765625 0.8236652281250001 0.9109421093750001 0.8255847046874999 0.9136158125 0.8226370781250001 0.90775979375 0.8080480187499999 0.8941745046875 0.8002263640624999 0.883809046875 0.797623759375
10 0.9683422593750001 1 0.965265896875 0.9875450875 0.9515770765625 0.9824681984374999 0.921149134375 0.9739234796874999 0.9241243890625 0.996949696875 0.9228830453124999 1 0.9683422593750001 1
10 0.9420204062499999 0.9018088109375 0.9308447828125 0.8527480437499999 0.9162992375 0.847738778125 0.8933747515625001 0.844075003125 0.8977056187500001 0.8594685875 0.8900798734375 0.8634912281249999 0.896755090625 0.8903303031249999 0.9420204062499999 0.9018088109375