4 0 0.44266401093749996 0.0184608640625 0.4362039453125 0.019061173437500002 0.43175179375 0.0048868703125000005 0.39971694375 0.013081840624999999 0.388244509375 0.0860624578125 0.3445211328125 0.0899131015625 0.34733901718750004 0.1002367609375 0.37655598281249997 0.10699810000000001 0.37661245 0.1096402375 0.37225694531250003 0.1108053125 0.3591339578125 0.10875559531250001 0.342959621875 0.0905410625 0.3310278578125 0.06293094375 0.3394728296875 0.0350443796875 0.3302460203125 0.0188440234375 0.330269909375 0.0049817078125 0.3201255203125 0 0.31110532968750004 0 0.44266401093749996
4 0.11417804843749998 0.411215434375 0.1075509875 0.411956009375 0.037721970312500006 0.4663710640625 0.035447125 0.468899015625 0.036860992187500004 0.48530682187499996 0.0413474875 0.48789124062499994 0.10643723281249999 0.46145306562500005 0.10871207499999999 0.45892511249999995 0.108407978125 0.453112340625 0.12366049531250001 0.431431453125 0.12195041874999998 0.425288571875 0.11417804843749998 0.411215434375
4 0.1440630109375 0.4002425109375 0.12394881875 0.40508883906250004 0.1459586859375 0.4435565046875 0.15595458125 0.4187276203125 0.154441978125 0.4057414578125 0.1440630109375 0.4002425109375
8 0 0.9041585937500001 0.005265684375 0.8989224640625 0.037508453125 0.8498445625000001 0.0592182109375 0.8224073703125001 0.08905185625 0.775060378125 0.15896383593750002 0.6850682953125 0.200270440625 0.621659896875 0.2246223359375 0.5898671984375 0.235897821875 0.5806490765625 0.2503881 0.574482303125 0.2502814765625 0.561826253125 0.24797109062499997 0.560135521875 0.23146663437499998 0.554346640625 0.1488179734375 0.5406828828125 0.0402890359375 0.5136702765625001 0.005810953125 0.5094027296875 0 0.5105111453125 0 0.9041585937500001
0 0 0.493818521875 0.0020867 0.49130419375 0.0152697375 0.4813856703125 0.0382511953125 0.45348154531249996 0.0411263484375 0.4465014421875 0.039281992187499996 0.4395615171875 0.0327536703125 0.436880453125 0.008824374999999999 0.44312758125 0 0.44707936875 0 0.493818521875
8 0.5674919765625 0.1482876984375 0.5611690171875 0.154841046875 0.5598696609375 0.1671669875 0.5624920343750001 0.19074818437500002 0.5568049234375 0.197068065625 0.5320067625 0.2061732578125 0.5192976453125 0.2269202796875 0.510664296875 0.23178289687500003 0.49659263124999997 0.2724961859375 0.4851473265625 0.27669858125 0.4689469703125 0.2767224703125 0.452908546875 0.265684396875 0.4426362046875 0.2728414984375 0.27070375625 0.5027006078125 0.2413361421875 0.54479840625 0.2412729453125 0.5524387296875 0.2614937640625 0.560248453125 0.33165843437500003 0.575956940625 0.35465567187499997 0.5802082015625001 0.3762113859375 0.5799106671875001 0.40727720156249997 0.58797014375 0.4260209578125 0.5870123875 0.453101853125 0.5914569359375 0.4698037796875 0.5904025374999999 0.479708828125 0.5850729859375 0.48686511250000003 0.571442890625 0.5146964609375 0.46812585 0.537958353125 0.3978014171875 0.58599873125 0.2100466265625 0.58726254375 0.1935020015625 0.6004298015625 0.15142809375 0.599320034375 0.1408330609375 0.5674919765625 0.1482876984375
12 0.43920417343749996 0.30457012968749997 0.43498623593749997 0.3035798 0.42762459062499997 0.307975484375 0.4274626578125 0.3190374484375 0.42395165468749996 0.3262510171875 0.4326520953125 0.38991785625 0.436269725 0.3953603390625 0.4458430203125 0.3960770265625 0.45370623906249996 0.39065083125 0.45467384062500005 0.384371128125 0.44506899375 0.3193436703125 0.43920417343749996 0.30457012968749997
10 0.44050361562499996 0.155982321875 0.454208696875 0.24134003593750003 0.4549148328125 0.26156235625 0.4601359140625 0.26049166874999996 0.46823214999999996 0.252440878125 0.49482334687499996 0.213901540625 0.4959884234375 0.2007785546875 0.48513952812500005 0.12435902031249998 0.44050361562499996 0.155982321875
10 0.2404990953125 0.2031816375 0.2348751796875 0.20186119374999997 0.1990345484375 0.2175599125 0.18367540625 0.22658474687500002 0.181033265625 0.23094025468749999 0.2005431640625 0.2906381640625 0.2145042171875 0.2973609109375 0.22855611874999998 0.284584325 0.2303649328125 0.287305565625 0.2439508046875 0.279778171875 0.2442470140625 0.2695132515625 0.2385875578125 0.263974125 0.2531054890625 0.24594834375 0.2502501015625 0.22499174531250002 0.2404990953125 0.2031816375
10 0.520202140625 0.0920190328125 0.5127062171875 0.0956176734375 0.5128483828125 0.1124924109375 0.5102417875 0.1210666 0.5122993921875 0.15331863125 0.5264026125 0.17691611093749998 0.534032815625 0.174114515625 0.5364063953125 0.1681649234375 0.538199434375 0.138730778125 0.5327216734375 0.094192984375 0.520202140625 0.0920190328125
10 0.3659511890625 0.13426777343750002 0.3488187734375 0.14479005 0.3532499609375 0.17109248906250002 0.35857766562500004 0.1826778515625 0.373202221875 0.1773081234375 0.38066260625 0.16949079843749998 0.3812273734375 0.16081996406250001 0.37525592812499997 0.1333903734375 0.3659511890625 0.13426777343750002
10 0.5470697859375 0.07115147656250001 0.5458849453125 0.11221116406250001 0.542105384375 0.11783064531250001 0.5410745875 0.13175067499999998 0.5420145359374999 0.1373299796875 0.544960771875 0.13878724375 0.5486415953125 0.136589403125 0.5588073125 0.1167762453125 0.5579661015624999 0.1077753015625 0.5612440890625 0.1031863265625 0.5620616359375 0.06395419531249999 0.5584795484375 0.06273039687500001 0.5470697859375 0.07115147656250001
10 0.42909784218749997 0.104311315625 0.4133358625 0.11094501875 0.41491955 0.13236855 0.41961140468749997 0.14418738125 0.4337343890625 0.13984816093750002 0.43624224843750004 0.1346956140625 0.4322138984375 0.11078430624999999 0.42909784218749997 0.104311315625