1 0.9586543671875001 0.396933234375 0.9842834421875001 0.3704432484375 0.97236975625 0.353920915625 0.9239801125 0.3194676765625 0.902559715625 0.31562781093750003 0.884782809375 0.327608925 0.8584924203125001 0.35505447968750004 0.85452453125 0.36078789218749996 0.8528750031250001 0.3758227765625 0.8813315796875001 0.4021784640625 0.9215296203125 0.42211110781250005 0.928145275 0.4209860640625 0.9586543671875001 0.396933234375
1 0.7346017375 0.33375695781250003 0.7617206484375 0.3114399234375 0.7775111046875 0.2938948734375 0.7759376640625 0.2866798765625 0.75988888125 0.2698068640625 0.7512006703125 0.25389528437500003 0.7435917921875 0.25223836093749996 0.7289567578125 0.261788184375 0.6933243578125 0.2995696546875 0.6963040312500001 0.307915559375 0.720957425 0.33765810625000003 0.7244312046875 0.3389643515625 0.7346017375 0.33375695781250003
1 0.7419238015625 0.4834279125 0.747297925 0.47882540625000003 0.7467988078125 0.4690037796875 0.711721565625 0.426911853125 0.7028736656250001 0.4302081109375 0.674596825 0.452089728125 0.674515725 0.45747832656250004 0.7028101046875 0.4946112078125 0.7419238015625 0.4834279125
1 0.85750420625 0.3691337953125 0.8599872671875 0.3760887171875 0.9144984578124999 0.41645657187499996 0.9240912796874999 0.4152467890625 0.9789904203124999 0.36965715625 0.9070267234375 0.319716025 0.8999980593749999 0.32249212968749996 0.85750420625 0.3691337953125
1 0.731437315625 0.2603124625 0.6935726640625 0.300265146875 0.7216187359374999 0.3367025375 0.7322858812499999 0.33288612500000003 0.7685821046875 0.3025797296875 0.77767580625 0.2915483203125 0.7438400984375 0.252933853125 0.731437315625 0.2603124625
1 0.6954470265625 0.485219134375 0.711495809375 0.5020921453125 0.719021084375 0.5007070234375 0.7437430453125 0.482907759375 0.749694875 0.474307640625 0.72131689375 0.43413271406250004 0.7114732609375001 0.42621636093750004 0.703534978125 0.42925254218750003 0.6744321203125 0.45443628125 0.6954470265625 0.485219134375
1 0.6784610625 0.37586912968749997 0.660088909375 0.332833359375 0.6528094359375001 0.326483328125 0.6405713578125 0.3315153859375 0.62064580625 0.34870975937500004 0.6374470234375 0.39296117656249996 0.644891196875 0.3969646515625 0.656467965625 0.3928881640625 0.6784610625 0.37586912968749997
1 0.6749061843749999 0.37995148125 0.6779644499999999 0.37447814375 0.661827053125 0.3377018046875 0.6518998171875 0.3267434046875 0.643713228125 0.3290840953125 0.6232910656249999 0.3448874859375 0.6428236515625 0.3967893125 0.6542357156249999 0.39505937812499997 0.6749061843749999 0.37995148125
8 1 0.2803884359375 0.9636574437500001 0.17859492500000002 0.8428976562500001 0.1962515265625 0.7192653015625 0.209372065625 0.5430396359375 0.23523049999999998 0.5315464734375 0.24234903281250003 0.525429940625 0.2532957046875 0.525936575 0.288409259375 0.5188268140625001 0.2965739625 0.5185810125 0.30430911250000003 0.5132068921874999 0.30891161875 0.5069206453125 0.30534355625 0.5010499109375 0.3085550765625 0.49486230000000003 0.35861291875 0.486016903125 0.37033981875 0.5008216484375 0.37530472656249997 0.4878001453125 0.52695983125 0.47647418906250005 0.5401624546875 0.46631368125000006 0.579092421875 0.470615984375 0.5855271890625 0.48219525625 0.58988134375 0.4920413953125 0.6062283374999999 0.49857594687500006 0.610491890625 0.5325102937499999 0.7027322609375 0.53722560625 0.70751596875 0.552443359375 0.710829815625 0.5675750046875 0.702670975 0.6039598421875 0.692267909375 0.6237257015625 0.6942813734375 0.6341570671875 0.731922684375 0.650950765625 0.7508821718750001 0.660959103125 0.7564519703125 0.662616146875 0.7667090125 0.6565832171875 0.7806977296875 0.6568340296875 0.7898238640625 0.673060040625 0.8465035359374999 0.67629804375 0.889267503125 0.6661300156250001 0.9029055421875001 0.6432272984375 0.9201846546875 0.6181734265625 0.9342463828125 0.6149504578125 0.9420662703125 0.6200001828125 0.959018159375 0.62860479375 0.9718876921874999 0.6422445328124999 0.9843708140625 0.666496515625 0.983665153125 0.974561475 0.8955839515624999 0.943498325 0.87955461875 0.915454759375 0.851547871875 0.90147603125 0.8432808421875 0.887659496875 0.8242366156250001 0.8716132203125 0.8157942484375 0.862595603125 0.8045757734375 0.846301021875 0.7954379125 0.8276930890624999 0.7938598640625 0.824634821875 0.7993332 0.8262082625 0.8065481968749999 0.7487282890625 0.8394319078124999 0.74053919375 0.8333419546874999 0.7196154109374999 0.830893075 0.6971156749999999 0.8127985546875 0.699837021875 0.786726396875 0.7107424515625 0.74988290625 0.708999296875 0.7281531765625 0.722544975 0.670626125 0.7295736359375 0.66785001875 0.755458534375 0.66734745625 0.781837540625 0.6598052328125 0.7890283984375001 0.6462519312499999 0.8036659390625 0.6451327499999999 0.8335998218749999 0.633508175 0.8883442828125 0.6239876671875 0.9014108859375 0.62408413125 0.914644696875 0.6302646859375 0.935733184375 0.6303670109375 0.9450802078124999 0.63689238125 1 0.6549907390625 1 0.2803884359375
10 0.50985588125 0.720706865625 0.4612354703125 0.7445726296874999 0.45635796093750003 0.75056611875 0.47076723749999994 0.8161965875 0.5156320640625001 0.9558998937500001 0.525729015625 0.9813730234375001 0.53571113125 0.98747061875 0.5368568984375 0.9874372812500001 0.5498782765625 0.9844326578124999 0.5697227296875 0.9726268796875001 0.621398903125 0.9348571375000001 0.6786164046875001 0.898568978125 0.6875454046875 0.889884121875 0.6874592953125 0.878411434375 0.6561702078125 0.7823487921875001 0.655914384375 0.75636136875 0.6287679125000001 0.68594133125 0.61908898125 0.6756784265625 0.5746011609375 0.691464228125 0.50985588125 0.720706865625
10 0.33532484375 0.88328198125 0.3821433078125 0.9919389859375001 0.6275975515625001 0.984796996875 0.617517121875 0.9520632359375 0.609411634375 0.949015328125 0.597173553125 0.9540473859375 0.55392976875 0.981741290625 0.5382179078125 0.9854671015625 0.529202796875 0.9826792687499999 0.4792071421875 0.8314126749999999 0.46919630156250003 0.8174122328125 0.45861025624999996 0.8158400468749999 0.3531828453125 0.86591226875 0.3385478140625 0.8754620921875 0.33532484375 0.88328198125
4 0.1088796125 0.282715784375 0.1546214875 0.31256065624999996 0.1671103796875 0.3166547359375 0.19679596093750001 0.30433466875000004 0.20688289062499998 0.29608522812500004 0.2523664390625 0.2915120390625 0.264520915625 0.2834379359375 0.2711340640625 0.2738822484375 0.28792024843749997 0.2675498078125 0.290978515625 0.262076471875 0.3061101609375 0.25391763125 0.3059429515625 0.24783354218750003 0.29767025468749997 0.23870154375000002 0.30345487968749996 0.2240173375 0.2927827234375 0.2109724625 0.28285799218749996 0.20844470624999997 0.255982375 0.214595946875 0.238861775 0.20876020781250001 0.23364985 0.202585515625 0.22628927812500002 0.20162408437499998 0.1570719796875 0.209917221875 0.12349961093749999 0.222582103125 0.075535503125 0.2286310140625 0.06486836093750001 0.2324474265625 0.062555009375 0.24000723906250002 0.06768583593750001 0.25157052812499997 0.08232588125 0.2588819890625 0.1004372015625 0.259069053125 0.1088796125 0.282715784375
12 0.5956930781249999 0.42482803281250003 0.5928781062499999 0.414135575 0.5784863671875 0.4075196046875 0.5315154843750001 0.416350484375 0.4996787546875 0.42545316718750004 0.478015059375 0.43777909687500005 0.48066533125 0.45081810781250004 0.484387415625 0.45281984687500004 0.494641553125 0.4506544953125 0.5080400671875 0.454488496875 0.5249098562500001 0.45119810156250006 0.5893282359375001 0.4350792109375 0.5956930781249999 0.42482803281250003
5 0.6967211296875 0.5982949484375 0.657650946875 0.47763000624999996 0.6540935609375 0.47328171562500004 0.6478909171875 0.4727556984375 0.6098515421874999 0.481332365625 0.6049740328125 0.4873258546875 0.60729239375 0.49662732812500004 0.6424707734374999 0.6007758 0.64693778125 0.604864015625 0.6727390765625 0.6013194046875 0.6879568296875 0.6046332546875 0.6945724828125 0.6035082093749999 0.6967211296875 0.5982949484375
5 0.8097489765624999 0.7997568890625 0.7715448984375 0.8106801078125001 0.7400400781250001 0.8235203265625 0.7355755765625 0.82786275625 0.7378939375 0.8371642296875 0.7700065359375 0.9214941078125 0.8111141999999999 0.9411666765625 0.8128510906249999 0.9418198015625 0.8563868078124999 0.929372171875 0.8409519546875 0.8843468437500001 0.8241557484375001 0.8569567140625001 0.8097489765624999 0.7997568890625
4 0.32903859375 0.8797139203125001 0.339125521875 0.8714644796875 0.332674571875 0.8702429703125001 0.32630472187500004 0.8636328656250001 0.33829449375 0.8579053140624999 0.337630675 0.8504302421875 0.3334955796875 0.8500795640625001 0.3064577640625 0.8670079984375001 0.29281345000000003 0.870909146875 0.281979096875 0.8686414687499999 0.2825543015625 0.8562132124999999 0.2746160203125 0.8592493937500001 0.26494460625 0.8742784171875 0.2337767078125 0.9077174609374999 0.23576315625 0.9132813984375 0.2403948640625 0.9150230578125 0.252303540625 0.9146841078125 0.2638828125 0.9190382609375 0.275294875 0.9173083249999999 0.32391779062500003 0.901873203125 0.3247413015625 0.8901404375 0.3328442859375 0.8847577031249999 0.32903859375 0.8797139203125001
10 0.082136121875 0.1769221140625 0.0758398546875 0.13963148125 0.0635181703125 0.14162149531249998 0.0628593609375 0.1510077046875 0.0492961453125 0.1495202578125 0.0211789953125 0.1521940359375 0.039556159375 0.21209109062499998 0.06932784843749999 0.2112437140625 0.0846267 0.2091689625 0.08478639375 0.189961125 0.089334496875 0.1886607421875 0.082136121875 0.1769221140625