4 0.5590255375 0.8748283609374999 0.5343306796875 0.8583104593750001 0.5194310109375 0.8314310171875 0.515977528125 0.80944408125 0.5112945546875001 0.8025532109375 0.5036427234375 0.8004750359375 0.49685426250000003 0.8038935921875 0.48788456562500004 0.8218821609375 0.489560809375 0.8357160140625 0.464411453125 0.84476159375 0.45711311875 0.8228007125 0.4533566390625 0.81785609375 0.4456795609375 0.8171981109375 0.43286500937500005 0.835212734375 0.4335263828125 0.8520710156250001 0.44389457343750005 0.8635384265624999 0.45030428906250003 0.8814227656250001 0.44844355468749997 0.9320236609375 0.44638856875000005 0.93949270625 0.7404609734375 0.883372496875 0.7396200015625001 0.8799945499999999 0.7444923484375 0.8762339718750001 0.7608866265625001 0.8731053203125001 0.7872528484375 0.8496737718749999 0.7944453046875 0.823532121875 0.7793436390624999 0.8080142265625 0.7707526875 0.8046998953125 0.76107111875 0.8086705703125 0.70548344375 0.853955490625 0.6607184562499999 0.8851443484375 0.5990366859375 0.894792515625 0.5590255375 0.8748283609374999
4 0.7011034656249999 0.8300223015625001 0.732228409375 0.8092210453125 0.7352477671875 0.8015679625000001 0.7190554828125 0.793335071875 0.64081043125 0.76155984375 0.6130835890624999 0.7534051203125001 0.6043916375 0.755771565625 0.6267790140625 0.7939604375 0.6562199750000001 0.813818725 0.7011034656249999 0.8300223015625001
0 0.47462124843750003 0.6489068578125 0.4627079453125 0.6702879265624999 0.4622155765625 0.6979816921875 0.4752748765625 0.7202585375 0.500732109375 0.74795394375 0.5169370171875001 0.7554767390625 0.5342451671874999 0.755004434375 0.5702045828125 0.7325728890625001 0.5712952 0.7252878859375 0.5820421375 0.7154524015625 0.5958968062500001 0.6929931578125 0.6017461468749999 0.6883384453125 0.6123668359375001 0.6856039265625 0.6436306515625 0.6569916046875 0.647652253125 0.6470241984375 0.6352290734375 0.6430258265625 0.5957404281249999 0.6477310140625 0.581502134375 0.6377098515624999 0.5806640125 0.630792925 0.544762840625 0.5958906859375 0.5371362578125 0.5923923156249999 0.5236477093749999 0.59425875625 0.5129891468750001 0.599123565625 0.50918216875 0.5970193328125 0.518076115625 0.5832913453125 0.5153471296875 0.5746122046875 0.5066804296874999 0.575558453125 0.501921709375 0.5729281625 0.48842053593749996 0.5755047015625 0.49644336874999995 0.6107733765625001 0.4827275734375 0.62542155625 0.47462124843750003 0.6489068578125
8 0.28369933281250004 0.5218662640625 0.29154053593749996 0.5132929890625 0.3057283296875 0.5261545390625 0.3135569109375 0.5182913625000001 0.335530528125 0.4716367234375 0.37677403125 0.3682281078125 0.37594853437500003 0.360601084375 0.348827684375 0.3183617265625 0.3440815859375 0.31502133906249996 0.3363540078125 0.31720374218749997 0.269322165625 0.5196561609375 0.26925904218749996 0.5232066453125 0.28369933281250004 0.5218662640625
12 0.31994423906249997 0.42931919374999994 0.32287522343749997 0.4266367890625 0.322963596875 0.42166611249999997 0.319143990625 0.4202719765625 0.2892990390625 0.4231367796875 0.27480824843749996 0.42731754843749997 0.2718141390625 0.4335504375 0.28234645625 0.43578659374999995 0.31994423906249997 0.42931919374999994
5 0.385906159375 0.8816816968750001 0.3870851515625 0.869426015625 0.36671000781249996 0.7721150875 0.3629156546875 0.7693007578125 0.346546625 0.77100921875 0.36485415468750004 0.8764992859375 0.37723945937500003 0.8826279453125 0.385906159375 0.8816816968750001
0 0.331994725 0.9408004734375 0.34170154375 0.93540960625 0.345723146875 0.9254421953125 0.348220003125 0.8931197734375 0.344602396875 0.8803640906249999 0.3353121984375 0.8623217703125 0.3015845171875 0.867342921875 0.3101550984375 0.9258607484375 0.3242923953125 0.9415626828124999 0.331994725 0.9408004734375
0 0.32093503125 0.8601116703124999 0.328700484375 0.855798978125 0.328750984375 0.852958590625 0.3143738171875 0.8507484921874999 0.30471749843749996 0.853298971875 0.3017865140625 0.8559813765625 0.3026120109375 0.8636084 0.32093503125 0.8601116703124999
4 0.6067137671875 0.8954504984374999 0.5923492234375 0.8925303 0.5333789328125 0.857784403125 0.5221852453125 0.8386899640625 0.5150131609375 0.8096281187500001 0.5093658171875 0.8029212875 0.501726609375 0.8001330140625 0.4978438828125 0.8022893609375 0.4888994359375 0.818857734375 0.48860906562500006 0.83518995625 0.46635281875 0.8436834187500001 0.45617399843750006 0.8215645578125 0.445603809375 0.821458690625 0.43476849843750004 0.8362648515625001 0.434452878125 0.8540172671875 0.44673718281249997 0.8658266984375 0.44831242656250003 0.885341325 0.4483930546875 0.9348640484375 0.447059434375 0.9393646796875 0.742449984375 0.88299291875 0.742500484375 0.88015253125 0.7836478671875 0.8362079937500001 0.7841149875 0.8099344203125 0.7803332609375 0.80640999375 0.7755745359375 0.8037797046874999 0.763012484375 0.80759239375 0.7220544734375001 0.840885484375 0.713667959375 0.853101259375 0.6986697328125 0.8587942421875001 0.6636241890625 0.8838821359375 0.6375483390625 0.8909814624999999 0.6067137671875 0.8954504984374999
4 0.654700109375 0.8452470140624999 0.6641165578125 0.8561883671875 0.6737476265625 0.8550580812499999 0.725376825 0.8161900859375001 0.73515939375 0.8065386390624999 0.7343086484375 0.8003318078125 0.6235906546875001 0.7570614734375 0.6091629875 0.757691759375 0.610864478125 0.7701054203125001 0.643594796875 0.8211818984375 0.654700109375 0.8452470140624999
10 0.199829321875 0.5902407109375 0.263591328125 0.5717033078125 0.27243477656250004 0.5608157078125 0.29163379218749996 0.5621056171875 0.2918105390625 0.5521642640625 0.27261152499999997 0.55087435625 0.2798292296875 0.5233125125 0.21417635937499999 0.540087703125 0.2073878984375 0.5435062609375 0.19797633125 0.5863482078125 0.199829321875 0.5902407109375
10 0.2430035796875 0.6485240250000001 0.24771954843750002 0.599501303125 0.218788465625 0.6050224562500001 0.18786551875 0.6144621671875 0.185966909375 0.6671933531249999 0.2430035796875 0.6485240250000001
10 0.2131761328125 0.704462034375 0.22874491875 0.6937063578125 0.2242134421875 0.678294328125 0.1981123421875 0.686813846875 0.175868721875 0.694597215625 0.17160725 0.718056459375 0.2131761328125 0.704462034375
10 0.20102295625000002 0.7393349390624999 0.2193333515625 0.7365483046875 0.2204870921875 0.72571281875 0.215677871875 0.7259229140625 0.2119592671875 0.7188480046875 0.201325953125 0.7222926203125 0.16738365156249999 0.7393854140625 0.166141534375 0.7551915765625 0.20102295625000002 0.7393349390624999