8 0.540625 0.7033333328125 0.54625 0.6991666671875 0.553125 0.6799999999999999 0.566875 0.655 0.58125 0.6174999999999999 0.59875 0.5825 0.605 0.5599999999999999 0.604375 0.5516666671875 0.59375 0.5475 0.429375 0.5008333328125001 0.40750000000000003 0.49833333281250003 0.34625 0.48166666718749995 0.3375 0.4841666671875 0.33999999999999997 0.4925 0.335 0.5016666671875 0.320625 0.5125 0.31 0.5125 0.26375000000000004 0.4891666671875 0.24625 0.4891666671875 0.220625 0.4791666671875 0.191875 0.4875 0.17875000000000002 0.48666666718749996 0.17124999999999999 0.48333333281249996 0.16312500000000002 0.4733333328125 0.16312500000000002 0.4691666671875 0.168125 0.4641666671875 0.16499999999999998 0.4583333328125 0.14750000000000002 0.45499999999999996 0.141875 0.4483333328125 0.1075 0.45083333281250004 0.06937499999999999 0.46166666718749994 0.06999999999999999 0.46666666718750005 0.074375 0.47000000000000003 0.138125 0.5008333328125001 0.170625 0.5216666671875 0.30375 0.5833333328125 0.40750000000000003 0.6366666671875 0.490625 0.6725 0.500625 0.6875 0.51875 0.6925 0.540625 0.7033333328125
12 0.42437500000000006 0.515 0.42874999999999996 0.5700000000000001 0.433125 0.5733333328125 0.44312500000000005 0.5725 0.44625000000000004 0.5700000000000001 0.44312500000000005 0.5108333328125 0.43624999999999997 0.4933333328125 0.43 0.4933333328125 0.42625 0.49749999999999994 0.42437500000000006 0.515
10 0.32125 0.4766666671875 0.34750000000000003 0.4791666671875 0.338125 0.3891666671875 0.31375000000000003 0.38416666718750003 0.26 0.38416666718750003 0.268125 0.4483333328125 0.274375 0.46333333281250005 0.32125 0.4766666671875
10 0.44437499999999996 0.3516666671875 0.448125 0.38 0.456875 0.38333333281250004 0.473125 0.3825 0.479375 0.3858333328125 0.491875 0.38333333281250004 0.49437499999999995 0.3408333328125 0.4875 0.3383333328125 0.445625 0.3391666671875 0.44437499999999996 0.3516666671875
10 0.090625 0.40416666718750005 0.09875 0.4108333328125 0.12125 0.4158333328125 0.11937500000000001 0.40083333281250005 0.1075 0.3591666671875 0.0975 0.35583333281249996 0.0775 0.35583333281249996 0.076875 0.3616666671875 0.090625 0.40416666718750005
10 0.21000000000000002 0.4525 0.21125 0.4483333328125 0.193125 0.3866666671875 0.1825 0.3708333328125 0.175625 0.36666666718749996 0.175625 0.37666666718749997 0.195 0.4516666671875 0.21000000000000002 0.4525
10 0.336875 0.3691666671875 0.335 0.335 0.30375 0.3341666671875 0.305 0.3691666671875 0.315625 0.375 0.32 0.3708333328125 0.336875 0.3691666671875
10 0.03625 0.3691666671875 0.0475 0.3991666671875 0.05500000000000001 0.4025 0.06625 0.4016666671875 0.0675 0.3983333328125 0.06375 0.3908333328125 0.055625 0.3541666671875 0.050624999999999996 0.3508333328125 0.03375 0.3508333328125 0.03625 0.3691666671875
10 0.25375000000000003 0.3608333328125 0.24937499999999999 0.33166666718750004 0.22937500000000002 0.3308333328125 0.22625 0.33166666718750004 0.22625 0.3441666671875 0.231875 0.3625 0.25375000000000003 0.3608333328125
4 0.61125 0.3483333328125 0.6018749999999999 0.325 0.590625 0.3233333328125 0.585 0.3291666671875 0.57875 0.3533333328125 0.5543750000000001 0.38416666718750003 0.5525 0.3958333328125 0.57125 0.3991666671875 0.575 0.3858333328125 0.596875 0.38416666718750003 0.620625 0.3875 0.6275000000000001 0.385 0.629375 0.3791666671875 0.6212500000000001 0.3466666671875 0.61625 0.34500000000000003 0.61125 0.3483333328125
8 0.845 0.5725 0.840625 0.5575 0.819375 0.5349999999999999 0.7893749999999999 0.4575 0.78125 0.4441666671875 0.6975 0.43333333281249997 0.67 0.44333333281250004 0.656875 0.44333333281250004 0.6525000000000001 0.44749999999999995 0.640625 0.4733333328125 0.610625 0.5516666671875 0.6118750000000001 0.5633333328125001 0.620625 0.5691666671875 0.829375 0.6258333328125001 0.834375 0.63 0.8393750000000001 0.6433333328125 0.844375 0.6408333328125 0.851875 0.6208333328125 0.8543749999999999 0.6058333328125001 0.851875 0.5783333328125 0.845 0.5725
0 0.67625 0.40499999999999997 0.646875 0.4058333328125 0.635625 0.41166666718749995 0.620625 0.4141666671875 0.618125 0.42083333281249996 0.621875 0.42750000000000005 0.6487499999999999 0.43916666718749997 0.6643749999999999 0.4408333328125 0.6681250000000001 0.445 0.6925 0.43499999999999994 0.6950000000000001 0.42833333281249997 0.69375 0.4175 0.68125 0.4125 0.67625 0.40499999999999997
0 0.40499999999999997 0.39 0.401875 0.3908333328125 0.401875 0.395 0.41375 0.3991666671875 0.4225 0.3991666671875 0.44437499999999996 0.3891666671875 0.441875 0.375 0.4225 0.3741666671875 0.40750000000000003 0.3825 0.40499999999999997 0.39