0 0.5229549984374999 0.42086551562499996 0.520411178125 0.41943671406250005 0.5148306703125 0.4239907203125 0.5066303140625 0.4518203984375 0.495982034375 0.46313851250000004 0.49055703125 0.4814749015625 0.490269346875 0.5267231875 0.49765934375 0.53712083125 0.5144406109374999 0.542702246875 0.5387077734375 0.5435985421875 0.552161209375 0.5372197109375 0.5568419437500001 0.527595309375 0.562101503125 0.49066567812499995 0.5578540265624999 0.464013321875 0.5425811671874999 0.45062964531249994 0.5354326375 0.4341207671875 0.5229549984374999 0.42086551562499996
10 0.6937218765625001 0.553781809375 0.6437651078125 0.539897859375 0.639560828125 0.595680271875 0.686596675 0.6100859859375001 0.6937218765625001 0.553781809375
10 0.637543140625 0.6644637703125 0.6346917624999999 0.698661534375 0.6725778046875 0.71177224375 0.682372525 0.6562466828125 0.633305596875 0.6426222703125 0.6323099265625001 0.6526346359375 0.64159536875 0.658090309375 0.637543140625 0.6644637703125
10 0.5451889328124999 0.9136412484375 0.5471936687500001 0.9616187125 0.6015037453125001 0.9918831171875 0.606230696875 0.9431216656249999 0.5614574640625001 0.917012559375 0.5483612578125 0.9118191093749999 0.5451889328124999 0.9136412484375
10 0.6205471890625 0.8009979812499999 0.659961509375 0.8159281421875001 0.6671165171875 0.7740565421875 0.657831075 0.7686008656250001 0.625032675 0.7583477656250001 0.6205471890625 0.8009979812499999
10 0.61205915 0.8740759453125 0.6213545265625 0.8843424765625001 0.647933978125 0.8975896703125 0.6532134093749999 0.870281753125 0.651790959375 0.8581903953125 0.619621065625 0.8446863515624999 0.61205915 0.8740759453125
10 0.5644306453125 0.634210109375 0.5615429859375001 0.7123557828125 0.6234547203125 0.7324740234375 0.63018640625 0.7316900359375 0.6373975671875 0.6554922421875 0.6351051484375 0.6527630609374999 0.5644306453125 0.634210109375
4 0.67154930625 0.8289238546875 0.6651847890625 0.82294641875 0.6505702359375001 0.8207443718749999 0.6457240609375 0.81177553125 0.6398722796875 0.8080082000000001 0.624870690625 0.8029458625 0.6271631109375 0.8056750421875 0.6192240921875001 0.8370152015625001 0.6346027828125 0.8401269734374999 0.6528924609375 0.8379061265625 0.666878509375 0.8433591140625 0.671317775 0.8398459468749999 0.67154930625 0.8289238546875
5 0.569881996875 0.567114953125 0.5575896703125001 0.582074659375 0.5408779484374999 0.61016925 0.5446126875 0.6346115015625 0.5481720484375 0.635649653125 0.553626859375 0.6317458375 0.5795842828125 0.5898634921875 0.5808313546874999 0.57855075 0.5767393828125 0.5656807781250001 0.5741955640625 0.564251975 0.569881996875 0.567114953125
12 0.626252084375 0.2415043140625 0.611376196875 0.2357917890625 0.5714789453125 0.23308409531250002 0.5674167812500001 0.234646696875 0.5678236890624999 0.24712870312500002 0.584856359375 0.2514097421875 0.6172577859375 0.25399169375 0.6283030375 0.2503447296875 0.626252084375 0.2415043140625
3 0.52629924375 0.3792561375 0.519421984375 0.37106859999999997 0.526656475 0.3676838578125 0.5270236421875001 0.360922434375 0.522438803125 0.35546407343749997 0.51201211875 0.3510492390625 0.49842304375 0.3532674 0.5007254 0.3608074390625 0.5037720218749999 0.3596354890625 0.5134345671875 0.363140596875 0.5120916015625 0.3895361 0.5256806734375 0.3873179375 0.52629924375 0.3792561375
3 0.501896446875 0.374199171875 0.49860835468750003 0.3814823578125 0.5059884171875 0.38706914375 0.510689021875 0.387066459375 0.5031832609375 0.3821298609375 0.501896446875 0.374199171875
1 0.5395310859375 0.3886102578125 0.54233624375 0.3935495421875 0.5516216859374999 0.3990052171875 0.5534972609375 0.3844415296875 0.5508178046875 0.378852059375 0.5414066625 0.3740465734375 0.5395310859375 0.3886102578125
8 0.6241588078125 0.5197554453125 0.6236097875 0.56149325 0.6299345671875 0.5482272546875 0.6425081015624999 0.5463997453125 0.6552963125 0.40245660625 0.6395305828125 0.396484540625 0.6241588078125 0.5197554453125