8 0.342453390625 0.6502917078125 0.3773293921875 0.6250616250000001 0.42878599375000004 0.5747443265625 0.44825145781250003 0.55849055625 0.46609404374999996 0.5358087515625 0.4692478765625 0.53014850625 0.4660929125 0.52413498125 0.34459499375 0.42927826874999997 0.32377506093749997 0.4187734328125 0.280421534375 0.384493190625 0.2714088875 0.383154665625 0.2671735140625 0.3884208125 0.2665430875 0.3930549921875 0.26023485625 0.3985386015625 0.23932639843749998 0.404538765625 0.1457675140625 0.312080409375 0.14585660625000002 0.30141229687500004 0.149640865625 0.2911178703125 0.14711689687500001 0.28630705 0.123413234375 0.27864254375 0.1043966234375 0.2765770515625 0.09204969843750001 0.2788874625 0.06636339687500001 0.27244607187500003 0.0194297578125 0.26852651562499996 0.0181012203125 0.2709108671875 0.0183267765625 0.2734250078125 0.044916429687499995 0.30159672656250003 0.07808667968750001 0.3448124625 0.0855689328125 0.36407615 0.11594397812499999 0.3936272140625 0.12694095625 0.41125327812499995 0.186430190625 0.4796237671875 0.19283034062499999 0.4926564703125 0.20662082656249997 0.5064365515625 0.21572539062499999 0.5262913874999999 0.3329901984375 0.6497617906250001 0.342453390625 0.6502917078125
10 0.2189519265625 0.34069335624999997 0.23265218906250001 0.3534677828125 0.27095777499999996 0.37812638593750003 0.28006064375 0.380470565625 0.3180853890625 0.29704827031250003 0.32069788906249996 0.285354090625 0.252290184375 0.2575089296875 0.23480961718749999 0.2958871296875 0.2189519265625 0.34069335624999997
10 0.44273148906250004 0.32787588749999996 0.45994591093750004 0.333175803125 0.46562315 0.326489490625 0.48526679531249994 0.2888994921875 0.444979140625 0.2713008875 0.4429062828125 0.271518346875 0.435697521875 0.284456053125 0.42875942812499995 0.300410725 0.428309446875 0.30705621562499996 0.44164881874999995 0.31580801875 0.44273148906250004 0.32787588749999996
10 0.078705803125 0.223440578125 0.096462125 0.240611315625 0.1034921359375 0.24317295468750003 0.1200687828125 0.17722754375 0.093300378125 0.16455516875 0.088794903125 0.1726412359375 0.078705803125 0.223440578125
10 0.17226298906249998 0.298388278125 0.1884793125 0.2342571296875 0.1815378265625 0.2151904921875 0.1764915796875 0.22307950937499998 0.1527963953125 0.3029682796875 0.1636117984375 0.3069092625 0.16955970468749998 0.30323991562499997 0.17226298906249998 0.298388278125
10 0.30258011093750004 0.25832384531249997 0.3307001578125 0.2685704 0.3484513921875 0.233209171875 0.3443953328125 0.228812859375 0.3186188125 0.22136581406250003 0.3072648984375 0.2405753203125 0.30258011093750004 0.25832384531249997
10 0.245074640625 0.2004040125 0.23804745624999998 0.22702680000000003 0.258957046875 0.2327004046875 0.2728332328125 0.20079105937500002 0.2531850625 0.19168598125 0.25003066406249996 0.191509340625 0.245074640625 0.2004040125
12 0.30882129375 0.491146875 0.3088218578125 0.49698375937500006 0.32017803125 0.501121790625 0.3503641515625 0.44110826718749996 0.3535168546875 0.42377425156250004 0.34702761249999997 0.4214096609375 0.34198080000000003 0.4234617921875 0.33053666718749997 0.44166564687500004 0.30882129375 0.491146875
4 0.5672828453125 0.311002765625 0.555658265625 0.3271953078125 0.5171773203125001 0.3530573578125 0.5117707499999999 0.3627606359375 0.51438494375 0.3685771125 0.521505178125 0.3721444078125 0.5254698828125 0.3638612921875 0.53466184375 0.3555373578125 0.5721554281250001 0.371145059375 0.5846811015625 0.3533353078125 0.586482728125 0.34426399375 0.5803532453125 0.3342482578125 0.586569559375 0.3102483390625 0.57764656875 0.304078584375 0.5672828453125 0.311002765625
8 0.6527539140624999 0.6456545609375001 0.6584283281250001 0.6097838234374999 0.6573433953125 0.5743684124999999 0.6723862578124999 0.49132685625 0.6713938109375001 0.48026464375 0.6649942234374999 0.4730688265625 0.61100630625 0.44269579531250003 0.5641414453125 0.4450744859375 0.5536874984375 0.45099301093750005 0.53710633125 0.4702433390625 0.48042303906250006 0.5264383406250001 0.472853953125 0.5411903078125 0.48339981718749997 0.5537880953125 0.55478316875 0.5973092375 0.5956138578125 0.6384524328125 0.624275803125 0.6605698078125 0.6360825234374999 0.663899234375 0.6468071390625 0.6609976765625001 0.6527539140624999 0.6456545609375001
0 0.59280113125 0.443844321875 0.6090231046875 0.4380820265625 0.615330771875 0.4267615328125 0.6076692015625 0.4171603046875 0.6080289624999999 0.40950915468750004 0.578827375 0.39886850156250003 0.5738707859375001 0.40192629062499996 0.5584591203125 0.39922883124999997 0.5525112140624999 0.4028981765625 0.5497182734375 0.41258104375000004 0.5676550406249999 0.43176309375 0.59280113125 0.443844321875
5 0.231034965625 0.40540860156249997 0.25059178125 0.40183425625 0.2661827609375 0.3948692546875 0.2663626421875 0.39104368125 0.23751968437499998 0.3610781109375 0.2283265921875 0.3577282734375 0.204263734375 0.3635518 0.1999381390625 0.3678122921875 0.231034965625 0.40540860156249997