8 0.2450584578125 1 0.28738379062499997 0.9297588109375001 0.286905759375 0.8934943171875 0.2929297328125 0.87392046875 0.2805670234375 0.81615763125 0.28301934375000004 0.8004292359375 0.311529725 0.7785138859375 0.32138956093750004 0.7838027109375 0.3262817328125 0.7823459609375 0.3300923171875 0.7731074312499999 0.3275768046875 0.7035828171875 0.32999138125 0.6837532609375 0.32689758593749996 0.6768125609375 0.3309973125 0.636282075 0.3291102921875 0.47827466249999995 0.327475353125 0.4730767109375 0.3189360375 0.4701765921875 0.28082985781250003 0.46846059999999995 0.227808228125 0.4765079296875 0.1944936265625 0.47808230937499996 0.1352970453125 0.48929884375 0.1307947765625 0.5017671625 0.17658600468750002 0.7584616843750001 0.17957920624999998 0.7701495 0.1915267328125 0.782799565625 0.1940671796875 0.79232409375 0.2207798671875 0.967008771875 0.2278591359375 0.9988510093749999 0.23228230625 1 0.2450584578125 1
12 0.25746373125 0.6417286609375 0.2541059046875 0.6531304796875 0.2584824734375 0.658358721875 0.311177221875 0.6775021890625 0.333563034375 0.6799078062499999 0.34019073906249997 0.6789018890625 0.34171244375 0.6717963578124999 0.3251494171875 0.659311125 0.26697140625000004 0.640107078125 0.25746373125 0.6417286609375
10 0.41670573749999995 0.9033457421875 0.4315579953125 0.8083294109375 0.3312745 0.77614209375 0.324320084375 0.8513894531249999 0.3262443328125 0.8723460890625001 0.41670573749999995 0.9033457421875
10 0.46299821249999995 0.665798221875 0.4831455328125 0.6914886 0.5125112125 0.699798709375 0.5222953859375 0.649834565625 0.48928256406250004 0.6371675875 0.4759894125 0.6350782609375 0.466657821875 0.640155046875 0.46299821249999995 0.665798221875
10 0.4065324265625 1 0.40299792031250004 0.9972955750000001 0.3965336578125 0.9847060953125 0.37695232500000003 0.9734824874999999 0.33074694375 0.9539790625 0.3163848421875 0.96115855625 0.315454228125 0.96978141875 0.38476765625 1 0.4065324265625 1
10 0.4917104671875 0.8225912140625 0.4566854421875 0.81076531875 0.44779413906250004 0.8480054359375 0.48569913124999997 0.859215665625 0.4917104671875 0.8225912140625
10 0.46907360000000003 0.949680003125 0.4744309953125 0.920386503125 0.4411414984375 0.9090114390625 0.43671471874999995 0.9296820765625 0.43824906406249997 0.9396271484375 0.46907360000000003 0.949680003125
4 0.5669785453125 0.5352915874999999 0.5594075890625 0.5278697671875 0.5433350609375001 0.5216489859375 0.537461890625 0.5105768359375 0.51388125625 0.48808595312499997 0.4970792984375 0.4809937984375 0.48918145781250005 0.5007627718750001 0.5009151578125 0.5058564718749999 0.508313196875 0.5140857421875 0.502990384375 0.5432177546875 0.50517866875 0.5458318765625 0.49907920937499994 0.557203403125 0.48988595312500005 0.5616342328124999 0.48149761093750004 0.57513875625 0.48011424375 0.58159833125 0.4863269359375 0.5825302875 0.52992885 0.55430681875 0.5366194015625 0.544452621875 0.5572696859375 0.546407409375 0.564589075 0.5421717046875 0.5669785453125 0.5352915874999999
8 0.47930864062499995 0.38432205625 0.48435161718749997 0.3522193078125 0.47857903906250004 0.3364000359375 0.4064915078125 0.279488125 0.39030575 0.2609638609375 0.38748862812499996 0.252731246875 0.391953153125 0.2361617703125 0.41207519374999996 0.2277509453125 0.4203000921875 0.2278418171875 0.43608330781250004 0.2183039125 0.44112628593750003 0.1862011609375 0.436711971875 0.1768717578125 0.437881515625 0.1628558203125 0.45296040625 0.1394970984375 0.45728659687500006 0.123573578125 0.45423054374999994 0.12073403906249999 0.3752514453125 0.13022120625 0.36134209687499996 0.13956398750000001 0.3392329578125 0.1358664546875 0.3279269046875 0.14588548437499999 0.3214124328125 0.159194884375 0.312282196875 0.201828078125 0.3153759921875 0.208768778125 0.311364221875 0.22750154375 0.3153384203125 0.2517182609375 0.3124459828125 0.28233397031249996 0.31810567343749996 0.3799510453125 0.31338975156250004 0.43191364375 0.31886055 0.46197427031249994 0.32757594375 0.4683295921875 0.42536920624999996 0.4650934984375 0.45531333749999997 0.4578703359375 0.4631734359375 0.43400019843750004 0.4795099984375 0.42187846249999994 0.4818239828125 0.4067960234375 0.47930864062499995 0.38432205625
5 0.2834720984375 0.802592525 0.2872953203125 0.8104045953125001 0.28630185625000004 0.8278757406249999 0.292401490625 0.8635548562500001 0.2943131015625 0.8674608921875 0.2979225015625 0.8677166015625 0.315227421875 0.8510731625 0.3199057703125 0.8420600500000001 0.3150385296875 0.7835167109375 0.3113913890625 0.77915984375 0.2834720984375 0.802592525
5 0.2667463171875 0.9919052718750001 0.270670134375 0.9949702265625 0.2738267765625 0.9930626453125001 0.31112786875 0.9386542953125 0.3096312671875 0.9328103859375 0.298073646875 0.931171890625 0.2720031203125 0.9673588875 0.2667463171875 0.9919052718750001