10 0.6195352375 0.8996951859375001 0.706219325 0.9160787953125 0.7115350953124999 0.9048151671875001 0.7133944640625 0.887416234375 0.7239326640625 0.72289393125 0.720844884375 0.7097464984374999 0.7136003328125 0.7037868140625 0.6996067109374999 0.70041340625 0.5806506171875 0.6809209078125 0.5683483296875 0.6813163640625 0.55473431875 0.8863776359375001 0.5647923390625 0.8927315124999999 0.6195352375 0.8996951859375001
10 0.5870775265625 0.4508358 0.5904396140625 0.47673646875 0.5940803203125 0.47936570312500004 0.7410236593749999 0.5056050187500001 0.74371026875 0.490441125 0.7248312546875 0.4362303890625 0.72389774375 0.4000743203125 0.713970896875 0.373253859375 0.676863453125 0.3602845625 0.6028860078125 0.34780042031249997 0.597607103125 0.3583628359375 0.5882776953125 0.410034034375 0.5870775265625 0.4508358
10 0.47981571250000005 0.7480263515625001 0.482444871875 0.7519266140624999 0.5395046390625 0.7627467921875 0.5512745828125001 0.7545065937500001 0.5550182203125 0.66532111875 0.5532531625 0.6629546796875 0.510113296875 0.6569103359375 0.48753181718749994 0.65515919375 0.481499396875 0.6620841453125 0.47981571250000005 0.7480263515625001
10 0.675992671875 0.10727925625000001 0.7216511109375 0.11932750156250001 0.7255867125 0.11634703125000001 0.7272823609375 0.084091225 0.5997384125 0.0662209890625 0.598780003125 0.08445253281250001 0.60504986875 0.09098203125 0.6403553921875 0.102286103125 0.675992671875 0.10727925625000001
10 0.5615327609375 0.163999159375 0.5851257890625 0.1644792765625 0.5900729375 0.1602277765625 0.5906139031250001 0.0960231796875 0.5476214859375 0.087173984375 0.5307406703125 0.08480880468749999 0.5278166140625 0.0865182484375 0.5242410078125 0.15453592968750002 0.52690703125 0.15773497812499998 0.5615327609375 0.163999159375
10 0.507276871875 0.38738293125 0.513546740625 0.3939124265625 0.549257740625 0.39750315468749997 0.5561542625 0.392112028125 0.5616955156250001 0.34061644687500003 0.5700090609374999 0.326240946875 0.5590500781250001 0.3190544546875 0.5196983671875001 0.31283449375 0.5111105109375 0.31445675781250004 0.5079652859375 0.3203734796875 0.507276871875 0.38738293125
5 0.7389660734375 0.7963444390625 0.730799971875 0.8079150859374999 0.73009959375 0.8212381375 0.73927293125 0.844421134375 0.740775646875 0.887720734375 0.7447643859374999 0.9017007781249999 0.7847590234374999 0.9136618437499999 0.78876835 0.9092789484375 0.7893581390625 0.8980595359375 0.7820571125 0.749403596875 0.7771305500000001 0.7352921546875 0.7611875546875 0.7330583749999999 0.7356451578125001 0.7337178859375 0.7338183390624999 0.7864402765625 0.7389660734375 0.7963444390625
5 0.7387368234375 0.09982367343750001 0.736730003125 0.12002745625 0.7365576593750001 0.177219921875 0.7510999 0.206099803125 0.7648929390625 0.1953175484375 0.7790545953125 0.1775231609375 0.7809508296875001 0.15942301875 0.769622065625 0.0900234578125 0.7455087484375 0.08664493125 0.743757696875 0.094169746875 0.7387368234375 0.09982367343750001
5 0.7492917218749999 0.563980071875 0.8138009343749999 0.5588909265625001 0.8201488343750001 0.527993325 0.8195264953124999 0.50388928125 0.8158120656250001 0.502662471875 0.7407819 0.528175240625 0.725977315625 0.540228521875 0.72501890625 0.5584600640625 0.7492917218749999 0.563980071875
4 0.46783224843750004 0.8501849 0.42691606093749995 0.8557541640625 0.4169111765625 0.8663608 0.42078933125000006 0.8824444843749999 0.43917717500000003 0.8920845937499999 0.45508330625 0.8950195843750001 0.465620534375 0.8922576937500001 0.471816675 0.900189615625 0.472881359375 0.9158791046875001 0.504767346875 0.9203466625000001 0.5120487609375 0.92560513125 0.5195513468749999 0.9266563218750001 0.5233232265625001 0.908818975 0.548939346875 0.9067570359375001 0.5557252781249999 0.90346955 0.556204484375 0.894353778125 0.5507249937500001 0.89076053125 0.5500926078124999 0.88481888125 0.551982609375 0.8308946125000001 0.5476621125000001 0.8232254875 0.5401226671875 0.8228755109374999 0.48776829218750006 0.830374053125 0.47906985312500006 0.83409995625 0.46783224843750004 0.8501849
0 0.5648593828124999 0.63985760625 0.5703757375 0.6427496374999999 0.5790004546875 0.6404261609375 0.5917819468750001 0.630914934375 0.5918068453124999 0.576527321875 0.585536978125 0.569997825 0.5762324703124999 0.5672814093749999 0.5715433546875001 0.5666244171875 0.5647205609375 0.5706131171875 0.5572179734375 0.5695619265625 0.54700819375 0.6020375703124999 0.549084425 0.61645603125 0.5648593828124999 0.63985760625