4 0.0832874796875 0.43606560468750005 0.0797778796875 0.44248941249999996 0.058340917187499994 0.45190831249999996 0.05611876406250001 0.4565968546875 0.06122455156249999 0.46495608749999995 0.0681997578125 0.467408765625 0.086303490625 0.4650226796875 0.103181528125 0.467675515625 0.146946175 0.461184725 0.1676247984375 0.4553281109375 0.1686741265625 0.4496801796875 0.1793353 0.44631805468749997 0.22930793125 0.4365402515625 0.23293214999999998 0.42742178906249995 0.2295900390625 0.4251526296875 0.2072094859375 0.42822283437499997 0.20848805312500002 0.41718559375000003 0.21961658125 0.41234683125 0.21738554843750002 0.40773339843749995 0.209122896875 0.4070159875 0.15974111562499999 0.42192447343749995 0.14696353125 0.41797851093749994 0.1362406078125 0.418036971875 0.0962854265625 0.42532028593750004 0.0832874796875 0.43606560468750005
4 0.2882337453125 0.8439831046874999 0.2753064265625 0.8673340625 0.2654302328125 0.8950398249999999 0.24652416562499999 0.9162884890624999 0.2496459171875 0.9332489328125 0.25978686406249996 0.9373617624999999 0.320612859375 0.91685033125 0.35743934843749997 0.9098890624999999 0.37284469531250003 0.90436618125 0.388593896875 0.890759340625 0.410612834375 0.8771691453124999 0.42395463749999995 0.8583398640625 0.442463975 0.8511734796875 0.4510087359375 0.8405032671875 0.449588915625 0.826329234375 0.4448358625 0.8191880156250001 0.4275433390625 0.8120135015625 0.3853482453125 0.8053814078125001 0.37087760937500003 0.8079510093750001 0.330172965625 0.8280985812500001 0.2983040671875 0.8354903 0.2882337453125 0.8439831046874999
8 0.6067080359375 0.299577859375 0.5924315250000001 0.32136041875 0.5122035375 0.3101067625 0.4984206125 0.2965084421875 0.48377361093750004 0.2984690359375 0.4571428734375 0.330129284375 0.45504421875 0.3414251484375 0.4470285625 0.3539223796875 0.412232040625 0.3635666109375 0.38229430625 0.3683554328125 0.37907569375 0.37269359375 0.38008103125 0.38234595 0.407770375 0.41614991406249996 0.5827425859375001 0.668028 0.6104319328125001 0.7018319609375 0.6154142234375 0.703583871875 0.6435882765625001 0.6927049796875 0.973084415625 0.536855196875 0.9781811375 0.43960395312499995 0.8836932 0.11333220468750001 0.8670374421875 0.10449342343750001 0.8326287656250001 0.0907534046875 0.8207330171875 0.0898524765625 0.8159888453124999 0.092013234375 0.7838116046875 0.14469681406249998 0.689766384375 0.2680674390625 0.6805161562500001 0.2763016171875 0.663003275 0.2838183859375 0.6067080359375 0.299577859375
8 0.4971404375 0.060305014062499995 0.54202544375 0.1225820953125 0.5440272390625001 0.132584834375 0.5343185328125 0.1515976328125 0.5329253484375001 0.16532952343750001 0.5345126578125 0.17081059062499998 0.5460027984375 0.176491815625 0.5571841953125001 0.1656547390625 0.566425546875 0.14811858125 0.59115135 0.0851569890625 0.601882746875 0.0325903359375 0.600106090625 0.013967625000000001 0.43926994375 0.010224121875 0.43949560625000006 0.012685921875 0.43230004062500005 0.024924528125 0.42230922499999995 0.055324946875 0.41952285624999996 0.0827887328125 0.42147178125 0.0987897859375 0.43260918593750003 0.10325300156249999 0.44198291406249995 0.101626140625 0.45515722812500004 0.09148982812499999 0.481726215625 0.0565259171875 0.4971404375 0.060305014062499995
10 0.2220401296875 0.18893255312499999 0.2262200859375 0.20954704062500001 0.264006790625 0.324574290625 0.28756057031250004 0.38427364375 0.294359409375 0.38611731250000003 0.322656959375 0.3818457421875 0.431684965625 0.3627489203125 0.44709031093749996 0.35722604062499996 0.44947995625 0.3438445296875 0.4363669859375 0.2954743359375 0.3978836921875 0.187313034375 0.390608621875 0.177644028125 0.38099677656250003 0.17535822031249998 0.23486170624999997 0.1775782265625 0.2284773546875 0.180256234375 0.2220401296875 0.18893255312499999
10 0.3024170421875 0.04926895625 0.30422271093750003 0.045044071875 0.0791753875 0.1160153375 0.10119588125000001 0.229036059375 0.1307288140625 0.352647871875 0.1367075609375 0.3547501671875 0.17936113125 0.3506036484375 0.2695270625 0.3374551984375 0.2559907328125 0.27526135625000003 0.24993207499999998 0.18944128437500002 0.2555492078125 0.1810235875 0.303714171875 0.180456 0.3127351640625 0.177611128125 0.3082371796875 0.0693661953125 0.3024170421875 0.04926895625
5 0.433738021875 0.11951267968749998 0.45766229375 0.199033996875 0.46053704843750004 0.20277979531249998 0.5262677640625 0.18869712656249998 0.527140725 0.1824401875 0.510518159375 0.1404938015625 0.508049009375 0.13196770156249998 0.5103857828125 0.1245845046875 0.4875814625 0.052020890625 0.48195545156249997 0.0511366125 0.4758092140625 0.0577272875 0.433738021875 0.11951267968749998
5 0.5089413359375 0.3915553796875 0.5049643828125 0.3994558265625 0.5354671343749999 0.4955120953125 0.5391619796875 0.4989992703125 0.5478919875 0.4982400421875 0.5746022296875 0.4884874078125 0.5815685562499999 0.48163810937499996 0.5477148140625 0.3740107015625 0.5450164281250001 0.37087390937500003 0.5351753453125 0.3739774078125 0.5089413359375 0.3915553796875
1 0.782640790625 0.452788259375 0.7845808359374999 0.45948733593749996 0.8397298843750001 0.47067440312500003 0.8474634312499999 0.46956479218749997 0.8707871687500001 0.41103311875 0.8672598125000001 0.398852975 0.8086011671875 0.3940897171875 0.803036903125 0.39650909687499997 0.782640790625 0.452788259375
1 0.69873651875 0.5802717125 0.7013202875 0.586103159375 0.7543000531249999 0.5959804531249999 0.7620336 0.59487084375 0.7682060703125 0.554375928125 0.76579866875 0.5491534890625 0.707607378125 0.542913590625 0.70139939375 0.546200603125 0.69873651875 0.5802717125
1 0.605421796875 0.486743621875 0.6401125828125 0.489096021875 0.6476697625 0.4873774046875 0.6500682828125 0.48329786874999997 0.65084398125 0.43652936562500005 0.644512496875 0.4332090578125 0.61380754375 0.432258190625 0.6069558374999999 0.4364128359375 0.605421796875 0.486743621875
1 0.6089935484375 0.54543364375 0.6199901031249999 0.58649575 0.6447780562500001 0.5886479859375 0.6557919625 0.586503878125 0.6579523671875 0.5785116734375 0.6491250984375 0.5387593390625 0.6245135140625 0.5372161109375 0.6128558828124999 0.5402278515625001 0.6089935484375 0.54543364375
12 0.48133270625 0.5650895296875 0.472611578125 0.5751507328125001 0.46247951093750006 0.5803398765625001 0.4658304984375 0.5919110125 0.4889165234375 0.5912768374999999 0.5295682968750001 0.5771275796875 0.5596735171875 0.5636457906250001 0.566225359375 0.5522748156249999 0.5609432062499999 0.5433065765625 0.551331359375 0.5410207671875 0.4916411421875 0.5605093906249999 0.48133270625 0.5650895296875