4 0.3198843515625 0 0.3202667609375 0.0080230265625 0.3297055015625 0.022219278125 0.34796367031250003 0.034182415625000004 0.3502120734375 0.0384033421875 0.346187721875 0.0484638859375 0.3472567125 0.065737434375 0.35326763906249997 0.0887653828125 0.3550982453125 0.1168636203125 0.3601961453125 0.12760826875 0.381886684375 0.134271353125 0.385323609375 0.132502940625 0.38979764375000003 0.1232865828125 0.36585869843749996 0.1124025734375 0.36187122656250004 0.10468201875000001 0.36807521875 0.09190200312499999 0.4000127671875 0.043816859375 0.4130125140625 0.036513453125 0.43800223125000004 0.05054444375 0.4430864671875 0.050694165624999996 0.458587340625 0.0116808390625 0.46640036250000005 0 0.3198843515625 0
4 0.4615962515625 0.1418120453125 0.46937401718749994 0.1434952359375 0.48462216874999997 0.1404127578125 0.5147928765625001 0.11367236875 0.5182252468749999 0.1083723171875 0.5156785703125 0.1047658140625 0.5040142015625 0.10400684843750001 0.5001321515625 0.10846271562500001 0.490564771875 0.1104660671875 0.48696732656249997 0.103712584375 0.49248302343750006 0.090579921875 0.5029361 0.0796700140625 0.4990403859375 0.07353095312499999 0.4846779296875 0.06770687656249999 0.475555678125 0.067022771875 0.4700263171875 0.0695605078125 0.416576971875 0.1336310296875 0.4152370375 0.138161759375 0.43050340781249996 0.1492058515625 0.43648700781249994 0.1510439421875 0.43962110625 0.1463583109375 0.45291912500000003 0.13844048281250002 0.45755368125 0.13774601875 0.4615962515625 0.1418120453125
4 0.41020290625 0.17686010624999998 0.4217204203125 0.179692103125 0.4444435125 0.1753755984375 0.44698107499999995 0.171918815625 0.4323112421875 0.1596458765625 0.4094185171875 0.148377203125 0.405407828125 0.16903267500000002 0.41020290625 0.17686010624999998
4 0 0.6746661890625 0.0044227640625 0.676356128125 0.06094589375 0.676774215625 0.06946250000000001 0.671623884375 0.0787088359375 0.6525767421875 0.109498853125 0.6422657203125001 0.11353231562499999 0.6392684609375 0.11680871875000001 0.6289781546875 0.10738364375000001 0.62537683125 0.09542555781249999 0.6287639328125 0.078676953125 0.627855246875 0.069412396875 0.632775815625 0.049231421875 0.6371671812499999 0.0226126125 0.63534463125 0.007364459375 0.6384271078125 0 0.6425363468749999 0 0.6746661890625
10 0.16245863124999999 0.4304806390625 0.15767721875000001 0.433248134375 0.1269327484375 0.4788755828125 0.13456365625 0.48263180937500005 0.2012689203125 0.49394426406249997 0.2260753421875 0.48179514843750004 0.24429707343749998 0.465505146875 0.2504138625 0.45467527656250006 0.24786719062499998 0.45106877343749996 0.2403876953125 0.44877115781250004 0.16245863124999999 0.4304806390625
10 0.2449880234375 0.1896523765625 0.21723535 0.23619887031250003 0.214408628125 0.247333359375 0.22398511562499998 0.2523932921875 0.22878019218749998 0.26022072343749997 0.252710025 0.2640414484375 0.27181745468749996 0.23884488906249998 0.2930355390625 0.22700557500000001 0.29691303593749996 0.21901806562499998 0.2928659078125 0.211420396875 0.2449880234375 0.1896523765625
10 0.138816853125 0.5340677953124999 0.1682806015625 0.538882428125 0.174700215625 0.5309697765625 0.1724518109375 0.5267488484375 0.1522526171875 0.5170136484375 0.11695667968750001 0.5118195328125 0.090792109375 0.51437280625 0.08900705 0.521590990625 0.0914114203125 0.530802171875 0.138816853125 0.5340677953124999
10 0.13846503125 0.37721691874999996 0.17361866406249998 0.3880157109375 0.1797445640625 0.3842491265625 0.1910833375 0.3644326625 0.18973429375 0.3619001046875 0.15263508125 0.34979760625 0.140993484375 0.366696853125 0.13846503125 0.37721691874999996
10 0.14375988906249998 0.42473660156250004 0.1286494859375 0.4186827625 0.115787484375 0.41684985 0.11070780312499999 0.4202317703125 0.10489383906250001 0.43397885625 0.12000424218750001 0.440032696875 0.146177925 0.44454270625000003 0.1505051 0.43739938125 0.14375988906249998 0.42473660156250004
10 0.0918884296875 0.5528362109375 0.062429234374999996 0.5515532203125 0.054220007812500005 0.5631524140625 0.069179 0.56774764375 0.09325569218749999 0.5694953375 0.10206145625 0.5566672953125 0.0918884296875 0.5528362109375
8 0.1958306546875 0.567114846875 0.1949495125 0.579553046875 0.1988452265625 0.5856921046875 0.203782603125 0.587914859375 0.21708973125000003 0.5870603156249999 0.2732872625 0.566902971875 0.381662528125 0.5401804671875 0.5018308046875 0.4980173265625 0.579260084375 0.4766155953125 0.600625025 0.46270324843750005 0.6052368078125 0.444350571875 0.6011623515625 0.4155630515625 0.5891405 0.36950715624999997 0.59061818125 0.3558401109375 0.5709472046874999 0.29190142343750003 0.5716769328125 0.278004615625 0.5616325453125001 0.2579739296875 0.5568238046875 0.23955157031250002 0.5520378390625 0.238787425 0.536349115625 0.2480890046875 0.3682881859375 0.3729747859375 0.3397602359375 0.3981016640625 0.27791381406250004 0.44405963281250005 0.2756836296875 0.453965275 0.28213968125 0.47430576406249997 0.27633026875 0.49158449375 0.26288539375000003 0.5015753546874999 0.2374778828125 0.5114216765624999 0.2076054421875 0.5375476406249999 0.199400771875 0.5526784765625 0.1958306546875 0.567114846875
12 0.3207905546875 0.4141619046875 0.31616510937500003 0.42191965312499996 0.3173672953125 0.42652524375 0.33233084218750003 0.43465211562499995 0.3766067265625 0.4461350109375 0.39350674375 0.44850230625 0.4005228953125 0.439360809375 0.40006410625 0.4314533390625 0.393479415625 0.4273124515625 0.3417240359375 0.413531940625 0.3207905546875 0.4141619046875
0 0.467937840625 0 0.467246246875 0.0009258328124999999 0.44488518906249996 0.0540709078125 0.4476106015625 0.0803258734375 0.45105208125 0.0820891046875 0.462711896875 0.079316428125 0.4946631078125 0.0418262125 0.5076583 0.0309911640625 0.5264902328125001 0.024067242187499997 0.5381735515625 0 0.467937840625 0