10 0.45187499999999997 0.5858333328125 0.45499999999999996 0.5908333328125 0.490625 0.5908333328125 0.55625 0.585 0.568125 0.5808333328125 0.566875 0.5025000000000001 0.56375 0.49833333281250003 0.45437500000000003 0.5008333328125001 0.45187499999999997 0.505 0.45187499999999997 0.5858333328125
10 0.228125 0.5633333328125001 0.23562500000000003 0.5974999999999999 0.274375 0.6033333328125 0.2975 0.6116666671875 0.32875 0.6116666671875 0.319375 0.5158333328125 0.24562499999999998 0.5141666671875 0.231875 0.5166666671875 0.226875 0.5216666671875 0.228125 0.5633333328125001
10 0.07875 0.5166666671875 0.083125 0.5116666671875 0.08249999999999999 0.4725 0.079375 0.4683333328125 0.013750000000000002 0.47083333281249995 0.014374999999999999 0.48666666718749996 0.021875 0.5158333328125 0.07875 0.5166666671875
10 0.26625 0.5033333328125 0.27 0.49916666718749997 0.26625 0.46166666718749994 0.215 0.4608333328125 0.20625 0.46333333281250005 0.206875 0.485 0.21375000000000002 0.505 0.26625 0.5033333328125
10 0.49124999999999996 0.49416666718749996 0.49749999999999994 0.48333333281249996 0.49874999999999997 0.4691666671875 0.495 0.4516666671875 0.44437499999999996 0.4516666671875 0.44375 0.4766666671875 0.453125 0.49416666718749996 0.49124999999999996 0.49416666718749996
8 0.8800000000000001 0.6366666671875 0.8150000000000001 0.5974999999999999 0.776875 0.5783333328125 0.7318749999999999 0.5766666671875 0.5650000000000001 0.5908333328125 0.5543750000000001 0.5958333328125 0.561875 0.6125 0.561875 0.62 0.559375 0.6233333328125 0.456875 0.6258333328125001 0.45062499999999994 0.6308333328125 0.396875 0.6358333328125 0.388125 0.6408333328125 0.37312500000000004 0.6708333328125 0.37124999999999997 0.6783333328125 0.374375 0.6825 0.395 0.6833333328125 0.654375 0.6608333328125 0.68125 0.6575 0.683125 0.6541666671875 0.714375 0.6558333328125 0.774375 0.6508333328125 0.8699999999999999 0.6408333328125 0.8800000000000001 0.6366666671875
8 0.28312499999999996 0.6508333328125 0.28312499999999996 0.6366666671875 0.278125 0.6333333328124999 0.268125 0.6333333328124999 0.2625 0.625 0.2725 0.6174999999999999 0.265625 0.6125 0.185 0.615 0.1575 0.62 0.150625 0.6283333328125 0.125 0.635 0.110625 0.6475 0.1075 0.6616666671875 0.075625 0.67 0.02375 0.7083333328125 0.025 0.7133333328125 0.06937499999999999 0.7116666671874999 0.349375 0.6858333328125 0.36124999999999996 0.6808333328125 0.36312500000000003 0.6625 0.35875 0.6583333328125 0.321875 0.6608333328125 0.306875 0.6558333328125 0.28875 0.6599999999999999 0.28312499999999996 0.6508333328125
5 0.561875 0.6108333328125 0.556875 0.5974999999999999 0.469375 0.6 0.46687500000000004 0.6183333328125 0.46875 0.6233333328125 0.5625 0.6216666671875 0.561875 0.6108333328125
5 0.36124999999999996 0.5966666671875 0.346875 0.6016666671875 0.321875 0.6541666671875 0.321875 0.6616666671875 0.35625 0.6541666671875 0.37124999999999997 0.5974999999999999 0.36124999999999996 0.5966666671875
4 0.5543750000000001 0.43333333281249997 0.55125 0.45 0.5425 0.4575 0.5275000000000001 0.48166666718749995 0.52625 0.4858333328125 0.533125 0.4933333328125 0.5725 0.4933333328125 0.5756249999999999 0.48 0.594375 0.4733333328125 0.57875 0.4525 0.5743750000000001 0.4516666671875 0.566875 0.4308333328125 0.558125 0.42833333281249997 0.5543750000000001 0.43333333281249997
0 0.3825 0.4966666671875 0.38125 0.5116666671875 0.385625 0.5158333328125 0.40750000000000003 0.515 0.41125 0.5175 0.42000000000000004 0.5141666671875 0.42625 0.5058333328125 0.425625 0.49583333281249997 0.41187500000000005 0.49083333281249997 0.385625 0.4925 0.3825 0.4966666671875
0 0.620625 0.5066666671875 0.66625 0.5133333328125 0.67375 0.5116666671875 0.671875 0.495 0.6637500000000001 0.4891666671875 0.6425 0.4883333328125 0.614375 0.49833333281250003 0.61375 0.5025000000000001 0.620625 0.5066666671875
12 0.713125 0.6141666671875 0.7175 0.6183333328125 0.7268749999999999 0.62 0.73 0.6133333328125 0.73125 0.5841666671875 0.73125 0.5708333328124999 0.7275 0.5558333328125 0.719375 0.5533333328125 0.71375 0.5825 0.713125 0.6141666671875