4 0.2950774296875 0.3929996234375 0.3002092390625 0.401402275 0.33766497968750003 0.40966897343750003 0.35763342656249997 0.40395159375 0.36505175 0.39689157812500003 0.383277153125 0.389079778125 0.42252514375 0.36403820625 0.4307624984375 0.34486382031249996 0.4258253359375 0.33222238593750003 0.40246812031249996 0.33163153125 0.38506174843749996 0.3273289625 0.36873356875 0.32815565156250004 0.33337735468749996 0.3371076109375 0.3185975734375 0.34426750156249997 0.302431234375 0.364457203125 0.29419388125 0.3836315859375 0.2950774296875 0.3929996234375
8 1 0.34745269218749997 0.9290551812500001 0.3535351 0.8632722562499999 0.35563790625 0.8464334125 0.35041989687499997 0.8450796578125 0.33984791406250003 0.8403207328125 0.33476859531250003 0.818333678125 0.3329488265625 0.8051187015625001 0.334641021875 0.770038046875 0.34903570625 0.7345440515625 0.3552663015625 0.736733240625 0.3419230203125 0.751748125 0.335365103125 0.7556234984375 0.3310763859375 0.7528427203125 0.32869346250000003 0.7356145890625 0.3319530125 0.7238102296875 0.3372570453125 0.7187188828125 0.33369514218749996 0.6726933625 0.34612025 0.5885713109374999 0.36995514375 0.57345910625 0.37863245 0.570467284375 0.392289203125 0.583185815625 0.510123390625 0.6009071171875 0.5933954265625 0.599739259375 0.61882810625 0.6096135874999999 0.6441109796875 0.608129703125 0.6592601796875 0.61245888125 0.66797630625 0.6398861109375 0.6600396640625 0.6552170140625 0.6637652265625 0.6828706 0.696674 0.6944398546875 0.69076799375 0.6883676359375 0.6799574453125 0.6906377484374999 0.6762956703125 0.7035771625 0.66916075 0.71326559375 0.65843895625 0.7504785765624999 0.63766113125 0.8050574718749999 0.616345121875 0.8506608999999999 0.6359993703125 0.9069336328125001 0.6521804734375001 0.9116925546875001 0.6572597906250001 0.9228725265625 0.65983134375 0.9361684218749999 0.6678206546875 0.94623739375 0.6888647453125001 0.9569066953125 0.6853916 0.9674141609375001 0.662555440625 0.9725383140625 0.6425155484375 1 0.5190778546875 1 0.34745269218749997
4 1 0.5328642671875 0.9921273156250001 0.5363462984375 0.9835006749999999 0.5639982421874999 0.9684114359375 0.6580031890625 0.95123141875 0.6945460375 0.93224384375 0.7075120609375001 0.93892405 0.72224791875 0.9527306125000001 0.7362819296875001 0.9632457328124999 0.741888315625 0.9663993953125001 0.7475945765625001 0.9646968109375 0.7503409078125001 0.958648646875 0.7561720109375 0.9346670453125 0.76345674375 0.8922981984374999 0.7591902609375001 0.8824883859374999 0.7553897953125001 0.8763188453125 0.7466986359375001 0.8584018078125 0.7363513687500001 0.83543388125 0.7272829515625 0.8298154640625001 0.7294772484375 0.8229078109374999 0.7425819640625 0.8236535796875 0.7492286375 0.8390894624999999 0.7792773562499999 0.8418942953125 0.7983019296875 0.839648240625 0.8186053578125 0.8337783203125 0.8319985750000001 0.8347591937500001 0.8392472203124999 0.8235059578125 0.8554367078125 0.801032296875 0.8642138890625001 0.7949841328125 0.8700449906250001 0.7597657 0.8817183125 0.741678075 0.8922514749999999 0.718368978125 0.9249439203125001 0.7156406890625 0.935722575 1 0.8246648875 1 0.5328642671875
10 0.5884258890625 0.8480357046875 0.5984948578125 0.8690797968749999 0.60891265625 0.8768055734375 0.6155688078125 0.8748997796875001 0.653171075 0.8456443984375 0.6785796984375 0.8301706078125 0.7017346140625 0.8065576953125 0.7066072609375 0.7977167281249999 0.7009811890625001 0.7714684765625 0.67635223125 0.7013011578125 0.6584275374999999 0.66251134375 0.6522984578125001 0.6586609390625 0.6407860609375 0.657606803125 0.5486048984375 0.7081781968749999 0.5420296671875 0.719765496875 0.55188759375 0.7568492640625 0.5884258890625 0.8480357046875
10 0.603683528125 0.870522309375 0.5907364578125 0.8492146843749999 0.557667846875 0.77401798125 0.548385103125 0.76446131875 0.5415911734375001 0.763645746875 0.5168474 0.776084703125 0.48723097812500005 0.7973646265625 0.4830231796875 0.8031707593749999 0.48296631874999996 0.810130903125 0.5062415203125 0.8697262421874999 0.5070682093750001 0.8860544203125 0.544328215625 0.9672458859375 0.5456830781249999 0.9716098703125 0.6374355875 0.9662658953125 0.7026359 0.940801646875 0.713804696875 0.9156258203125001 0.7147615109375 0.906232815625 0.7016766609375 0.8822038296875 0.6851789859374999 0.8352249578125001 0.673099065625 0.835086265625 0.6557736125 0.8404652046875001 0.6168985046875 0.8688301140625001 0.6096748296875 0.8716513499999999 0.603683528125 0.870522309375
5 0.7810660296874999 0.7325592875 0.777717725 0.7310918078124999 0.7398967562500001 0.747944321875 0.7365889109375 0.7513175953125 0.74387710625 0.7699787609375 0.768441546875 0.8186636796875 0.8272030890625001 0.8435858749999999 0.8320188749999999 0.8417050500000001 0.824965784375 0.8236458546875 0.805435828125 0.785482984375 0.7970934984375 0.7783342109375 0.7922941140625 0.768414140625 0.7810660296874999 0.7325592875
5 0.661582290625 0.599531615625 0.665635903125 0.6028050140625 0.677950928125 0.6035456796875 0.6835693468749999 0.601351384375 0.6833506453125 0.5889485140625 0.6548463140624999 0.5230699109375 0.6491874375 0.520423453125 0.6329970406250001 0.5239715046875 0.661582290625 0.599531615625
1 0.7779288875 0.4378316 0.7549702234375 0.4663715046875 0.7966309796875 0.4963975703125 0.824867928125 0.47069023281250005 0.7779288875 0.4378316
1 0.68325628125 0.395762471875 0.662143078125 0.4213226328125 0.6806013656250001 0.44667270937500003 0.708916390625 0.42036943750000005 0.68325628125 0.395762471875
1 0.64355039375 0.43535897500000004 0.625063534375 0.447096384375 0.6451050781250001 0.474650465625 0.65912678125 0.4623993390625 0.64355039375 0.43535897500000004
1 0.6864671390625 0.4938784296875 0.66551858125 0.509587634375 0.6905839281249999 0.5396969421875 0.707566034375 0.5247840859374999 0.6864671390625 0.4938784296875
12 0.6137590515625 0.4794504640625 0.5988010296875 0.4790482375 0.5555967468749999 0.49869701875 0.5486486312500001 0.5069609828125 0.5512347640625 0.5135826875 0.5484944484375001 0.5160405156250001 0.5618472078125001 0.5170696828125 0.615153265625 0.4948631984375 0.6188908578125 0.4878531171875 0.6137590515625 0.4794504640625
10 0.24037168437499998 0.23397884531250002 0.27171474687499997 0.22659424218750002 0.25464954375 0.180530815625 0.2194879734375 0.18524399375 0.23749358593749997 0.2337153125 0.24037168437499998 0.23397884531250002
10 0.2343333609375 0.1308805171875 0.22914468906250002 0.1294380046875 0.22240762187500002 0.12166228906250001 0.1903187921875 0.12240022343750001 0.20474099687499997 0.1688020890625 0.2271577984375 0.166985053125 0.24250510468750003 0.15890971874999998 0.2343333609375 0.1308805171875
10 0.28650874531250003 0.34500543281249996 0.297178046875 0.34153228593749996 0.2833878875 0.3156973796875 0.2855202171875 0.309314240625 0.2587578359375 0.31421605 0.27008324375 0.3479515109375 0.28650874531250003 0.34500543281249996
10 0.22298171406249997 0.21787538281250002 0.23736345937499997 0.2594364953125 0.24897317343749997 0.2583712421875 0.26780656875000003 0.2544847515625 0.26094812031250003 0.232186778125 0.24301468124999998 0.23364040625000002 0.23500149375 0.22733439843749997 0.2309107015625 0.21686006406249997 0.22298171406249997 0.21787538281250002
0 0.3545355359375 0.4599711796875 0.36232674062500003 0.4562345 0.357114015625 0.43815033750000004 0.35513586875 0.4354539421875 0.3423910984375 0.4383500859375 0.34783892656250004 0.45703621875 0.3545355359375 0.4599711796875