10 0.8331250000000001 0.45583333281250005 0.999375 0.49000000000000005 0.999375 0.29500000000000004 0.974375 0.2916666671875 0.945625 0.2941666671875 0.8556250000000001 0.2858333328125 0.8300000000000001 0.43916666718749997 0.82875 0.4533333328125 0.8331250000000001 0.45583333281250005
10 0.93125 0.1708333328125 0.828125 0.1641666671875 0.8237500000000001 0.1775 0.8150000000000001 0.25 0.8143750000000001 0.2608333328125 0.818125 0.2658333328125 0.8724999999999999 0.2708333328125 0.87625 0.2641666671875 0.880625 0.2633333328125 0.8925000000000001 0.275 0.94625 0.2816666671875 0.9487500000000001 0.2791666671875 0.97 0.1766666671875 0.93125 0.1708333328125
8 0.76375 0.6433333328125 0.7725 0.6416666671875 0.915 0.6866666671874999 0.9237500000000001 0.6808333328125 0.9275 0.6566666671875 0.9375 0.62 0.931875 0.6133333328125 0.8887499999999999 0.6025 0.881875 0.5933333328125 0.880625 0.5625 0.885 0.5483333328125 0.8793749999999999 0.5291666671875 0.880625 0.49000000000000005 0.8099999999999999 0.4716666671875 0.805 0.4791666671875 0.7925 0.5441666671875 0.79 0.5466666671875 0.77125 0.545 0.6743750000000001 0.5158333328125 0.6725 0.5108333328125 0.6743750000000001 0.47750000000000004 0.686875 0.4441666671875 0.683125 0.4408333328125 0.654375 0.43499999999999994 0.6287499999999999 0.43333333281249997 0.623125 0.43666666718749997 0.61 0.4575 0.594375 0.49833333281250003 0.566875 0.5491666671875 0.5650000000000001 0.5549999999999999 0.5700000000000001 0.5741666671875 0.57125 0.5908333328125 0.5775 0.5966666671875 0.5974999999999999 0.6025 0.623125 0.6016666671875 0.64375 0.6174999999999999 0.7474999999999999 0.6533333328125 0.759375 0.6541666671875 0.76375 0.6433333328125
8 0.565625 0.5216666671875 0.566875 0.5158333328125 0.558125 0.5141666671875 0.54875 0.5183333328125 0.534375 0.5183333328125 0.459375 0.495 0.45 0.4891666671875 0.44375 0.48 0.441875 0.46166666718749994 0.405625 0.45083333281250004 0.395 0.4425 0.40625 0.43166666718749996 0.418125 0.42750000000000005 0.45437500000000003 0.4291666671875 0.46187500000000004 0.425 0.476875 0.4066666671875 0.476875 0.4033333328125 0.46312499999999995 0.3983333328125 0.4575 0.4025 0.4325 0.4025 0.41500000000000004 0.4108333328125 0.398125 0.4108333328125 0.37875000000000003 0.3933333328125 0.29 0.43666666718749997 0.27125 0.45999999999999996 0.270625 0.4683333328125 0.275 0.475 0.379375 0.5091666671875 0.40125 0.5208333328125 0.41624999999999995 0.5383333328125001 0.5337500000000001 0.58 0.5387500000000001 0.58 0.5425 0.5741666671875 0.54375 0.5483333328125 0.565625 0.5216666671875
5 0.79625 0.49083333281249997 0.7837500000000001 0.4591666671875 0.753125 0.3983333328125 0.7150000000000001 0.395 0.688125 0.40083333281250005 0.688125 0.4233333328125 0.7150000000000001 0.4891666671875 0.79625 0.49083333281249997
0 0.59375 0.49416666718749996 0.598125 0.48 0.599375 0.4525 0.60375 0.43 0.6 0.41916666718749995 0.591875 0.41333333281250006 0.5375 0.40083333281250005 0.506875 0.40083333281250005 0.478125 0.40750000000000003 0.473125 0.4108333328125 0.45625 0.43499999999999994 0.44125 0.4425 0.4325 0.43916666718749997 0.42062499999999997 0.4408333328125 0.41937499999999994 0.445 0.43562500000000004 0.4483333328125 0.441875 0.45499999999999996 0.441875 0.48333333281249996 0.448125 0.49416666718749996 0.45437500000000003 0.49916666718749997 0.5325 0.5208333328125 0.5506249999999999 0.5225 0.5775 0.51 0.59375 0.49416666718749996
12 0.338035625 0.299345 0.342080625 0.3578633328125 0.35999375 0.35478333281249996 0.35594875 0.29472583281250003 0.34959250000000003 0.2793258328125 0.338758125 0.2794816671875 0.3415025 0.2885658328125 0.338035625 0.299345
8 0.371875 0.3858333328125 0.40062499999999995 0.3783333328125 0.4875 0.3991666671875 0.533125 0.3966666671875 0.55125 0.3775 0.55125 0.3416666671875 0.545625 0.32083333281250004 0.545625 0.29333333281249996 0.5475 0.2791666671875 0.553125 0.2733333328125 0.55375 0.26749999999999996 0.5475 0.2641666671875 0.43 0.2483333328125 0.38687499999999997 0.26749999999999996 0.3825 0.2716666671875 0.383125 0.2766666671875 0.375416875 0.2808333328125 0.36312500000000003 0.27999999999999997 0.350625 0.2841666671875 0.22999999999999998 0.33999999999999997 0.22937500000000002 0.3583333328125 0.248125 0.4925 0.263125 0.4925 0.26437499999999997 0.48166666718749995 0.255 0.4491666671875 0.248125 0.3908333328125 0.24312499999999998 0.36833333281249997 0.246875 0.35583333281249996 0.34187500000000004 0.3808333328125 0.371875 0.3858333328125
8 0.7175 0.395 0.7525000000000001 0.3983333328125 0.766875 0.4233333328125 0.8300000000000001 0.4341666671875 0.834375 0.42083333281249996 0.836875 0.3916666671875 0.749375 0.37666666718749997 0.72375 0.36833333281249997 0.7224999999999999 0.33999999999999997 0.725 0.3333333328125 0.7262500000000001 0.2983333328125 0.75125 0.2991666671875 0.781875 0.3066666671875 0.8474999999999999 0.315 0.8487500000000001 0.3016666671875 0.8425 0.2966666671875 0.8474999999999999 0.28250000000000003 0.8706250000000001 0.28500000000000003 0.8731249999999999 0.2741666671875 0.795625 0.2616666671875 0.59375 0.2375 0.558125 0.265 0.558125 0.2733333328125 0.5725 0.2766666671875 0.566875 0.3441666671875 0.55375 0.34249999999999997 0.551875 0.34500000000000003 0.55125 0.3775 0.55375 0.3791666671875 0.685625 0.4058333328125 0.6912499999999999 0.4 0.701875 0.3975 0.704375 0.3933333328125 0.7056250000000001 0.3758333328125 0.7106250000000001 0.37333333281250003 0.7162499999999999 0.3802083328125 0.7175 0.395
3 0.3625 0.43 0.35750000000000004 0.42416666718749996 0.35 0.4233333328125 0.34500000000000003 0.4291666671875 0.33875 0.41916666718749995 0.330625 0.4175 0.32687499999999997 0.42000000000000004 0.32625000000000004 0.4291666671875 0.315625 0.4375 0.306875 0.4491666671875 0.3075 0.4525 0.315625 0.4458333328125 0.32375 0.4575 0.33999999999999997 0.46166666718749994 0.35375 0.45583333281250005 0.366875 0.4441666671875 0.3625 0.43
1 0.41875 0.3908333328125 0.406875 0.39 0.388125 0.3991666671875 0.3875 0.4025 0.40812499999999996 0.4091666671875 0.42750000000000005 0.3958333328125 0.41875 0.3908333328125