4 1 0.125217978125 0.8899966875 0.08902950625 0.8633805421874999 0.11311480781250001 0.8471955281250001 0.12438386093750001 0.832498575 0.1287675453125 0.793167084375 0.16007785937500002 0.7798021765625001 0.1750402515625 0.7786177296875 0.183869228125 0.814868678125 0.2538723140625 0.825689478125 0.28416613281249997 0.8148902640625 0.30734748437500004 0.7609902171875 0.37258334375 0.7532655203124999 0.3949324125 0.7577404890625 0.4010138859375 0.7858623421875001 0.414874621875 0.8075699625 0.4081879640625 0.8235689687500001 0.39777958125 0.8511735921874999 0.457563325 0.8413728203125 0.4727763703125 0.8260002390625001 0.4769377875 0.8193423859375001 0.48765359999999996 0.8305052015625 0.4996226703125 0.8519392078125 0.5075958109375 0.8648444953125001 0.5081538906249999 0.89368038125 0.5019685359375 0.92542398125 0.4856773890625 0.9379572515625 0.4879568109375 0.950069309375 0.48548834531249996 1 0.4637582046875 1 0.125217978125
10 1 0.9469187015625 0.9781286546875 0.9215418953125001 0.9395148390625 0.7687156500000001 0.9125774296875001 0.7460259359375 0.8159929984375 0.7308454953125 0.81364330625 0.7383692734375 0.8191190953125 0.8000917890625001 0.8110607921874999 0.8038938421875 0.6787066187499999 0.756665015625 0.67501885625 0.854091196875 0.6749612453125 0.8844937328125001 0.67759534375 0.8890477421874999 0.801117184375 0.9269178984374999 0.967154228125 0.9723215 0.985768128125 0.9766013046875001 0.9986766140625001 0.975470353125 1 0.969346934375 1 0.9469187015625
10 0.7918888703125 0.8021960515625001 0.813694890625 0.8084478484375 0.822614828125 0.804007390625 0.8245925046875 0.79820495625 0.8189799062500001 0.7438123390625 0.8141029265625 0.7228488 0.80897995 0.6695391203125001 0.8037801546875001 0.656766153125 0.6691831015624999 0.593127796875 0.6510588203125 0.5899309296874999 0.6459874250000001 0.606699825 0.6365910484375 0.700404284375 0.6359262171875 0.7269196046874999 0.638981528125 0.7362215 0.685766484375 0.76083126875 0.7918888703125 0.8021960515625001
8 0.5285550671875 0 0.41994461406249994 0.21613802187500003 0.37844103125 0.29098320312500003 0.3282635125 0.4026149859375 0.3305747953125 0.41535956875 0.3387315015625 0.424495971875 0.39929416875 0.475763 0.585927553125 0.64686266875 0.5995576640625 0.6541122421875001 0.6084091984375 0.6533367328125 0.6388123421875 0.66333864375 0.6420728640625 0.6616456875 0.6477022796874999 0.642294775 0.6482003078125 0.6065059484375 0.6500603796875 0.597899234375 0.6556021921874999 0.592347453125 0.7217450765625 0.6177943406249999 0.7480260624999999 0.6301276125 0.760422528125 0.6397369359375 0.8022428968750001 0.6571822953125 0.809959184375 0.671704990625 0.8105472031250001 0.685726384375 0.8179406765625 0.7084396546875 0.8222980390625001 0.7117168484375 0.843652846875 0.6966173546875 0.8497526796875 0.6884835578125 0.8546380671874999 0.6725753296875 0.8559593203125001 0.6564164546875 0.8640860296874999 0.6489494515625001 1 0.6175521921875 1 0.56713753125 0.9978550890625 0.565739159375 0.9943785609375 0.5516893781250001 0.9617217468750001 0.498540353125 0.9560815343750001 0.491153678125 0.946622778125 0.4880419734375 0.9206262015625001 0.48778648750000003 0.876838946875 0.5028811453124999 0.8490506984374999 0.5075674218749999 0.8225645015625 0.506229 0.8115492859375 0.513667615625 0.8002988625 0.5154976734375001 0.7948062515625 0.527518684375 0.79767555625 0.53768125 0.8030805609374999 0.5394593671875 0.7950930421875 0.60320581875 0.7872207453125 0.6061472015625 0.783569003125 0.6196956765625 0.779936465625 0.623109975 0.7564755843750001 0.614470040625 0.7239855734375 0.570594521875 0.6831336453125 0.5285774484375 0.6781198578125001 0.514943809375 0.682231221875 0.48587486406249997 0.7049541015624999 0.3974763703125 0.7828046468750001 0.341963378125 0.8103960953125 0.3114001890625 0.8256210734374999 0.2878310828125 0.826315903125 0.2779191703125 0.7873816578125 0.1968928484375 0.6875352312499999 0.02242450625 0.61937070625 0 0.5285550671875 0
5 0.6095750718749999 0.540792025 0.6342837046875001 0.5051514328125 0.5276707703125 0.46270801875 0.5158097374999999 0.4974993875 0.6095750718749999 0.540792025
4 0.22207987343750002 0.5557432015625 0.191794334375 0.5485455703125 0.184343253125 0.5562348375 0.1766869578125 0.57491895625 0.16653337343750002 0.5817191625 0.1600615265625 0.5915743046874999 0.1481462734375 0.6199196812500001 0.120095203125 0.6660033421875 0.10400828749999999 0.71005871875 0.10498632968749999 0.716735753125 0.11525060625000001 0.7252525624999999 0.13395211093749998 0.7157332375000001 0.15790261249999998 0.72545610625 0.17660411874999998 0.7159367828125001 0.1852696453125 0.7160219453125001 0.20324632656250002 0.6998111265625 0.20810171875 0.6672994937500001 0.23990292656249998 0.6206058125 0.22993296718749998 0.562936 0.22207987343750002 0.5557432015625
1 0.5935646375 0.2858927015625 0.588372159375 0.221938446875 0.5275257859375 0.23535004375000002 0.5424198062500001 0.292121225 0.5935646375 0.2858927015625
1 0.46953126562499997 0.3507756875 0.46483612343749997 0.2908052484375 0.421848378125 0.292801440625 0.43336156875 0.3484604078125 0.46953126562499997 0.3507756875
1 0.4768850109375 0.4267254734375 0.47733644843749995 0.3963557015625 0.4360627015625 0.3862355328125 0.43823633749999996 0.41807362968749995 0.4768850109375 0.4267254734375
1 0.5728375125 0.4404535078125 0.5687409546875 0.4091351421875 0.5266836171875 0.40682625781250004 0.52847725 0.43623376406250003 0.5728375125 0.4404535078125
12 0.4380745390625 0.5528871546875 0.44906426250000003 0.5565025125 0.46578269375000003 0.53779619375 0.48195647499999994 0.4797176796875 0.47405326875 0.4702018953125 0.45913249843750004 0.4722091328125 0.4395772125 0.5291752140625 0.4380745390625 0.5528871546875