8 0.283762009375 0.47353848281250005 0.2518885484375 0.49978387343749997 0.25259608437500003 0.5050539109375001 0.25962100625 0.5175819265625 0.27535550625 0.5352876984375 0.2828521171875 0.5513290703125 0.2980812703125 0.5503470593750001 0.3072625390625 0.5590381734375 0.31130556875000004 0.6040761484375 0.3098567578125 0.6131830859375 0.3119793671875 0.6289931984375 0.3158540296875 0.6329804703125 0.325288015625 0.6336047609375 0.36037912968749997 0.6114275296875 0.46871846718750004 0.5677326640625 0.4738060984375 0.5608563234374999 0.5170845749999999 0.53499256875 0.5342679718750001 0.5087699671875 0.54877271875 0.5123414234375 0.577748553125 0.504309903125 0.688429559375 0.4531838953125 0.6954882203125 0.4460649 0.691832615625 0.418836371875 0.592304946875 0.0622537578125 0.44303219374999997 0.046564559374999995 0.1175076375 0.08664008906250001 0.1020744015625 0.11019187187499999 0.10257974843749999 0.12887965625 0.1231322953125 0.15759942031250002 0.202242828125 0.234467215625 0.247424771875 0.28247626875 0.266966540625 0.3086418984375 0.2726942265625 0.34632961406249996 0.2745977765625 0.3853809828125 0.276855178125 0.3922459296875 0.282161784375 0.3969497734375 0.283762009375 0.47353848281250005
8 0 0.51440673125 0.0226089296875 0.5181892 0.0273933171875 0.5140287625 0.02323228125 0.5029338859375 0.003151428125 0.47772748125 0.0026292093749999998 0.4688632015625 0.006402821875000001 0.46214862968750003 0.0407021328125 0.44899744999999996 0.06342798125 0.42923537031250003 0.08308775625 0.42145789999999994 0.09712080937499999 0.4215159953125 0.112316225 0.44018099375 0.13344159687499998 0.448294521875 0.1397758515625 0.44572899374999997 0.1445097140625 0.436217634375 0.144341265625 0.42998837187500005 0.138091275 0.41825781093750003 0.09914245000000001 0.3918028234375 0.0867266578125 0.3888670546875 0.058711071875 0.394101784375 0.026197553125000002 0.375783115625 0 0.3543087296875 0 0.51440673125
10 0.30064191406249996 0.5544961015625 0.23512623437500002 0.5589903484375001 0.20685793281249998 0.5722919046875 0.1244284421875 0.5851184218750001 0.11570199218749999 0.5897641671875 0.112164228125 0.5982354187500001 0.09604196875 0.7020059546875 0.0895728359375 0.7483380890625 0.0910553078125 0.7544055796875 0.10185383750000002 0.7602190234374999 0.1440204015625 0.7559207296875 0.255240409375 0.7386569374999999 0.3103787234375 0.7265116828125 0.314994746875 0.68130054375 0.3113225234375 0.5594312046875001 0.30064191406249996 0.5544961015625
10 0 0.8939886781249999 0.09924233437499999 0.8900048125 0.251955025 0.8783471171875 0.2559645671875 0.8385677843750001 0.2586433828125 0.7391308515625 0.10358902343750001 0.758219690625 0.09321165625 0.7505686828125 0.092739965625 0.7470553234375 0.095603934375 0.713667025 0.102106721875 0.6825093203125 0.10003463906250001 0.67205013125 0 0.6589114484375 0 0.8939886781249999
4 0.312703103125 0.9030112406249999 0.3121303609375 0.8887960390625 0.3030670125 0.880983259375 0.3038420296875 0.8469592765625 0.2915441578125 0.8449018453124999 0.289387809375 0.84873874375 0.286170071875 0.879492025 0.2757420953125 0.901311534375 0.276954978125 0.9252693578125 0.2739563015625 0.9327813828125 0.27471436250000003 0.9434023421875001 0.287584978125 0.9596749765625001 0.289471740625 0.9737284109375001 0.29562067812500004 0.9747571265625 0.302561415625 0.9667597890625 0.30222451562499997 0.954301265625 0.308221871875 0.9392772125000001 0.312703103125 0.9030112406249999
4 0.864086071875 0.8512015703125 0.8687525375 0.8461627921874999 0.8681292671874999 0.8265966703125001 0.85985780625 0.7749364 0.8632103375 0.7352379546875001 0.8585102140625 0.7251023046875 0.8476611546875 0.7139379390625 0.8441066046874999 0.6974112578125 0.8375028468749999 0.6830456765624999 0.8255756140624999 0.673799759375 0.8195614703125 0.6638258796875001 0.8164280843749999 0.64546163125 0.8071288921875001 0.6358921765625001 0.7898107859375 0.6362385046875 0.7780351328124999 0.6430453546875 0.758240484375 0.6945894312500001 0.7585099859375 0.7115205375 0.7730483046875001 0.765087859375 0.773418859375 0.7927208109375 0.7806290984375 0.8016545828125 0.805797584375 0.819984646875 0.833728903125 0.8290460046874999 0.8399283625 0.8354256421875 0.8427753796875 0.8466822859375001 0.8466500437500001 0.8506695593750001 0.864086071875 0.8512015703125
5 0.10141655624999998 0.4584871453125 0.085648315625 0.46042838125 0.07902768906249999 0.45588630781250006 0.0000011703125 0.4691867421875 0.00028754062499999997 0.476294340625 0.061692546875 0.5356990203125 0.13527766562500002 0.5266399093749999 0.147642934375 0.52422475625 0.15033837187500002 0.519428634375 0.14840116406249998 0.46520283906250004 0.14550362187500002 0.4485952734375 0.10141655624999998 0.4584871453125
5 0.4700663953125 0.47828100625000003 0.4599080875 0.4473887453125 0.4531695359375 0.4419683296875 0.34744145312499997 0.46034172343749996 0.344510171875 0.463381165625 0.347289790625 0.47911039375 0.35032212500000004 0.48677279687499997 0.3571785984375 0.49307154999999997 0.359553921875 0.5008148359375 0.3737048984375 0.501751271875 0.46556837812499996 0.48954904531250004 0.46969575468749997 0.48546949218749996 0.4700663953125 0.47828100625000003
1 0.4662597125 0.22607107656249997 0.47217280156249997 0.2253431125 0.4956231390625 0.166206128125 0.4950335265625 0.16181443125 0.42756376874999996 0.1219063875 0.41059926406249997 0.1945306140625 0.4662597125 0.22607107656249997
1 0.5486720828125 0.32753238281249997 0.581084546875 0.33514920625 0.58950775625 0.33321936406249997 0.6100942078125 0.2726492390625 0.5695112499999999 0.2588954296875 0.563716084375 0.260501734375 0.546178834375 0.31891075625 0.5486720828125 0.32753238281249997
1 0.42165009531250003 0.3663844234375 0.4152652296875 0.39842046875000003 0.416326534375 0.406325525 0.42491819062499997 0.4106249421875 0.46861774843750004 0.41774506406249995 0.47912999218749996 0.3816294671875 0.4779507640625 0.3728460703125 0.4323475734375 0.36149602187499996 0.424463453125 0.362466640625 0.42165009531250003 0.3663844234375
1 0.5250026859375 0.4099106234375 0.5268389234375 0.41861313281249996 0.5328025390625 0.423236090625 0.5749691015625 0.418937796875 0.58199410625 0.3966443734375 0.58285330625 0.3831457390625 0.5787427953125001 0.37740178750000003 0.532937415625 0.3794694890625 0.5250026859375 0.4099106234375
12 0.5218522625 0.4710127578125 0.5155011359375 0.48340179218749996 0.527091303125 0.5498320624999999 0.54107375 0.5793606765625 0.554635115625 0.5759054124999999 0.5562861171875 0.5533807281249999 0.5481325765625 0.5025988015625 0.5429776328125 0.4791262875 0.5336784406249999 0.4695568296875 0.5218522625 0.4710127578125