8 0.40125 0.6491666671874999 0.579375 0.6491666671874999 0.6012500000000001 0.6241666671874999 0.6012500000000001 0.615 0.589375 0.5766666671875 0.584375 0.5691666671875 0.576875 0.5716666671875 0.56875 0.5549999999999999 0.5118750000000001 0.5525 0.49375 0.5558333328125 0.350625 0.5583333328125 0.311875 0.5974999999999999 0.30062500000000003 0.6166666671875001 0.299375 0.6266666671875 0.3025 0.63 0.339375 0.63 0.35812499999999997 0.6041666671875 0.375625 0.5883333328125 0.38687499999999997 0.6075 0.39125 0.6266666671875 0.39625 0.6358333328125 0.396875 0.6458333328125 0.40125 0.6491666671874999
8 0.380625 0.48666666718749996 0.378125 0.47416666718749995 0.356875 0.47583333281250006 0.320625 0.49833333281250003 0.315625 0.5066666671875 0.315625 0.515 0.305625 0.5241666671874999 0.2975 0.5291666671875 0.276875 0.53 0.26437499999999997 0.5383333328125001 0.26437499999999997 0.5491666671875 0.26937500000000003 0.5549999999999999 0.37124999999999997 0.5558333328125 0.37312500000000004 0.5375 0.38625 0.5158333328125 0.40062499999999995 0.505 0.409375 0.4916666671875 0.40625 0.4891666671875 0.38687499999999997 0.49416666718749996 0.380625 0.48666666718749996
4 0.694375 0.5683333328125 0.7056250000000001 0.5591666671875 0.70625 0.5433333328125001 0.7150000000000001 0.525 0.714375 0.505 0.688125 0.4791666671875 0.675 0.4441666671875 0.6743750000000001 0.4183333328125 0.671875 0.41333333281250006 0.661875 0.41 0.6537499999999999 0.4125 0.630625 0.45416666718750004 0.63125 0.48166666718749995 0.6487499999999999 0.5125 0.67375 0.5441666671875 0.678125 0.5541666671875001 0.67625 0.5633333328125001 0.66875 0.5716666671875 0.6681250000000001 0.5825 0.6837500000000001 0.5991666671875 0.694375 0.5974999999999999 0.694375 0.5683333328125
0 0.588125 0.4966666671875 0.5743750000000001 0.51 0.5743750000000001 0.5158333328125 0.585 0.5225 0.629375 0.5316666671875 0.634375 0.5308333328125 0.645 0.5183333328125 0.6443749999999999 0.5058333328125 0.63875 0.4966666671875 0.630625 0.4916666671875 0.6168750000000001 0.4891666671875 0.588125 0.4966666671875
10 0.43125 0.4491666671875 0.429375 0.4141666671875 0.40374999999999994 0.4183333328125 0.40062499999999995 0.41916666718749995 0.40062499999999995 0.4233333328125 0.40437500000000004 0.4566666671875 0.43125 0.4491666671875
10 0.3975 0.47416666718749995 0.399375 0.4658333328125 0.39875 0.43499999999999994 0.395 0.42750000000000005 0.38375 0.43583333281250003 0.38375 0.48250000000000004 0.385625 0.48333333281249996 0.3975 0.47416666718749995
10 0.56875 0.4341666671875 0.571875 0.43833333281250003 0.5775 0.4691666671875 0.583125 0.47083333281249995 0.58125 0.44000000000000006 0.579375 0.4291666671875 0.5775 0.4291666671875 0.5743750000000001 0.43333333281249997 0.56875 0.4341666671875
10 0.43499999999999994 0.40416666718750005 0.43499999999999994 0.4341666671875 0.44125 0.43583333281250003 0.445 0.4258333328125 0.44437499999999996 0.4016666671875 0.43499999999999994 0.40416666718750005
10 0.458125 0.395 0.453125 0.3958333328125 0.45062499999999994 0.40416666718750005 0.45 0.42416666718749996 0.45187499999999997 0.42416666718749996 0.458125 0.42083333281249996 0.458125 0.395
10 0.569375 0.4291666671875 0.5700000000000001 0.4033333328125 0.5650000000000001 0.40083333281250005 0.564375 0.4216666671875 0.569375 0.4291666671875
12 0.5706249999999999 0.5741666671875 0.5775 0.5741666671875 0.58 0.5691666671875 0.5806250000000001 0.5358333328125 0.576875 0.525 0.573125 0.525 0.56875 0.5341666671875 0.568125 0.5708333328124999 0.5706249999999999 0.5741666671875