8 0.4649183703125 0.643556203125 0.474727884375 0.651341803125 0.4816629234375 0.666237603125 0.501904453125 0.6665597109375 0.51312918125 0.6704741546874999 0.5255899953125 0.6800383109375 0.5350001765625 0.6941842390625 0.5474169515625 0.7031162906249999 0.5541788078125001 0.703434359375 0.5837954046875 0.681122396875 0.6099180015625 0.6691204234375 0.62892344375 0.663792815625 0.6924873953125 0.6208689359374999 0.6979250875 0.6142730765625 0.6970002562500001 0.6009988203125001 0.68586658125 0.5862992921875 0.54703903125 0.4437599609375 0.5244604296875 0.421985453125 0.4979033890625 0.40356775312500004 0.4857097875 0.3857469421875 0.42424842500000004 0.325837603125 0.4117435734375 0.3156413390625 0.40162280937499995 0.3154802859375 0.3936218953125 0.321561796875 0.377787296875 0.3724011453125 0.358285515625 0.41897276406249995 0.3542130484375 0.4451639515625 0.3568173328125 0.4583597015625 0.4041735421875 0.54556339375 0.4649183703125 0.643556203125
0 0.50169259375 0.8086228546875001 0.52127055625 0.8115126453125001 0.528651940625 0.8086309234375 0.546952753125 0.793189596875 0.5637972875 0.76893801875 0.6062329625 0.7371484749999999 0.608311746875 0.7307096359374999 0.601729025 0.7208706968749999 0.5914761421875 0.7188133203125 0.5755653671875 0.720191265625 0.56261714375 0.715723221875 0.5154722046875 0.6678279609375 0.5059709703124999 0.6644671140625 0.4899721140625 0.66458084375 0.4802036671875 0.66947665 0.46614552812500004 0.6853538109375 0.45194932187500003 0.7234332484375 0.45070728750000005 0.741882128125 0.45905456874999995 0.764956071875 0.48843609375 0.7997300578125001 0.50169259375 0.8086228546875001
4 0.6886696515625 0.8683722390625 0.6300738375 0.8375005906249999 0.5931698828124999 0.839859896875 0.608014784375 0.8594592671875001 0.62140340625 0.8702483859375001 0.6677145624999999 0.8940843046875001 0.6770396421875 0.8949167203125 0.697903675 0.8799897359375001 0.6984351249999999 0.875525728125 0.6886696515625 0.8683722390625
4 0.733503421875 1 0.733104375 0.9741033234375 0.70867015625 0.94987889375 0.7082738 0.9441899250000001 0.71313600625 0.9414259671874999 0.7308143171875 0.9412337296875 0.7458883375 0.9278457453125 0.7525240281250001 0.9021688984375 0.741522471875 0.8893656921875 0.7319331546875001 0.8847406328125 0.7243756125 0.8850939234374999 0.6413188078125 0.938441525 0.5849249703125 0.9391752562500001 0.530219515625 0.9036825828125 0.5202778828125 0.8940006625000001 0.5161262640625 0.8827797437499999 0.49871813906250007 0.8626660296875001 0.491160596875 0.8630193203125 0.49561752031250006 0.8907142890624999 0.46847903906250005 0.9002270859375001 0.45929500624999997 0.8651431 0.4525801625 0.8534078390625 0.444138853125 0.853168275 0.43971704687499996 0.8622533078125001 0.4400663859375 0.8793594671875 0.449961003125 0.9004585796875 0.45366032812499996 0.9535556109375 0.44644915 0.983064359375 0.43818399843750006 0.9853532250000001 0.419712978125 0.9741675265625 0.3965118703125 0.9676421078124999 0.364514159375 0.9678695640624999 0.3538619453125 0.9721725171875001 0.339272496875 1 0.733503421875 1
8 0.26694273125 0.5589543156250001 0.2805985625 0.5614867828125 0.296858678125 0.5772149984375 0.3039317875 0.569908525 0.30539402031249996 0.5546201796875 0.3261699734375 0.5384289796874999 0.3296229125 0.5154375828125 0.34094464687500003 0.48446834687500007 0.3487253640625 0.4752262984375 0.3523544609375 0.45476332812500003 0.34989121875 0.407316009375 0.3444094859375 0.41327975781250004 0.33769166875 0.41359379531249996 0.3319927125 0.4043477078125 0.317764365625 0.39359784375 0.3116220375 0.39007998125 0.3075995609375 0.392804684375 0.301048978125 0.43179504375000005 0.290481865625 0.4494115109375 0.29051995625 0.47414221406249996 0.2809627796875 0.518346453125 0.2684079359375 0.5316166734375 0.264778840625 0.5520796421874999 0.26694273125 0.5589543156250001
1 0.5408044765625 0.8137703296875 0.5381531749999999 0.8119917703124999 0.5332028921874999 0.8134915125 0.523522521875 0.819651534375 0.5229910734375001 0.824115540625 0.5402200609375 0.853750121875 0.5470699984375 0.8553324078125 0.5591374296875 0.8471583015625 0.5597569578125 0.8439585078125 0.5408044765625 0.8137703296875
10 0.2518538328125 0.63258879375 0.2016463625 0.6374724921875 0.20335795625 0.6862232828125 0.2507820046875 0.6776647 0.2518538328125 0.63258879375
10 0.26949702656249996 0.5956165546875 0.2753810671875 0.571243178125 0.256023303125 0.5715139234375 0.21341741875000003 0.5766764421875 0.2081499328125 0.6098993234375001 0.2096062140625 0.6187095734375 0.247925384375 0.6124791140625 0.253627315625 0.6096759015625001 0.26048022656250003 0.5992088921875001 0.26949702656249996 0.5956165546875
10 0.216435325 0.7046369453125 0.1965901484375 0.7100038078125 0.194112034375 0.7228029765625 0.19623188281249998 0.7290455421875001 0.2161651359375 0.724942896875 0.237425528125 0.7157048828125 0.23725234374999998 0.7011271531250001 0.216435325 0.7046369453125
10 0.2788887703125 0.86342984375 0.2696047578125 0.8752788328125 0.27062064375 0.877768009375 0.3027974875 0.8680196859375 0.33784582812499997 0.8632104593750001 0.33683291875 0.8486719859375 0.29060091093749996 0.8622481750000001 0.2788887703125 0.86342984375
10 0.1933955 0.7608864468750001 0.23215804218749997 0.7489277640625 0.22871402812500002 0.73577126875 0.211211878125 0.7384919359375 0.1932223171875 0.7463087171875 0.1933955 0.7608864468750001
10 0.26460745937499996 0.888195765625 0.254794971875 0.8924594656249999 0.25032912500000004 0.9009123890625 0.2322955234375 0.9080970671875 0.2244267265625 0.9160749015625 0.2559400015625 0.9088942609374999 0.276140465625 0.8965349640625 0.2739325375 0.8890281812499999 0.26460745937499996 0.888195765625
5 0.352711553125 0.79846474375 0.37690771875 0.8918244234375001 0.385037778125 0.899688528125 0.391799634375 0.9000066015625 0.39321782656250004 0.8840861500000001 0.3715819078125 0.8032901125 0.36619122656249997 0.7984687796875 0.352711553125 0.79846474375
12 0.2611265328125 0.48756542031250005 0.2731909890625 0.491440609375 0.3050565796875 0.4893168296875 0.302008921875 0.481849303125 0.27664095 0.48049850781250003 0.26249770781250004 0.4830621578125 0.2611265328125 0.48756542031250005