8 0.79533654375 0.37017433906249997 0.7779409187499999 0.38003682968749997 0.7765623500000001 0.3872513515625 0.7834959296874999 0.3906305 0.784870309375 0.3949684 0.7795817984375 0.4083471578125 0.77275481875 0.4145569828125 0.7591583484375 0.42021869062499995 0.7260247328125 0.42204430937500004 0.7022410921875 0.4418152390625 0.6837459640625 0.448207409375 0.642562509375 0.4893932546875 0.6313333250000001 0.4932742140625 0.6125675078125 0.48724638125 0.60425955 0.47952933125 0.60415295 0.46994036093749997 0.59408075625 0.4705337046875 0.5348453281250001 0.510257909375 0.5125510453125 0.5208508640625 0.3542220015625 0.6294761109375 0.34436719843749997 0.637694971875 0.34645541875 0.64659906875 0.3604824734375 0.66774081875 0.390522396875 0.697787025 0.418084246875 0.731577428125 0.440862415625 0.7525824203125 0.454450509375 0.770025559375 0.4617697515625 0.772308834375 0.48131527343749997 0.7530400765625 0.498821684375 0.7412141328125 0.5044425609375 0.7219450171874999 0.5804747531250001 0.65427625 0.6725323765625 0.560854665625 0.7928866359375 0.4480275640625 0.82036283125 0.41446688125 0.8775675296875001 0.35908064375 0.8810918046875 0.354012278125 0.880103090625 0.34857850625000003 0.83623674375 0.351225759375 0.799082396875 0.36117906718750004 0.79533654375 0.37017433906249997
12 0.5013176703125 0.536284246875 0.5175311703125 0.5990239140625 0.5216584984375 0.6004851953125 0.5325020203124999 0.59770010625 0.5360262984374999 0.5926317437499999 0.5225082609375 0.5337733953125 0.51475424375 0.5162390828125 0.509416621875 0.51327093125 0.5028112171875 0.51555385 0.5013176703125 0.536284246875
10 0.5919350484375 0.468387546875 0.6188531140625 0.45619655000000003 0.6639956203125 0.4251933765625 0.665653253125 0.40729401249999997 0.653074821875 0.3375225328125 0.59626835625 0.3571556265625 0.572156540625 0.371264490625 0.5919350484375 0.468387546875
10 0.40773949062500003 0.4213512125 0.42177492499999997 0.41938811718749996 0.427280825 0.413634878125 0.4447297484375 0.408566871875 0.4528778078125 0.4019004625 0.4474952640625 0.37103298125 0.44205104375 0.35847585937500004 0.3975199671875 0.372903828125 0.3910786515625 0.3780177796875 0.40773949062500003 0.4213512125
10 0.8071939140625 0.3035084828125 0.8101600609374999 0.31980980468750003 0.8322902578125 0.3063858171875 0.8386782734375 0.2964773796875 0.83919148125 0.24720836093749998 0.8366068078125 0.241363590625 0.8154695171874999 0.248668928125 0.806000378125 0.25579191875 0.8071939140625 0.3035084828125
10 0.7257624234375 0.386519459375 0.728457884375 0.3904007765625 0.744035975 0.3840541921875 0.73977388125 0.2988949140625 0.7364753687500001 0.28848395 0.7305838046875001 0.2953330609375 0.724577265625 0.3156980484375 0.7257624234375 0.386519459375
10 0.5852649359375001 0.345557259375 0.5912630984375 0.34829711875 0.6005681515625 0.3383430953125 0.5903444375 0.3014481359375 0.557592296875 0.31373030625 0.5668805953125 0.349985978125 0.5852649359375001 0.345557259375
10 0.8626834890625 0.272779546875 0.8611941328125001 0.2819575203125 0.8636147171875 0.284971259375 0.87577931875 0.2817295859375 0.8826062968749999 0.2755197640625 0.8838249687499999 0.2539217859375 0.8739294296875 0.22268889062500002 0.863360784375 0.2263415609375 0.8591759671875 0.23163821874999999 0.8626834890625 0.272779546875
10 0.675652359375 0.30469230937499997 0.6755499484375 0.28355091718750003 0.6714268078125001 0.2705372109375 0.6678492296874999 0.2708110875 0.6469868171875001 0.2789840078125 0.651983696875 0.3109473625 0.675652359375 0.30469230937499997
4 0.2835830453125 0.39495553125 0.272243071875 0.40079994531249996 0.270031496875 0.4285165703125 0.2636476703125 0.42687258437500003 0.2589131015625 0.43043408124999993 0.2610462421875 0.46723750624999993 0.2649519953125 0.4726256953125 0.2730425671875 0.4727172265625 0.2970435953125 0.460571815625 0.3207122578125 0.4543167640625 0.3290735171875 0.4668283 0.347790221875 0.4565092234375 0.34196033593749997 0.44504797500000004 0.30602885 0.42185087968749996 0.29145204062499996 0.39897396875 0.2835830453125 0.39495553125
8 0.253147925 0.5440860359374999 0.239276578125 0.5488801640625 0.20691429062500002 0.5485140390625001 0.1219752796875 0.5903836859375 0.1177862734375 0.607232765625 0.111643809375 0.698875746875 0.0966070921875 0.7300623390625 0.096931078125 0.747276828125 0.0915892671875 0.7558610984375 0.098018015625 0.78540441875 0.105607946875 0.8001077000000001 0.12013145624999999 0.8181901249999999 0.12624040625 0.8189665328125001 0.1271267109375 0.8032589140624999 0.1310366546875 0.7970946750000001 0.332965546875 0.6618497484375 0.3402889796875 0.6525805984375 0.3377617953125 0.6399778890625 0.28021751250000004 0.5693833421875001 0.2591460859375 0.5468258953125 0.253147925 0.5440860359374999
0 0.22002687656250003 0.511254384375 0.2172164375 0.5208889421875 0.20565488906249998 0.5306602609375 0.207907196875 0.5423953890625001 0.21274836718749998 0.548422865625 0.2418079515625 0.54993045 0.2443968125 0.544222796875 0.2603605703125 0.5367803421875 0.2849155375 0.51481766875 0.28667976875 0.5065072734375 0.28183860156249996 0.5004797984375 0.26516100625 0.5033560625 0.2513471453125 0.50139225 0.22002687656250003 0.511254384375
0 0.4598646875 0.410074096875 0.486282109375 0.41249484843750006 0.4955296765625 0.4092987640625 0.5067055609375 0.40062331718750005 0.5053311796875 0.396285415625 0.501753603125 0.39655929375 0.49663755781249996 0.3896642390625 0.47803582968749997 0.3864674390625 0.4578339546875 0.3944120640625 0.4598646875 0.410074096875