8 0.543835034375 0.50650628125 0.531314396875 0.5155603046875 0.5252941609375 0.5285694921874999 0.5182919546875 0.5322197921875 0.508096084375 0.533586653125 0.501821809375 0.528408075 0.5051780953125 0.5249211593750001 0.5125906890625 0.48970727031249994 0.50864118125 0.4768415328125 0.49659444218750004 0.4588789078125 0.5026998359375 0.42584683281249996 0.513129525 0.3889811453125 0.523714140625 0.38062052031250004 0.549475653125 0.3879590171875 0.5766713828125 0.402209584375 0.589106865625 0.4131784484375 0.5946748546875 0.402616078125 0.5968090921875 0.38128809218750004 0.558697253125 0.3429578484375 0.5580049218750001 0.336922490625 0.5706323609374999 0.2832757578125 0.5789417609374999 0.2774436453125 0.6006546593750001 0.2822336984375 0.603897884375 0.27935848750000003 0.6042866250000001 0.272364725 0.6008033234375 0.26675775625 0.604845678125 0.2253251953125 0.597666903125 0.2250402578125 0.5893574984375001 0.23087236875 0.577614346875 0.225938865625 0.5724707046875 0.21464323593749998 0.5751702578125 0.190256725 0.55010876875 0.1546781703125 0.5420750437499999 0.154128225 0.5393475828125001 0.15910355781250002 0.4702257515625 0.42548216875 0.43622943750000004 0.594741159375 0.43822896875 0.5985947031250001 0.44945635937499995 0.6014280859375 0.4879150796875 0.6036477984374999 0.5469281625 0.5973634359375 0.56674206875 0.5097262265625 0.5522079484375 0.5052211125 0.543835034375 0.50650628125
0 0.5907455609375 0.44343693437500004 0.590491528125 0.42524916562500004 0.5836379859374999 0.4134235234375 0.549475653125 0.3879590171875 0.5265051109375001 0.38019213125 0.51482546875 0.3798055703125 0.5062899375 0.38686109218750003 0.49311114062500006 0.4532719390625 0.49735028124999997 0.469461209375 0.5082524375 0.48383529531249997 0.50979971875 0.4901356609375 0.503277671875 0.51075031875 0.503644771875 0.5283263828125 0.509919040625 0.5335049609375 0.5257464109375001 0.526122671875 0.5385922812499999 0.505527946875 0.577941553125 0.49314842812500004 0.5836226015625 0.48197435468750005 0.5907455609375 0.44343693437500004
8 0.5930227421875001 0.7196586890625001 0.596944340625 0.7131132515624999 0.6107861328124999 0.7115830062499999 0.6352620921875001 0.6965334890625 0.6514300796875 0.6090596625 0.58351436875 0.604823484375 0.540957478125 0.6052139765625 0.5250666015625 0.6080493234375 0.518848146875 0.6416931031249999 0.5215895609375 0.6464233593750001 0.5179219953125 0.6711565703125 0.49275227499999996 0.7584271484375 0.5021071515625 0.7665008703125 0.5068341453125 0.7653790828125 0.5559626359375 0.739215284375 0.558739653125 0.72908130625 0.566999503125 0.728407840625 0.5727580156250001 0.7314862984375 0.5930227421875001 0.7196586890625001
12 0.52868944375 0.7107121875 0.525912428125 0.7208461671874999 0.52899303125 0.7237413078125 0.5677057859375 0.7441487921875 0.58417593125 0.7479605078125 0.5880975296875001 0.7414150671875 0.5757751125 0.7298345 0.541110971875 0.7119754625 0.5317065390625 0.7090603890625 0.52868944375 0.7107121875
5 0.58992138125 0.30607026249999997 0.5890803890625 0.315510846875 0.6161337171875 0.38921836249999997 0.6213904234375 0.3999022859375 0.6256651640625 0.40122732031249997 0.6322646703125 0.39486519375 0.6399313 0.37783907499999997 0.6221337390625 0.3225225765625 0.6064131734375 0.28531215468750004 0.58992138125 0.30607026249999997
10 0.660248440625 0.20433997656249997 0.65723134375 0.20599177656249998 0.6315102640625 0.306026471875 0.6327679078124999 0.309003303125 0.6569325890625 0.31520008125 0.7169415890625 0.3279802 0.7279924109375 0.32687834375 0.7534734109375 0.218361471875 0.7232745406250001 0.21546829375 0.660248440625 0.20433997656249997
10 0.745827 0.2890741859375 0.7428099046875001 0.2907259859375 0.73071218125 0.356178428125 0.7529408359375 0.363068603125 0.7825743953125001 0.36902030468749997 0.7882693984375 0.36755181875 0.7993356015625 0.29789913281249997 0.7630390296875 0.2937626140625 0.745827 0.2890741859375
10 0.7729264828125 0.1571292046875 0.7632665859375 0.21428278281250002 0.8101617296875 0.21976426718750003 0.8193895890625 0.218744103125 0.8284206609375 0.1601021078125 0.8022068984375 0.1552104328125 0.776056640625 0.1548656984375 0.7729264828125 0.1571292046875
10 0.70785953125 0.4700372625 0.7359597625000001 0.479394190625 0.7612055171875001 0.48463256406250005 0.7633676640625 0.4827157546875 0.772964053125 0.4210152359375 0.720197334375 0.41306699843750005 0.70785953125 0.4700372625
10 0.79892950625 0.0946934578125 0.8362436453125 0.09332463125 0.844213859375 0.08932763437499999 0.8474926828125 0.0715881875 0.7966766890625 0.0558368515625 0.79416065 0.0666984765625 0.7950930625 0.081216015625 0.7861052796875 0.09071835624999999 0.79892950625 0.0946934578125
4 0.849173240625 0.13096344375 0.8323639078125 0.12898684062500002 0.8271072015625001 0.11830291562499999 0.7896660468750001 0.110577859375 0.7891565484374999 0.1524587421875 0.801980771875 0.1564338421875 0.8367935734374999 0.1588169375 0.8453926125000001 0.15630835625 0.85091104375 0.15090463437499999 0.85272005 0.141117353125 0.849173240625 0.13096344375
4 0.7421218656249999 0.0499213640625 0.7286332171875001 0.059322081250000006 0.7216728734375 0.09208915 0.727028690625 0.09245577968749999 0.7325610765625 0.096757646875 0.7407078640625 0.0966958875 0.76087348125 0.0951855734375 0.7621171734375001 0.08845681718750001 0.753412765625 0.0573016875 0.7489614515625 0.05204141718750001 0.7421218656249999 0.0499213640625
4 0.75139785 0.12199897343749999 0.75515683125 0.12122388437500001 0.7577572781249999 0.1071546671875 0.7243151828125 0.1071367 0.7364114765625 0.119940678125 0.75139785 0.12199897343749999
4 0.7487618031250001 0.1509324265625 0.7538000765625 0.128564346875 0.7513482953125 0.1271576203125 0.7386510875 0.132276403125 0.7351956937499999 0.1460806140625 0.7487618031250001 0.1509324265625
1 0.52776615625 0.5836628140625 0.533008909375 0.584641146875 0.54462504375 0.5804807656250001 0.5469358546875001 0.56308801875 0.529561209375 0.5641699421874999 0.5265085125 0.5806859796875 0.52776615625 0.5836628140625