8 0.17174035625 0.6428539046874999 0.22515544843750002 0.643937328125 0.2448024796875 0.6306409562499999 0.2689919 0.62475079375 0.2971736046875 0.6004383125 0.3165650140625 0.5909003078125 0.3437804859375 0.60199230625 0.3495380953125 0.606369715625 0.35281976406250004 0.6195935046875001 0.36213204062500004 0.620462059375 0.581706415625 0.512404696875 0.5864308031250001 0.5086558125 0.5848127187500001 0.50064953125 0.5662229203125 0.47296387500000003 0.50020976875 0.3984942796875 0.467254065625 0.37005059687499997 0.452842659375 0.3720813453125 0.4272560203125 0.3921554046875 0.41417895781249997 0.3957653046875 0.38863781875000003 0.4130505890625 0.3718869703125 0.4155613921875 0.3500932375 0.4413424984375 0.3136779828125 0.4701239515625 0.3063130328125 0.480900034375 0.19276311562499998 0.56905408125 0.18163337968749999 0.58430861875 0.1364907078125 0.612101503125 0.12912575625 0.6228775843750001 0.1056140390625 0.6418718828125 0.1311205390625 0.6996981640625 0.1413035765625 0.6982029437499999 0.14251879843749998 0.6951741421875 0.1393107515625 0.6893470828125 0.1459998421875 0.6842685609375 0.17152360312499998 0.6799575484375 0.18238034218750002 0.6814356578125 0.1832663234375 0.6747685 0.18038751875 0.6725797953125 0.16251244843749998 0.6725418546874999 0.1552103734375 0.6675548859375 0.1547620109375 0.6593085765625 0.17174035625 0.6428539046874999
8 0.7123768828125 0.6134451796875 0.72653266875 0.615172803125 0.7372702875 0.612042959375 0.754413253125 0.5974074625 0.779982515625 0.5903076796875 0.7846051578125001 0.568976565625 0.780405275 0.492940609375 0.7884179640625 0.46628146406250004 0.7890656984375 0.4503984 0.7845406859375 0.4300179125 0.7780054734374999 0.4137558375 0.769953915625 0.40706970781249996 0.7616012421875 0.40693072187499996 0.744129034375 0.4179278609375 0.7206890968749999 0.4255171890625 0.6927630125 0.4460713015625 0.6617935015625 0.4626175328125 0.6053002281250001 0.4834747734375 0.5922512906249999 0.497270171875 0.5951582171875 0.5096443796875 0.6150087359375 0.531512459375 0.655907621875 0.585194096875 0.6666733609375 0.5922497546875001 0.69185050625 0.5972746625 0.7123768828125 0.6134451796875
10 0.28461189375 0.6558252953125 0.31109274062500003 0.74767173125 0.376642671875 0.7314414140625 0.3926895359375 0.7244426703125 0.3624612828125 0.624100415625 0.35118430156249997 0.6245614984375 0.28461189375 0.6558252953125
10 0.510257340625 0.7234796796875 0.5167189328124999 0.7323450265625 0.52187430625 0.7498167265625 0.5256672140624999 0.755523775 0.5722914718750001 0.74410349375 0.5567624765625 0.7074514453125 0.5421864515625 0.707663015625 0.5108877 0.720570890625 0.510257340625 0.7234796796875
10 0.21729000625 0.685389928125 0.2094030703125 0.6805229765624999 0.2033443390625 0.6826927109375001 0.2087942015625 0.7297513171875 0.22072303125 0.772700996875 0.22540191874999999 0.7717408859375 0.23314161093750002 0.761814384375 0.229054215625 0.72652043125 0.2225818765625 0.69449530625 0.21729000625 0.685389928125
10 0.38926473906250003 0.7557192546875 0.375364571875 0.7502332625 0.36909572343749997 0.75337259375 0.3732004953125 0.7756922734375 0.3794064703125 0.788315990625 0.4134930265625 0.7831743703125 0.407843790625 0.7602451359375 0.4008883359375 0.7459222546875 0.3909457 0.7479624890625 0.38926473906250003 0.7557192546875
10 0.290615975 0.7880062640625 0.299144015625 0.813124203125 0.32391829687499996 0.8071140281250001 0.318104440625 0.7823656156250001 0.3133974296875 0.7731402234375 0.2905878515625 0.7778207609375001 0.290615975 0.7880062640625
4 0.6839999203125 0.721180865625 0.6843010390625001 0.7146337171875 0.6886051859375 0.7128240265625 0.6830295734375 0.69729151875 0.68126424375 0.674491784375 0.6745189093749999 0.65919930625 0.6701411390625001 0.6536122703125 0.66429253125 0.6548124078125 0.6712024859375 0.6719240671875 0.66881754375 0.6751928953124999 0.6346854859375 0.6831232890625001 0.6261681921875 0.681165128125 0.625929946875 0.6719492234375 0.6223471609375 0.665272578125 0.6055053140625 0.67336093125 0.608457740625 0.6829463625 0.6504700999999999 0.7160169671875 0.660679103125 0.733378140625 0.668145796875 0.740184284375 0.6878209515625 0.7370734125 0.6839999203125 0.721180865625
5 0.3504976984375 0.607099284375 0.3347238265625 0.59736538125 0.3111366453125 0.590161253125 0.277481071875 0.616523459375 0.270161621875 0.6245107671875 0.2720353265625 0.6287586796875 0.289399159375 0.6363133624999999 0.3060590078125 0.63938010625 0.32851122187500004 0.6208757125 0.3502420765625 0.610857653125 0.3504976984375 0.607099284375
5 0.17946267031250002 0.645901675 0.165051265625 0.647932425 0.161121859375 0.6505917015625 0.1622460828125 0.653140446875 0.22558643437499998 0.6651579125 0.228510740625 0.66455784375 0.227642134375 0.6582507265624999 0.22267950625 0.6527837062499999 0.17946267031250002 0.645901675
12 0.42480568124999996 0.5066151578125 0.4209672765625 0.5036968859375001 0.40772559375000006 0.50548760625 0.405908134375 0.5216106953125 0.43026628906250003 0.576833540625 0.440895528125 0.5922555171874999 0.449458325 0.5914249093749999 0.448396978125 0.5731131140625 0.42951269375 0.51584055 0.42480568124999996 0.5066151578125
0 0.6915493859375 0.60382180625 0.67926730625 0.60634209375 0.654339146875 0.6336928671875001 0.65558249375 0.6408495671875001 0.6647582703125 0.65008444375 0.7162996578125 0.6469199546875 0.722211146875 0.6299567703125 0.716800153125 0.616243440625 0.713171865625 0.612355571875 0.6915493859375 0.60382180625