8 0.42838105937500004 0.394052146875 0.39230082187500004 0.3637462546875 0.3822770296875 0.3649398921875 0.370814346875 0.41044051875000004 0.366469025 0.4216682140625 0.3607405890625 0.42588121093750003 0.320218975 0.41058069062499997 0.3141562828125 0.41565735468750004 0.305845984375 0.4477184453125 0.30159671875 0.45516845781250004 0.30507948125 0.46558167343749995 0.32483696875 0.4868856484375 0.327985478125 0.4981625328125 0.279804646875 0.62441966875 0.233929134375 0.66001248125 0.17998733125 0.6935057640625 0.1669072109375 0.7043612593749999 0.1416536796875 0.7272589265625 0.12394200625 0.7483169453125 0.11907225625 0.75560545625 0.116588384375 0.7673176578125 0.1272748796875 0.8014713171875 0.18107243125 0.936922159375 0.3377858359375 0.9777123078125 0.42336088906249997 0.9732275093749999 0.6288182078125 0.6173436078125001 0.6526905625 0.57507303125 0.6547921515625 0.5661133390625 0.5716089921874999 0.4845697734375 0.54774244375 0.48976571562500004 0.5397702765625 0.49624671249999996 0.5366678578124999 0.4954392 0.5337095203125 0.488965165625 0.5336173390625001 0.46802642343749995 0.5027852640625 0.452395934375 0.461550984375 0.41599516875000003 0.42838105937500004 0.394052146875
10 0.27060545625 0.2370037328125 0.241108465625 0.2302767796875 0.23127484531250003 0.23627326875 0.22860080156249998 0.2431826203125 0.2188957703125 0.3423782796875 0.218367465625 0.363155521875 0.22146795 0.3763212453125 0.31081566562499996 0.41193582968750003 0.354201496875 0.4251298515625 0.368378503125 0.42026388125 0.378071915625 0.39521748749999996 0.4002327109375 0.30972125 0.401859834375 0.282575325 0.36358195625 0.2650068015625 0.27060545625 0.2370037328125
10 0.22649146562500003 0.3015751578125 0.229501703125 0.2814439265625 0.23671124375 0.2681097359375 0.3392390109375 0.264374721875 0.36477489687500003 0.267218646875 0.3887529875 0.15937933437500001 0.3903301484375 0.146480459375 0.3872757578125 0.14378410625 0.0976500796875 0.0874122953125 0.093114584375 0.0938371375 0.0914874609375 0.12098306406249999 0.10039887656249999 0.21266559375 0.10172815312500001 0.2586437640625 0.10773700625 0.292530571875 0.1201947078125 0.29387178281250004 0.13651745625 0.302873703125 0.22262448125 0.3062726609375 0.22649146562500003 0.3015751578125
5 0.1652343859375 0.41397136718749994 0.1077118296875 0.45318732187500005 0.104799584375 0.4571826609375 0.10565826874999999 0.460258175 0.1580171 0.476738403125 0.176393409375 0.478669471875 0.21347835 0.494026146875 0.2317682875 0.4379438359375 0.23100565781250001 0.4310906421875 0.1652343859375 0.41397136718749994
5 0.39543383906249996 0.47388883125000003 0.374475665625 0.49980585624999996 0.37051262500000004 0.508281040625 0.3728985046875 0.51270473125 0.4602426234375 0.5411431171875 0.46788053906249993 0.5355257890625 0.47981768437500005 0.5082113953125 0.47996176718749994 0.502544875 0.474425440625 0.49920251093749995 0.39543383906249996 0.47388883125000003
1 0.40284090937499994 0.722991090625 0.3722431625 0.7349910375 0.3694730609375 0.7456780640625 0.36860663125 0.7920353984374999 0.37481146718749997 0.7936504234374999 0.42875133125 0.7725153546875 0.4304706359375 0.766308171875 0.427612228125 0.7313400359375 0.4241774921875 0.7190379796874999 0.40284090937499994 0.722991090625
1 0.504996075 0.660217528125 0.5064214046875 0.70241801875 0.5436523656250001 0.6997499640625 0.5461362359375 0.6880377640625001 0.5415604609375 0.6469185984375 0.535689878125 0.644439903125 0.5097236796875 0.6462373265625 0.5054744125 0.6536873390625 0.504996075 0.660217528125
1 0.4641057359375 0.5611620375 0.446922365625 0.561442815625 0.43871393281250004 0.5526515890625 0.4294527671875 0.5606984234375 0.42286564687499995 0.5618359046875 0.41704115625 0.56982658125 0.4168931984375 0.6002095265625 0.42433900468749997 0.60214755625 0.461283734375 0.5984543296875 0.46400580468749997 0.589656140625 0.4641057359375 0.5611620375
1 0.50844243125 0.598370315625 0.5425690375000001 0.607252959375 0.5470084765625 0.6046057953124999 0.5497785765625001 0.593918765625 0.5496383671875 0.5748688640624999 0.5186141828124999 0.5667937328125 0.5123132906250001 0.5689563875 0.5086364796875 0.57845674375 0.50844243125 0.598370315625
12 0.5379049515625 0.5204786265625 0.5560008437499999 0.4843098875 0.5705179140625 0.44150561250000003 0.5695170875 0.43173840781250006 0.564887471875 0.42958271718749996 0.558204296875 0.4344978828125 0.54431158125 0.45274723593750005 0.5348102796875 0.4702382671875 0.515853765625 0.51568970625 0.5171888515624999 0.5245932437499999 0.524586628125 0.5284201140625 0.5379049515625 0.5204786265625
4 0.8639993468749999 0.260262740625 0.8453368093750001 0.25730650312500003 0.8039026734375 0.2778939421875 0.794975765625 0.28507710625 0.7868575765625 0.3095828359375 0.7895296828125 0.3150316984375 0.7868076125 0.32382988749999997 0.7669943515625001 0.3538475984375 0.7657514453125 0.36588280625 0.7724768390625 0.3961534375 0.7649810718750001 0.4084624578125 0.7677492328125 0.4101336390625 0.7754351749999999 0.402627471875 0.7821625046875 0.420539890625 0.7956709984375 0.41740125624999996 0.8011132062499999 0.4121630875 0.808514859375 0.3912735359375 0.8314286015624999 0.37442155 0.8351534390625 0.36303235312500004 0.8347270015625 0.342957278125 0.8419845703125001 0.3277342453125 0.8492882296875001 0.32298058749999997 0.8556352109375001 0.331287303125 0.8668058546875 0.321836140625 0.884569428125 0.2741728578125 0.8986542546875 0.2483681421875 0.897509340625 0.24426745625000001 0.8831901875 0.2424417375 0.8707785781249999 0.25156989687500003 0.8639993468749999 0.260262740625
10 0.9197468265625 0.2785756546875 0.9195066875 0.2880198546875 0.9439917812499999 0.2953436265625 0.9727918531249999 0.25858276875 0.9729137359375001 0.2571896265625 0.9293941468750001 0.24305989062500002 0.9187959593749999 0.254561396875 0.9054757 0.2748610953125 0.9197468265625 0.2785756546875