4 0.2244900984375 0.30945327968749997 0.198753371875 0.29012627812499997 0.1738316609375 0.264184771875 0.134659640625 0.1412913796875 0.1222721234375 0.1205205859375 0.054824026562499996 0.3087327609375 0.09127600625 0.3144349609375 0.145304359375 0.3372791375 0.167286703125 0.3649125390625 0.1857804359375 0.374069365625 0.203218203125 0.368811959375 0.2016005796875 0.3581351140625 0.17989285625 0.340585946875 0.1932803609375 0.3205893515625 0.20139329374999998 0.3261618671875 0.2245662796875 0.32443147968749997 0.22703258593750003 0.3175493125 0.2244900984375 0.30945327968749997
4 0.1608859171875 0.012769795312500002 0.1269220375 0.10754512499999999 0.1526253890625 0.14324109062499998 0.1591756265625 0.1401536046875 0.17684550000000002 0.1190577265625 0.25716695624999997 0.05985123437499999 0.26122962968749996 0.050684562499999995 0.2547467296875 0.0318830375 0.2475037359375 0.0217128625 0.215546315625 0.0175744296875 0.19858161093749999 0.028022109375 0.19255936093749998 0.038316709375 0.17956873906249998 0.048525374999999996 0.1608859171875 0.012769795312500002
4 0.1966822359375 0.12880716718750002 0.20140399687500002 0.1438426578125 0.2796028140625 0.2381269046875 0.28600953281249997 0.24195022968750002 0.2882224765625 0.237945184375 0.28356805 0.20102067968749998 0.25964210625 0.08983627968749999 0.255613103125 0.088058446875 0.24875457812500001 0.09200620312499999 0.1966822359375 0.12880716718750002
4 0.3105342140625 0.6552794375000001 0.3012979765625 0.6571816984375001 0.2848275890625 0.6857809984375 0.27259705625 0.687358309375 0.267807959375 0.6942118296875 0.2657597890625 0.70426741875 0.27552401249999997 0.7095722734375001 0.28274575 0.70678109375 0.29196073125 0.6919174781249999 0.3033000671875 0.681976475 0.31425493125 0.657917540625 0.3105342140625 0.6552794375000001
4 0.2832596140625 0.5794807203125 0.289919696875 0.580426928125 0.2976269046875 0.5589201609375001 0.2788248828125 0.5506236046875 0.28323835937499997 0.5665193671875 0.2832596140625 0.5794807203125
8 0.529356746875 0.541616296875 0.6035053015625 0.62116135625 0.616681953125 0.6299645859375 0.6473512968749999 0.6355272546874999 0.6894148953125 0.6331657671875 0.7213723140625 0.6373041984375 0.7684447078125001 0.6361565796875001 0.7734322453125 0.6244090953125 0.7656063421875 0.60501495625 0.7322208984375 0.5484385015625 0.6737950500000001 0.4250196359375 0.5676076171875 0.22871766093749998 0.555191059375 0.211283078125 0.544392121875 0.20452534375 0.5312367265625 0.208683465625 0.5091746374999999 0.226844934375 0.5040772484375 0.234558725 0.48901719843749997 0.2418616234375 0.4793840796875 0.25355181718750003 0.466955109375 0.26002309375 0.45412925781249996 0.2762823 0.43016251250000004 0.29758854375 0.4027284171875 0.31337956718750004 0.39897403124999997 0.3216859671875 0.399502015625 0.3288930875 0.424664678125 0.375863334375 0.425412359375 0.3911378375 0.418938303125 0.40920352343750005 0.43216987968750004 0.42002359843750003 0.43719993125 0.43419881875 0.529356746875 0.541616296875
0 0.32613651875 0.412091375 0.3439038296875 0.41893505 0.38870835625 0.41977563125 0.406762696875 0.4127976828125 0.439831009375 0.433367196875 0.4424745 0.40862971249999996 0.43441649218749995 0.4050740453125 0.41955488125 0.4074829828125 0.4177937421875 0.40371694687500004 0.42454241875000004 0.395735496875 0.42936518437500004 0.37793747187500004 0.401968321875 0.3220109203125 0.39354710000000004 0.317298678125 0.3864476234375 0.3002176921875 0.3958947140625 0.2695156046875 0.396435109375 0.252816865625 0.3845465375 0.2425894 0.380428940625 0.24973922499999998 0.3367565625 0.278291078125 0.307506403125 0.2882992203125 0.3001748203125 0.28705670625 0.2765712859375 0.30951952656250004 0.272200325 0.3195464703125 0.27761484375 0.347839621875 0.3046821609375 0.391665090625 0.32613651875 0.412091375
0 0.142962021875 0.4827024890625 0.147641271875 0.471815275 0.146530378125 0.4553841921875 0.1156750078125 0.43080963125 0.083189603125 0.41946408125 0.0745699421875 0.4196458015625 0.0658616859375 0.42875518125 0.066026459375 0.43480572031250003 0.07315960625 0.4409422015625 0.07777151875 0.45194399843750005 0.09100309375 0.46276407500000005 0.13517863125000001 0.48923105468749994 0.142962021875 0.4827024890625
8 0.46520266718750003 0.6707240390625 0.48070211093750004 0.6795559140625 0.49091813906250004 0.6770896875 0.558245403125 0.688864928125 0.6619559734375 0.69676850625 0.6630243546875 0.6872768828125 0.6261928140624999 0.638146559375 0.6019089375 0.6234458625 0.55550804375 0.6248897906249999 0.507291090625 0.620550834375 0.48537251562500006 0.631801490625 0.4565192359375 0.6320217031250001 0.45338142656249997 0.6386075625000001 0.4663047171875 0.650287909375 0.46520266718750003 0.6707240390625
1 0.273809103125 0.2933561046875 0.2752956203125 0.28703790625000003 0.24850292343749997 0.2532966703125 0.24447391875000002 0.2515188359375 0.2318465078125 0.2628840765625 0.2316480671875 0.2677780421875 0.259728840625 0.3000950421875 0.26241484531250003 0.30128026406249997 0.273809103125 0.2933561046875
12 0.5471806921875 0.7088901671875 0.5510449234375 0.7046174609375 0.5607453796875 0.6710382546875 0.5608888953125 0.66412744375 0.5568598890625001 0.6623496109375 0.552940734375 0.6646054718750001 0.5436371578125 0.688396746875 0.5424801859375 0.706816028125 0.5471806921875 0.7088901671875
10 0.4343100609375 0.717867053125 0.45795967343750005 0.6605538671875 0.43534834218749996 0.658546865625 0.42460432968750006 0.6538059765625001 0.4127370109375 0.6565398625000001 0.38536668125 0.7112149453125001 0.42848625 0.7232676890625 0.4314805421875 0.7235926421875 0.4343100609375 0.717867053125
10 0.3611589859375 0.711492446875 0.36435171718750003 0.7069234343749999 0.3839935796875 0.66079376875 0.33379579062500003 0.644621390625 0.3108513484375 0.6912863781249999 0.3611589859375 0.711492446875
10 0.299701609375 0.6594662062500001 0.303346146875 0.6471261078125 0.28336589375 0.64428748125 0.27217007656250003 0.6473176765625 0.27619908125000003 0.649095509375 0.2763089296875 0.6531292046875 0.2608732546875 0.6831813875 0.283231221875 0.68806550625 0.299701609375 0.6594662062500001
10 0.2504623546875 0.6297685093750001 0.2419737953125 0.646945278125 0.2237422703125 0.6717785421875 0.24047486718750002 0.6771693375 0.2510877734375 0.6649151796874999 0.26478356718749996 0.6440583156249999 0.2578488625 0.6330278703125 0.2504623546875 0.6297685093750001