8 0.334375 0.64 0.5131249999999999 0.7091666671875 0.5225 0.7066666671874999 0.5425 0.6741666671875 0.5650000000000001 0.615 0.575 0.595 0.58 0.5700000000000001 0.58 0.5641666671875 0.57375 0.5599999999999999 0.40625 0.5166666671875 0.380625 0.5141666671875 0.320625 0.49833333281250003 0.31124999999999997 0.5 0.31 0.5058333328125 0.311875 0.51 0.30874999999999997 0.5166666671875 0.291875 0.5283333328125 0.1525 0.4783333328125 0.146875 0.4691666671875 0.145 0.4591666671875 0.13999999999999999 0.45583333281250005 0.113125 0.4566666671875 0.09375 0.4608333328125 0.083125 0.46666666718750005 0.05500000000000001 0.4691666671875 0.00625 0.4808333328125 0.009375 0.485 0.05 0.5008333328125001 0.10500000000000001 0.5275000000000001 0.12250000000000001 0.5416666671875 0.1675 0.5575 0.1875 0.5691666671875 0.28125 0.6091666671875 0.294375 0.6183333328125 0.315 0.6258333328125001 0.334375 0.64
10 0.238125 0.48 0.258125 0.48666666718749996 0.308125 0.49583333281249997 0.318125 0.495 0.31 0.41166666718749995 0.30625 0.40083333281250005 0.22562500000000002 0.3983333328125 0.22937500000000002 0.43666666718749997 0.238125 0.48
10 0.418125 0.35 0.41624999999999995 0.3508333328125 0.41624999999999995 0.3641666671875 0.418125 0.38 0.42125 0.3858333328125 0.43875000000000003 0.3891666671875 0.44625000000000004 0.3991666671875 0.465625 0.3983333328125 0.46749999999999997 0.3908333328125 0.46624999999999994 0.3525 0.418125 0.35
10 0.075 0.4325 0.055625 0.3708333328125 0.023125 0.36833333281249997 0.023125 0.37666666718749997 0.040625 0.4233333328125 0.06687499999999999 0.4325 0.075 0.4325
10 0.166875 0.4683333328125 0.170625 0.46333333281250005 0.170625 0.4583333328125 0.151875 0.3983333328125 0.135 0.38416666718750003 0.134375 0.39249999999999996 0.15437499999999998 0.4683333328125 0.166875 0.4683333328125
10 0.305 0.34750000000000003 0.29874999999999996 0.34500000000000003 0.27 0.3466666671875 0.26937500000000003 0.36666666718749996 0.274375 0.38333333281250004 0.306875 0.38333333281250004 0.305 0.34750000000000003
10 0.21875 0.375 0.215 0.3433333328125 0.19125 0.3416666671875 0.18812500000000001 0.34249999999999997 0.18812500000000001 0.3516666671875 0.195625 0.37666666718749997 0.21875 0.375
12 0.40499999999999997 0.5808333328125 0.40812499999999996 0.5858333328125 0.42125 0.5858333328125 0.418125 0.525 0.41187500000000005 0.5091666671875 0.40437500000000004 0.5091666671875 0.40062499999999995 0.5125 0.399375 0.5316666671875 0.40499999999999997 0.5808333328125
4 0.575 0.3391666671875 0.563125 0.3366666671875 0.556875 0.3458333328125 0.5543750000000001 0.3633333328125 0.53125 0.3975 0.53125 0.40750000000000003 0.536875 0.41166666718749995 0.545625 0.4125 0.545 0.40416666718750005 0.5493750000000001 0.39416666718750004 0.59375 0.3958333328125 0.5962500000000001 0.37666666718749997 0.593125 0.36833333281249997 0.5818749999999999 0.3616666671875 0.575 0.3391666671875
8 0.784375 0.5433333328125001 0.754375 0.46749999999999997 0.7474999999999999 0.4583333328125 0.7375 0.45416666718750004 0.6693749999999999 0.445 0.625625 0.46166666718749994 0.61875 0.47000000000000003 0.6131249999999999 0.4916666671875 0.58875 0.5575 0.589375 0.5725 0.60625 0.58 0.698125 0.595 0.759375 0.6174999999999999 0.79875 0.6275000000000001 0.811875 0.6266666671875 0.820625 0.6208333328125 0.818125 0.6058333328125001 0.804375 0.5733333328125 0.784375 0.5433333328125001
0 0.6118750000000001 0.4216666671875 0.595625 0.42416666718749996 0.591875 0.4291666671875 0.594375 0.43833333281250003 0.621875 0.4491666671875 0.6525000000000001 0.4516666671875 0.665 0.44166666718750003 0.665 0.43 0.6525000000000001 0.42416666718749996 0.6487499999999999 0.4175 0.615 0.4175 0.6118750000000001 0.4216666671875
5 0.284375 0.5316666671875 0.30125 0.5225 0.3125 0.5116666671875 0.31062500000000004 0.5083333328124999 0.26687500000000003 0.4916666671875 0.25625 0.4916666671875 0.23625 0.5041666671875 0.234375 0.5091666671875 0.284375 0.5316666671875