4 0.500725103125 0.6392206265625 0.512995209375 0.6429176171875 0.5290602078125 0.6282088984375 0.538382453125 0.6262348953125 0.55363679375 0.6103532265625 0.5447932046874999 0.59334025 0.52640623125 0.5751699390625 0.523790078125 0.5741959515625 0.51900005625 0.5785106484375 0.5062882484375 0.599476834375 0.5103048609374999 0.615128309375 0.4972243890625 0.6257212937500001 0.49505051718750004 0.631009978125 0.500725103125 0.6392206265625
8 0.6599021656249999 0.5434181734375 0.6609339624999999 0.5477224609375 0.6522381875 0.553414271875 0.6374994515625 0.5559851609375001 0.637646975 0.563227025 0.7524285828124999 0.7405518109375 0.7662097218749999 0.76049195625 0.779732765625 0.7716245703125 0.8697140328125 0.8245073703125 0.900223590625 0.8391328046875 0.9040187718749999 0.8361900203125 0.9023605078125 0.828167921875 0.8408979515624999 0.7308026828124999 0.84248201875 0.7120094609375001 0.82542130625 0.68170131875 0.8180517921874999 0.6752553015625 0.5900368484375 0.3579880078125 0.58498873125 0.3534951703125 0.5761823859375 0.357621315625 0.5599332015625 0.37487489687500003 0.5602282484375001 0.389358628125 0.58974354375 0.4362818234375 0.5967816375 0.45349376093749993 0.6599021656249999 0.5434181734375
8 0.4002719640625 0.1958687671875 0.4234125890625 0.23497403125 0.454217484375 0.279546121875 0.461881753125 0.285012946875 0.47352539218749995 0.2849921265625 0.482737359375 0.29691537968750004 0.5004239562499999 0.300015484375 0.510225434375 0.309980353125 0.5185528359375 0.3093782609375 0.5328495796875 0.3160076265625 0.5557690640625 0.35198155625 0.5646490265625 0.3437448796875 0.5703969390625 0.332382075 0.56295351875 0.31458366249999997 0.39651083125 0.0498585046875 0.3820296078125 0.0303110765625 0.373554684375 0.023671303125 0.368801903125 0.0491251203125 0.3730771921875 0.104509978125 0.3847947375 0.115841553125 0.3773518984375 0.12896898750000002 0.3807053796875 0.15068938125 0.4002719640625 0.1958687671875
10 0.49335007031250006 0.33897904687499997 0.4893704109375 0.32900376875 0.4238921140625 0.26237582656249997 0.392424959375 0.2702614234375 0.371606603125 0.2794981125 0.358268034375 0.2812835640625 0.3523726015625 0.2854045046875 0.35292545 0.29323284374999997 0.3988380359375 0.361070171875 0.41258222031249997 0.3753341203125 0.48015903125000003 0.3480063625 0.49335007031250006 0.33897904687499997
10 0.177186603125 0.12365250624999999 0.21345755624999999 0.1785868359375 0.21938994687500002 0.18014209375 0.22830686406249998 0.17758161562500002 0.257010340625 0.1614801625 0.2549467515625 0.1528715921875 0.21658134687500002 0.1015537 0.177186603125 0.12365250624999999
10 0.3486882796875 0.3053758828125 0.32698506875 0.28662430156249996 0.3071245984375 0.28881288125000004 0.2949283984375 0.296468284375 0.297286746875 0.30409766562499996 0.3319237765625 0.35140316718750003 0.36906522656249996 0.33626529375 0.36954417031250003 0.3327412375 0.3486882796875 0.3053758828125
10 0.50838763125 0.5519099062499999 0.4845469203125 0.5131973609375 0.4745612546875 0.5057773531249999 0.461517446875 0.5065836109374999 0.44692623593749997 0.5163963640625 0.45020581093749995 0.5267643609375 0.4795735828125 0.5664456890625 0.48620605625 0.567608228125 0.5084245859375 0.5575861046874999 0.50838763125 0.5519099062499999
10 0.5986619125 0.5110359671875 0.5648355390625001 0.4649034140625 0.5604138890625 0.4641283875 0.4914002453125 0.502028309375 0.4906265453125 0.5065315578125 0.56690174375 0.6126783046875001 0.5786189984375001 0.6085469546875 0.6353994890625 0.572626240625 0.5986619125 0.5110359671875
5 0.6604180656249999 0.5455703171875 0.603782775 0.46502950312499997 0.597445059375 0.4628877703125 0.5922497078125 0.466615990625 0.588012534375 0.478759028125 0.640999875 0.55402156875 0.6483324359375 0.5547913906249999 0.660344446875 0.5496808453125 0.6604180656249999 0.5455703171875
5 0.5492102062499999 0.3467084875 0.5326284390625 0.312876290625 0.5269171906250001 0.31445236875 0.5038149703125 0.358337921875 0.5096740343749999 0.379466634375 0.5151274796875 0.3845459453125 0.535577175 0.3649360546875 0.5492102062499999 0.3467084875
5 0.3643817078125 0.12566471562499998 0.3603648046875 0.0945503171875 0.35093169999999996 0.07949572656250001 0.32095429062499997 0.043004840625 0.30241758124999996 0.053403160937500006 0.302993346875 0.0551147953125 0.316774484375 0.0750549421875 0.3405782421875 0.108091290625 0.36077071250000003 0.126062640625 0.3643817078125 0.12566471562499998
12 0.7723620906249999 0.703326853125 0.7729146515624999 0.6956922703124999 0.7626342296875 0.6892514546874999 0.730061953125 0.712406221875 0.718418603125 0.7278899671875 0.7264882015625 0.7339432671874999 0.7428112953125 0.7280420828125 0.7648822984375 0.7107780921875 0.7723620906249999 0.703326853125
8 0.8907541125 0.8493278640625 0.8834582171875001 0.8387713171875 0.8530231484374999 0.8664241265625 0.84232174375 0.8635912328125 0.8313199375 0.8476725453125 0.828371784375 0.8265386296875 0.8187175375000001 0.808352703125 0.7998516203125 0.793706446875 0.7900131874999999 0.7780653828124999 0.7752005468750001 0.7692838734375 0.7636671875000001 0.755407440625 0.6735017328125 0.7050695015625 0.659426128125 0.7015714734375 0.6468246015625 0.708640403125 0.6748291562500001 0.754783365625 0.8420798828124999 0.8815151546875001 0.853134009375 0.8834527203125001 0.86348775625 0.8703200796875 0.8907541125 0.8493278640625
0 0.6457555609375001 0.6831969953125 0.63075873125 0.6769603484375 0.6110452046875 0.65546494375 0.6055181421875 0.6544961625 0.6028283734375 0.6576327046875 0.6136622265625 0.70282770625 0.6303909390625 0.71297591875 0.6551520015625 0.7080383109375 0.659426128125 0.7015714734375 0.6457555609375001 0.6831969953125