10 0.48875 0.5091666671875 0.491875 0.6008333328125001 0.5818749999999999 0.5966666671875 0.6068749999999999 0.5925 0.605 0.5016666671875 0.48875 0.5091666671875
10 0 0.5816666671874999 0.003125 0.615 0.0775 0.6166666671875001 0.079375 0.6141666671875 0.1125 0.6125 0.115625 0.61 0.11000000000000001 0.5599999999999999 0.104375 0.53 0.10124999999999999 0.525 0.008125 0.5275000000000001 0 0.5283333328125 0 0.5816666671874999
10 0.365 0.5208333328125 0.280625 0.5158333328125 0.27937500000000004 0.5316666671875 0.2875 0.5974999999999999 0.32687499999999997 0.6041666671875 0.333125 0.6083333328125 0.3375 0.6191666671875 0.34125 0.6208333328125 0.351875 0.6141666671875 0.3725 0.6133333328125 0.366875 0.5241666671874999 0.365 0.5208333328125
10 0.1075 0.48250000000000004 0.108125 0.5 0.1125 0.5158333328125 0.14875 0.5141666671875 0.1575 0.515 0.16 0.5183333328125 0.161875 0.5141666671875 0.16125 0.4791666671875 0.109375 0.48166666718749995 0.1075 0.48250000000000004
10 0.319375 0.4725 0.28625 0.4716666671875 0.265 0.475 0.26625 0.49583333281249997 0.270625 0.505 0.32125 0.5016666671875 0.319375 0.4725
5 0.5974999999999999 0.6325000000000001 0.600625 0.6266666671875 0.5962500000000001 0.6091666671875 0.509375 0.6066666671875 0.50625 0.6116666671875 0.5037499999999999 0.6266666671875 0.50875 0.6308333328125 0.5974999999999999 0.6325000000000001
5 0.08625000000000001 0.6275000000000001 0.088125 0.6366666671875 0.128125 0.6425 0.14875 0.6416666671875 0.173125 0.6258333328125001 0.17124999999999999 0.6224999999999999 0.15375 0.6174999999999999 0.10625 0.6174999999999999 0.088125 0.625 0.08625000000000001 0.6275000000000001
5 0.396875 0.6541666671875 0.41187500000000005 0.6016666671875 0.4 0.6008333328125001 0.3875 0.6066666671875 0.365 0.6516666671875 0.36375 0.6583333328125 0.365625 0.6599999999999999 0.396875 0.6541666671875
4 0.62375 0.44000000000000006 0.614375 0.44000000000000006 0.6056250000000001 0.46333333281250005 0.5912499999999999 0.47000000000000003 0.571875 0.49749999999999994 0.571875 0.5016666671875 0.59875 0.49833333281250003 0.608125 0.5083333328124999 0.61375 0.5075000000000001 0.61875 0.4883333328125 0.631875 0.48666666718749996 0.6331249999999999 0.4841666671875 0.63375 0.475 0.6275000000000001 0.44333333281250004 0.62375 0.44000000000000006
10 0.48250000000000004 0.46333333281250005 0.484375 0.5066666671875 0.5325 0.505 0.54 0.49833333281250003 0.536875 0.46166666718749994 0.48250000000000004 0.46333333281250005
0 0.42625 0.5108333328125 0.42374999999999996 0.5125 0.425 0.5216666671875 0.43624999999999997 0.525 0.45875000000000005 0.525 0.464375 0.5108333328125 0.4625 0.5066666671875 0.45375 0.5016666671875 0.42625 0.5041666671875 0.42625 0.5108333328125