8 0.5588005359375 0.443319578125 0.5636173578125 0.450315403125 0.5630603796875 0.4571956984375 0.572445371875 0.4568672875 0.6146114265625 0.44239872968749994 0.6240543375 0.4362396421875 0.62653090625 0.42303851875 0.6304654515625 0.4204722328125 0.6363008640625 0.403632096875 0.585351240625 0.3086958453125 0.5761008140625 0.30531592343749997 0.54789141875 0.2527523515625 0.51896825625 0.262203865625 0.4893161078125 0.26633795937500004 0.4867254484375 0.2615106921875 0.4928487125 0.24520691874999997 0.5116783640625 0.209029678125 0.49275684374999995 0.175752065625 0.48845780312500003 0.17565964375 0.48008965000000003 0.1818418375 0.4615478484375 0.218555440625 0.4473238140625 0.263314490625 0.516656703125 0.40636167343749996 0.5421221546874999 0.44985328906250005 0.5588005359375 0.443319578125
8 0.4147879078125 0.3511541828125 0.4234064625 0.3296023078125 0.42338773749999997 0.321649284375 0.43281192500000004 0.3075371765625 0.4458266390625 0.26646335 0.44672938906250004 0.2542887421875 0.41057425625 0.20473539375 0.40784903281249996 0.20361645468749998 0.403127578125 0.2066959984375 0.37540674375 0.3312212578125 0.3797245078125 0.3392667015625 0.40313930625000005 0.333407990625 0.40985524375000004 0.355819709375 0.4147879078125 0.3511541828125
12 0.5603743531250001 0.4422930625 0.5560753125 0.44220064062500003 0.5272475203125 0.461727521875 0.5168831359375 0.472108196875 0.5189747359375 0.47798508437500004 0.541372690625 0.46627258749999995 0.5638285671875 0.44872941875 0.5603743531250001 0.4422930625
4 0.4597196125 0.628871309375 0.4694503734375 0.623248584375 0.47708953593750003 0.6117489734375 0.48574553906249995 0.60610314375 0.5158201 0.5987970828125 0.5201957859374999 0.6010118531249999 0.5281415234375 0.5980016265625 0.5597694328125 0.61140576875 0.5695768390625 0.607905390625 0.577926265625 0.593770178125 0.5672757796875 0.5739247453125 0.5729766296875 0.5607929390625 0.550541228125 0.5565993890625001 0.543862734375 0.550093715625 0.5309656109375 0.549816446875 0.5182217765625 0.5537838703125 0.49966299843749995 0.5528547109375 0.4797024171875 0.565149778125 0.4669773046875 0.577070225 0.462197928125 0.58598044375 0.4473794671875 0.6217137453125 0.4503346203125 0.6291997203124999 0.4597196125 0.628871309375
0 0.525016109375 0.548628190625 0.5437673671875001 0.5400183468749999 0.5496794234375 0.5253005578125001 0.5486625828125 0.5194467765625 0.538836453125 0.5149941296875 0.5195691609375 0.4870108328125 0.5080925703125 0.4814623546875 0.501873940625 0.4876907609375 0.49782355312500004 0.5019183984375 0.49901240312499995 0.51996989375 0.5061507578125 0.5392096468750001 0.515842325 0.5473706203125001 0.525016109375 0.548628190625
10 0.3474577296875 0.4196897359375 0.38029671249999997 0.39971891406250004 0.375001303125 0.37203599062500003 0.338938040625 0.39193749375000003 0.3474577296875 0.4196897359375
10 0.39233378124999996 0.33900760937499996 0.38989640937500003 0.338425034375 0.3464051921875 0.36824016875 0.345866934375 0.38307348750000003 0.366403221875 0.37185114375 0.383715225 0.360559484375 0.388859096875 0.3543079734375 0.39233378124999996 0.33900760937499996
10 0.3689342109375 0.412198828125 0.3403176265625 0.4301397265625 0.33954944062500003 0.43860600781250003 0.343349421875 0.43974805000000006 0.3685305203125 0.42332381718749995 0.372100571875 0.41809882343749993 0.3689342109375 0.412198828125
10 0.44878652187499996 0.5194202875 0.4256783015625 0.5337683859375 0.4250446796875 0.5385263359375 0.4312053890625 0.5381286078125 0.4698405890625 0.5151013484375 0.4654649046875 0.5128865796875 0.44878652187499996 0.5194202875
10 0.4021868640625 0.537504753125 0.39497011406250004 0.5458323984375 0.40013270937499995 0.547533909375 0.422588584375 0.5299907390625 0.4163512296875 0.528266121875 0.4021868640625 0.537504753125
10 0.4015924375 0.528479003125 0.39136261562499997 0.5351513484375 0.3830711078125 0.5434558890625001 0.3874467953125 0.5456706578125 0.3935308609375 0.5431505828125001 0.40460551093749997 0.5301343046875 0.4015924375 0.528479003125
10 0.3397214515625 0.450803721875 0.342312109375 0.4556309890625 0.35440360000000004 0.4484684921875 0.361620346875 0.440140846875 0.3570334546875 0.43951206249999997 0.3397214515625 0.450803721875