4 0.3366469578125 0.622158684375 0.302418059375 0.6357062140624999 0.2947540015625 0.634343090625 0.2900183453125 0.644211059375 0.29236525156250004 0.650876125 0.2985494171875 0.6553229875000001 0.3069992640625 0.6569746234375 0.3172249828125 0.654925771875 0.351962146875 0.686540940625 0.3553385140625 0.721875390625 0.3632880890625 0.7284212890624999 0.3786266671875 0.7253480125 0.3843628671875 0.7056915187499999 0.3988239703125 0.6986689640625 0.39048673125 0.68907904375 0.3978966578125 0.66786081875 0.3931006984375 0.6566694484375 0.3832835671875 0.6501632703125 0.38379430000000003 0.6394694828125 0.371528115625 0.6284369984375 0.3586595125 0.6244375328125 0.3366469578125 0.622158684375
4 0.3969293734375 0.386767878125 0.3946532296875 0.3953626296875 0.40466419374999996 0.4033908171875 0.411246484375 0.405082175 0.4242486171875 0.38954431093749997 0.4060733234375 0.3850472625 0.3969293734375 0.386767878125
10 0.44087325625 0.381865284375 0.43850542812500004 0.38679926875000004 0.47150856875 0.398916828125 0.482417928125 0.3992952453125 0.49628707343749995 0.39350618437499996 0.49668520000000005 0.39075068125 0.4844085546875 0.38551771874999996 0.451599246875 0.37492217031249997 0.44087325625 0.381865284375
10 0.3917537453125 0.4225894484375 0.41218426093750005 0.4300907953125 0.42279764062499997 0.4310859625 0.4258491140625 0.42857924843750006 0.42624723593749997 0.42582374375 0.4218284828125 0.423475915625 0.3974690234375 0.4145320015625 0.3917537453125 0.4225894484375
10 0.330894771875 0.5417012609375 0.33226205468750003 0.5465558015624999 0.35632553749999996 0.5561164609375 0.36016279687499997 0.5538982625 0.3538869453125 0.5457906312499999 0.33974274375 0.5405973921875 0.330894771875 0.5417012609375
10 0.3816197125 0.4282990671875 0.37846609375 0.4329445359375 0.4034175109375 0.44065495468749993 0.4074590640625 0.4341592375 0.38957975 0.4290454421875 0.3816197125 0.4282990671875
10 0.36534641875 0.5681336499999999 0.37938847343750004 0.5754656484375 0.3832257328125 0.5732474468750001 0.38832813125 0.5780225453125001 0.3774396921875 0.5660450781249999 0.3621220375 0.5575193078125 0.3606421453125 0.5606030468750001 0.36534641875 0.5681336499999999
10 0.327272265625 0.5338424203125001 0.3481009046875 0.5385882609375 0.3483052 0.534310746875 0.329344115625 0.529525184375 0.327272265625 0.5338424203125001
10 0.409562296875 0.41244342968750003 0.44226945781250004 0.4251777375 0.4614766796875 0.40248768906250004 0.428085878125 0.387326109375 0.409562296875 0.41244342968750003
8 0.6037488046874999 0.37565401718749997 0.58328690625 0.3855512421875 0.5105887890624999 0.529332975 0.5030059546875 0.5374301421875 0.481554546875 0.5859815296875001 0.4727349203125 0.59087815 0.4593765046875 0.5859734234375 0.4515998375 0.59254858125 0.45296712499999997 0.5974031234375 0.46533545624999995 0.60629685 0.47140701093750004 0.6186819953125 0.513124590625 0.649233015625 0.523829659375 0.65388895 0.528054584375 0.65471476875 0.5610078828125 0.6399734640625 0.6458515796875 0.4651055390625 0.6446781265625 0.46177300781249997 0.6334832484375 0.4562118125 0.6318199875 0.4519740171875 0.6240642421875 0.44695012656250005 0.6011139125 0.41966265937499997 0.6178406984375 0.4098448765625 0.65845805625 0.3964666953125 0.6744408984375 0.36316230312500003 0.6704202687499999 0.35805896875 0.6613784625 0.357640828125 0.6037488046874999 0.37565401718749997
12 0.44669127187499996 0.5892954921875 0.44402746562499995 0.5948462234375 0.4543344078125 0.6022576640625 0.487929503125 0.6131417265625 0.492267034375 0.6060292640625 0.49089974999999997 0.601174721875 0.46231536718750005 0.5914049921875 0.44669127187499996 0.5892954921875
8 0.5902907140625 0.3170315640625 0.5529186562499999 0.3294250390625 0.53924334375 0.3367361109375 0.527435584375 0.3440074578125 0.51886266875 0.356093628125 0.49662489687500005 0.3696913421875 0.49306269374999995 0.3828918421875 0.5039615937499999 0.38906978593749997 0.50482860625 0.398818590625 0.49054041249999997 0.4189622046875 0.51078755625 0.41914201718750005 0.5631000625 0.40643076875000006 0.5821029906249999 0.3880182359375 0.616046371875 0.369287928125 0.6129136765625 0.362334353125 0.6179726999999999 0.3094225828125 0.622856346875 0.299246240625 0.6188252546874999 0.2999424328125 0.5902907140625 0.3170315640625
0 0.39563344218749996 0.6147995625 0.388029684375 0.6344957765625 0.38860072031250004 0.6448613296875 0.3937948015625 0.6532971937500001 0.40577546875000003 0.6591469046875 0.42407383281250005 0.649906146875 0.42232934687499996 0.6362080625 0.425993696875 0.6208688046875 0.43684275625 0.6001878859375 0.43115886249999996 0.590846759375 0.418279796875 0.59264681875 0.39563344218749996 0.6147995625
1 0.44131135 0.6293945765625 0.44592393750000003 0.6332644140625 0.44965905156249997 0.633184971875 0.45656870468750005 0.616861009375 0.44871081406249996 0.6139758765625001 0.44131135 0.6293945765625