8 0.6018749999999999 0.6191666671875 0.584375 0.5650000000000001 0.57125 0.5599999999999999 0.5081249999999999 0.5591666671875 0.353125 0.5650000000000001 0.32 0.6 0.303125 0.6258333328125001 0.3025 0.6316666671875 0.305625 0.6366666671875 0.34249999999999997 0.6366666671875 0.356875 0.615 0.3775 0.595 0.39 0.6166666671875001 0.4025 0.6558333328125 0.5806250000000001 0.655 0.6025 0.6308333328125 0.6018749999999999 0.6191666671875
0 0.623125 0.495 0.5974999999999999 0.5 0.5856250000000001 0.5058333328125 0.58 0.5141666671875 0.5756249999999999 0.5158333328125 0.57625 0.5225 0.589375 0.5291666671875 0.6325000000000001 0.54 0.6375 0.54 0.63875 0.5333333328125 0.6481250000000001 0.5241666671874999 0.646875 0.5116666671875 0.641875 0.5041666671875 0.635 0.49833333281250003 0.623125 0.495
12 0.58125 0.5741666671875 0.58125 0.5408333328125 0.57875 0.5308333328125 0.571875 0.53 0.5700000000000001 0.54 0.569375 0.5766666671875 0.5775 0.5791666671875 0.58125 0.5741666671875
8 0.38375 0.4933333328125 0.384375 0.485 0.381875 0.48 0.3725 0.48 0.35875 0.4891666671875 0.265 0.5633333328125001 0.27937500000000004 0.5675 0.344375 0.5700000000000001 0.356875 0.5633333328125001 0.366875 0.5533333328125 0.4125 0.5 0.41187500000000005 0.49583333281249997 0.406875 0.49583333281249997 0.38937499999999997 0.5008333328125001 0.38375 0.4933333328125
10 0.403125 0.4258333328125 0.403125 0.4491666671875 0.40625 0.46333333281250005 0.43375 0.45499999999999996 0.43062500000000004 0.42000000000000004 0.403125 0.4258333328125
10 0.39875 0.48250000000000004 0.40125 0.47416666718749995 0.40062499999999995 0.43666666718749997 0.39625 0.43499999999999994 0.385625 0.44166666718750003 0.38625 0.4875 0.38937499999999997 0.4891666671875 0.39875 0.48250000000000004
10 0.5825 0.4425 0.579375 0.43 0.57375 0.4266666671875 0.5743750000000001 0.4591666671875 0.579375 0.475 0.5825 0.47750000000000004 0.5825 0.4425
10 0.44749999999999995 0.4308333328125 0.445625 0.40833333281249995 0.4375 0.41 0.4375 0.4408333328125 0.441875 0.44166666718750003 0.445625 0.44000000000000006 0.44749999999999995 0.4308333328125
10 0.45999999999999996 0.4025 0.45375 0.4025 0.45125000000000004 0.41333333281250006 0.45062499999999994 0.43 0.45437500000000003 0.43 0.45999999999999996 0.4175 0.45999999999999996 0.4025
10 0.565625 0.4058333328125 0.56375 0.4266666671875 0.569375 0.43166666718749996 0.571875 0.40833333281249995 0.56875 0.40416666718750005 0.565625 0.4058333328125
10 0.55625 0.4058333328125 0.5549999999999999 0.42000000000000004 0.561875 0.42000000000000004 0.5625 0.3975 0.5599999999999999 0.3975 0.55625 0.4058333328125
4 0.718125 0.5075000000000001 0.688125 0.4883333328125 0.67875 0.47375 0.670625 0.4458333328125 0.676875 0.4308333328125 0.67625 0.4216666671875 0.671875 0.4141666671875 0.661875 0.4141666671875 0.651875 0.4308333328125 0.639375 0.44166666718750003 0.634375 0.4516666671875 0.63125 0.46666666718750005 0.630625 0.4783333328125 0.63375 0.4875 0.64125 0.4916666671875 0.655625 0.52 0.678125 0.5275000000000001 0.6837500000000001 0.5491666671875 0.689375 0.5566666671875 0.698125 0.5541666671875001 0.719375 0.5183333328125 0.718125 0.5075000000000001