8 0.6224999999999999 0.6849999999999999 0.63375 0.6641666671875 0.641875 0.6575 0.646875 0.6425 0.65125 0.6408333328125 0.659375 0.6275000000000001 0.66875 0.6191666671875 0.67125 0.6083333328125 0.67625 0.605 0.684375 0.5891666671875 0.708125 0.5591666671875 0.70625 0.5483333328125 0.701875 0.5408333328125 0.670625 0.5183333328125 0.66125 0.5066666671875 0.6575 0.49416666718749996 0.64625 0.4916666671875 0.6381249999999999 0.4791666671875 0.5181250000000001 0.42416666718749996 0.44749999999999995 0.3975 0.4325 0.395 0.41624999999999995 0.3975 0.333125 0.42416666718749996 0.309375 0.43833333281250003 0.306875 0.445 0.31375000000000003 0.4533333328125 0.365625 0.495 0.385 0.515 0.40625 0.5291666671875 0.425625 0.5491666671875 0.608125 0.6925 0.6224999999999999 0.6849999999999999
0 0.813125 0.5391666671875 0.8237500000000001 0.5158333328125 0.820625 0.5008333328125001 0.8081250000000001 0.4858333328125 0.77 0.4625 0.743125 0.4533333328125 0.721875 0.4533333328125 0.683125 0.46749999999999997 0.67375 0.4733333328125 0.6599999999999999 0.495 0.659375 0.5066666671875 0.665625 0.5183333328125 0.7068749999999999 0.55 0.7162499999999999 0.5508333328125 0.728125 0.5641666671875 0.729375 0.6041666671875 0.734375 0.6166666671875001 0.813125 0.5391666671875
8 0.51 0.38333333281250004 0.52125 0.3791666671875 0.529375 0.38416666718750003 0.53 0.3975 0.534375 0.4025 0.53625 0.365 0.540625 0.3591666671875 0.556875 0.35 0.5818749999999999 0.3441666671875 0.583125 0.3383333328125 0.5625 0.3366666671875 0.55625 0.33999999999999997 0.5493750000000001 0.3375 0.545625 0.3325 0.546875 0.32999999999999996 0.5425 0.3275 0.52125 0.3258333328125 0.45499999999999996 0.3433333328125 0.425 0.3458333328125 0.41875 0.3533333328125 0.379375 0.365 0.37875000000000003 0.3708333328125 0.38125 0.37333333281250003 0.42000000000000004 0.39416666718750004 0.43624999999999997 0.395 0.48375 0.41 0.4925 0.4091666671875 0.506875 0.39416666718750004 0.51 0.38333333281250004
8 0.538125 0.4091666671875 0.5337500000000001 0.40499999999999997 0.525 0.4183333328125 0.515625 0.4225 0.5181250000000001 0.4266666671875 0.536875 0.43499999999999994 0.54625 0.4341666671875 0.594375 0.4058333328125 0.595 0.3808333328125 0.5650000000000001 0.3933333328125 0.54375 0.40750000000000003 0.538125 0.4091666671875
5 0.920625 0.3975 0.9199999999999999 0.3908333328125 0.9081250000000001 0.3808333328125 0.79625 0.3675 0.79625 0.3741666671875 0.8006249999999999 0.3825 0.8425 0.39 0.844375 0.395 0.849375 0.3975 0.8975 0.4033333328125 0.915625 0.4025 0.920625 0.3975
10 0.594375 0.2575 0.55375 0.2616666671875 0.55 0.3066666671875 0.5506249999999999 0.3233333328125 0.588125 0.3133333328125 0.594375 0.2575
10 0.658125 0.2966666671875 0.6625 0.25 0.6174999999999999 0.2508333328125 0.61375 0.2533333328125 0.6131249999999999 0.25916666718750003 0.6131249999999999 0.3008333328125 0.658125 0.2966666671875
10 0.8699999999999999 0.28500000000000003 0.858125 0.3391666671875 0.8556250000000001 0.3641666671875 0.859375 0.365 0.868125 0.3583333328125 0.87375 0.315 0.880625 0.2966666671875 0.8825 0.2741666671875 0.8768750000000001 0.2758333328125 0.8699999999999999 0.28500000000000003
10 0.684375 0.2641666671875 0.680625 0.28500000000000003 0.69875 0.2833333328125 0.701875 0.2758333328125 0.70625 0.2425 0.690625 0.2416666671875 0.684375 0.24583333281250003 0.684375 0.2641666671875
10 0.7318749999999999 0.2816666671875 0.7325 0.26916666718750004 0.740625 0.2391666671875 0.725625 0.24 0.7175 0.26916666718750004 0.718125 0.275 0.7318749999999999 0.2816666671875
10 0.8943749999999999 0.2875 0.8931250000000001 0.3025 0.8956250000000001 0.31 0.9 0.31083333281250003 0.903125 0.2925 0.915625 0.25916666718750003 0.915625 0.2483333328125 0.906875 0.2575 0.8943749999999999 0.2875
1 0.840625 0.5216666671875 0.835 0.53 0.83375 0.5341666671875 0.835625 0.5375 0.86875 0.5525 0.87625 0.5525 0.8825 0.5416666671875 0.8800000000000001 0.5358333328125 0.845 0.5216666671875 0.840625 0.5216666671875
12 0.46187500000000004 0.32 0.46375 0.3533333328125 0.46875 0.355 0.47125000000000006 0.3533333328125 0.47375 0.3383333328125 0.471875 0.32083333281250004 0.468125 0.3116666671875 0.464375 0.3125 0.46187500000000004 0.32