8 0 0.9991666671875 0.15687500000000001 0.9991666671875 0.193125 0.9658333328125 0.20625 0.9483333328124999 0.221875 0.9333333328125001 0.226875 0.925 0.24625 0.9066666671875 0.26437499999999997 0.8808333328125 0.305625 0.8358333328124999 0.31437499999999996 0.8216666671875 0.3325 0.8041666671875 0.339375 0.7933333328125001 0.37312500000000004 0.7566666671875 0.378125 0.7483333328125 0.38687499999999997 0.7416666671875001 0.41624999999999995 0.7033333328125 0.42374999999999996 0.6966666671875 0.42750000000000005 0.6891666671875 0.436875 0.6825 0.4325 0.67 0.4175 0.6625 0.41 0.6625 0.405625 0.665 0.40125 0.6783333328125 0.39625 0.6858333328125 0.385625 0.6900000000000001 0.375625 0.6891666671875 0.368125 0.6808333328125 0.361875 0.635 0.355 0.625 0.32999999999999996 0.6125 0.31875 0.6041666671875 0.3 0.5966666671875 0.265625 0.5733333328125 0.231875 0.5541666671875001 0.206875 0.545 0.1625 0.5225 0.081875 0.475 0.045 0.4566666671875 0.015 0.43666666718749997 0 0.43499999999999994 0 0.9991666671875
12 0.381875 0.6933333328125 0.3975 0.6849999999999999 0.403125 0.6725 0.399375 0.6291666671875 0.40062499999999995 0.5866666671874999 0.398125 0.5700000000000001 0.39249999999999996 0.5566666671875 0.39 0.5433333328125001 0.38375 0.5375 0.375 0.5366666671875 0.365625 0.5391666671875 0.36124999999999996 0.545 0.356875 0.5791666671875 0.356875 0.6075 0.361875 0.6433333328125 0.36375 0.6841666671875 0.3675 0.6900000000000001 0.381875 0.6933333328125
0 0.61875 0.5583333328125 0.624375 0.5658333328125 0.6525000000000001 0.5883333328125 0.6587500000000001 0.5974999999999999 0.6743750000000001 0.6041666671875 0.68125 0.6108333328125 0.685625 0.6091666671875 0.685625 0.5974999999999999 0.6875 0.5941666671875 0.698125 0.5933333328125 0.71 0.5991666671875 0.723125 0.6125 0.735625 0.6183333328125 0.7375 0.6216666671875 0.735625 0.635 0.74375 0.6491666671874999 0.746875 0.6491666671874999 0.753125 0.64 0.7625 0.6375 0.7975 0.6391666671875 0.811875 0.625 0.8275 0.5941666671875 0.840625 0.5575 0.844375 0.525 0.843125 0.5183333328125 0.836875 0.51 0.81375 0.49083333281249997 0.76125 0.4691666671875 0.7125 0.4625 0.6693749999999999 0.4625 0.6575 0.4641666671875 0.635625 0.4733333328125 0.6075 0.49083333281249997 0.5962500000000001 0.5075000000000001 0.593125 0.53 0.595625 0.54 0.6075 0.5549999999999999 0.61875 0.5583333328125
10 0.7737499999999999 0.3358333328125 0.780625 0.3241666671875 0.7893749999999999 0.3166666671875 0.79375 0.30416666718749996 0.8018750000000001 0.2916666671875 0.805625 0.2541666671875 0.8074999999999999 0.19083333281249998 0.803125 0.1858333328125 0.795 0.185 0.7849999999999999 0.1941666671875 0.765 0.20416666718749998 0.75625 0.2166666671875 0.755625 0.31083333281250003 0.7575000000000001 0.32999999999999996 0.75875 0.335 0.7618750000000001 0.3375 0.7737499999999999 0.3358333328125
10 0.8699999999999999 0.20166666718749998 0.871875 0.20416666718749998 0.885 0.20416666718749998 0.8956250000000001 0.1991666671875 0.9175000000000001 0.1775 0.920625 0.16583333281249998 0.920625 0.1383333328125 0.9256249999999999 0.1183333328125 0.925 0.10500000000000001 0.920625 0.10333333281249998 0.9106249999999999 0.1058333328125 0.89875 0.1158333328125 0.8887499999999999 0.1275 0.8787499999999999 0.14416666718749999 0.874375 0.1616666671875 0.874375 0.1808333328125 0.8699999999999999 0.19083333281249998 0.8699999999999999 0.20166666718749998
10 0.3275 0.2833333328125 0.3525 0.27999999999999997 0.368125 0.28250000000000003 0.3725 0.2783333328125 0.37374999999999997 0.2558333328125 0.384375 0.24500000000000002 0.38875000000000004 0.2316666671875 0.38937499999999997 0.1533333328125 0.385 0.1433333328125 0.3775 0.1408333328125 0.303125 0.1533333328125 0.29500000000000004 0.1616666671875 0.29375 0.17250000000000001 0.3 0.2375 0.299375 0.2558333328125 0.303125 0.265 0.313125 0.2766666671875 0.3275 0.2833333328125
10 0.4925 0.2108333328125 0.51875 0.2058333328125 0.5237499999999999 0.20249999999999999 0.5287499999999999 0.1916666671875 0.53 0.1358333328125 0.528125 0.1266666671875 0.5225 0.12 0.510625 0.11916666718749999 0.453125 0.12250000000000001 0.44125 0.1266666671875 0.4375 0.1366666671875 0.4375 0.20916666718750002 0.4425 0.2133333328125 0.45625 0.2141666671875 0.465 0.2108333328125 0.4925 0.2108333328125
10 0.58 0.175 0.60875 0.1783333328125 0.615625 0.17250000000000001 0.62 0.16499999999999998 0.618125 0.1566666671875 0.62 0.1316666671875 0.61875 0.10833333281249999 0.614375 0.0975 0.600625 0.0875 0.596875 0.075 0.5912499999999999 0.07416666718750001 0.5862499999999999 0.07666666718750001 0.58125 0.0841666671875 0.57625 0.10916666718750001 0.573125 0.11750000000000001 0.5662499999999999 0.1266666671875 0.566875 0.1525 0.57125 0.1675 0.58 0.175
10 0.661875 0.16 0.6725 0.1508333328125 0.6793750000000001 0.11499999999999999 0.6793750000000001 0.0991666671875 0.6756249999999999 0.0916666671875 0.671875 0.0891666671875 0.658125 0.0883333328125 0.6537499999999999 0.0908333328125 0.6481250000000001 0.0991666671875 0.646875 0.11333333281249999 0.6425 0.13 0.6425 0.14250000000000002 0.6443749999999999 0.1483333328125 0.65625 0.1608333328125 0.661875 0.16
0 0.936875 0.3758333328125 0.9737500000000001 0.3541666671875 0.97625 0.3258333328125 0.9731249999999999 0.3175 0.95 0.31 0.925 0.29 0.9106249999999999 0.2875 0.8956250000000001 0.29333333281249996 0.8324999999999999 0.2975 0.826875 0.30333333281249997 0.82 0.3283333328125 0.8306250000000001 0.3433333328125 0.849375 0.3591666671875 0.900625 0.3716666671875 0.936875 0.3758333328125
8 0 0.4325 0.019375 0.44166666718750003 0.028749999999999998 0.44000000000000006 0.175 0.3808333328125 0.20437500000000003 0.36666666718749996 0.2475 0.3533333328125 0.258125 0.3458333328125 0.26 0.3366666671875 0.26437499999999997 0.3333333328125 0.268125 0.3333333328125 0.270625 0.3375 0.274375 0.3383333328125 0.278125 0.335 0.33187500000000003 0.3158333328125 0.33187500000000003 0.2866666671875 0.31875 0.29 0.305625 0.2891666671875 0.303125 0.28500000000000003 0.29812500000000003 0.28500000000000003 0.29874999999999996 0.28250000000000003 0.316875 0.2808333328125 0.32437499999999997 0.2741666671875 0.33125 0.2725 0.33187500000000003 0.25916666718750003 0.309375 0.2633333328125 0.306875 0.26 0.3025 0.2608333328125 0.303125 0.25166666718749997 0.281875 0.25166666718749997 0.276875 0.255 0.24625 0.25166666718749997 0.24312499999999998 0.2608333328125 0.24312499999999998 0.2666666671875 0.24625 0.2716666671875 0.23875000000000002 0.2766666671875 0.20249999999999999 0.2833333328125 0.1975 0.2866666671875 0.18687499999999999 0.2858333328125 0.176875 0.2883333328125 0.173125 0.2908333328125 0.174375 0.2966666671875 0.159375 0.2975 0.148125 0.30333333281249997 0.093125 0.32 0.08375 0.32083333281250004 0.058125 0.33166666718750004 0 0.3491666671875 0 0.4325
1 0.5575868749999999 0.6692658328125 0.584116875 0.6387908328125 0.54112 0.6119725 0.51459 0.6391591671875 0.531971875 0.6522 0.5575868749999999 0.6692658328125
8 0.91625 0.22749999999999998 0.9181250000000001 0.25 0.9087500000000001 0.2575 0.9025000000000001 0.26916666718750004 0.8943749999999999 0.2616666671875 0.8775000000000001 0.2541666671875 0.8412499999999999 0.25 0.825 0.24333333281249997 0.8150000000000001 0.2541666671875 0.811875 0.2608333328125 0.8 0.2708333328125 0.7975 0.2941666671875 0.7943749999999999 0.30333333281249997 0.77 0.3341666671875 0.77 0.3416666671875 0.775625 0.3483333328125 0.79125 0.3533333328125 0.8012499999999999 0.365 0.828125 0.3708333328125 0.838125 0.38416666718750003 0.8400000000000001 0.39249999999999996 0.836875 0.40083333281250005 0.8262499999999999 0.4016666671875 0.81875 0.4058333328125 0.813125 0.42416666718749996 0.79875 0.44166666718750003 0.7925 0.45416666718750004 0.78625 0.4566666671875 0.7775000000000001 0.45583333281250005 0.7368750000000001 0.445 0.728125 0.44000000000000006 0.691875 0.4291666671875 0.684375 0.425 0.6793750000000001 0.4108333328125 0.6756249999999999 0.4091666671875 0.64375 0.44000000000000006 0.63125 0.4608333328125 0.6174999999999999 0.47416666718749995 0.619375 0.48166666718749995 0.628125 0.48166666718749995 0.6375 0.475 0.6431250000000001 0.4658333328125 0.655 0.45999999999999996 0.7581249999999999 0.4683333328125 0.8162499999999999 0.4933333328125 0.828125 0.5025000000000001 0.8425 0.5183333328125 0.84375 0.53 0.8418749999999999 0.5408333328125 0.836875 0.5633333328125001 0.829375 0.585 0.8099999999999999 0.6266666671875 0.803125 0.6358333328125 0.791875 0.6391666671875 0.7625 0.6341666671875 0.7525000000000001 0.635 0.7474999999999999 0.6383333328125 0.74375 0.6533333328125 0.740625 0.6416666671875 0.743125 0.6233333328125 0.73875 0.6133333328125 0.7025 0.5925 0.689375 0.5875 0.6775 0.5783333328125 0.61375 0.5416666671875 0.600625 0.5266666671875 0.593125 0.5091666671875 0.5862499999999999 0.5075000000000001 0.568125 0.5241666671874999 0.546875 0.55 0.48624999999999996 0.615 0.4525 0.6541666671875 0.44437499999999996 0.6691666671875 0.46749999999999997 0.6925 0.48125 0.6991666671875 0.485 0.7041666671875 0.515 0.7224999999999999 0.524375 0.7308333328125001 0.5475 0.7408333328125 0.559375 0.75 0.6012500000000001 0.7733333328125 0.60875 0.7825 0.6174999999999999 0.7858333328125 0.626875 0.795 0.634375 0.7975 0.64375 0.8058333328125 0.676875 0.8191666671875 0.7224999999999999 0.845 0.754375 0.8574999999999999 0.764375 0.865 0.775625 0.8683333328125 0.7849999999999999 0.8775000000000001 0.7943749999999999 0.8791666671874999 0.805625 0.8491666671875 0.8106249999999999 0.8258333328124999 0.83125 0.7558333328125 0.8768750000000001 0.575 0.884375 0.5525 0.8862500000000001 0.5316666671875 0.89125 0.5216666671875 0.9112500000000001 0.4458333328125 0.91875 0.41333333281250006 0.91875 0.40750000000000003 0.915625 0.4 0.91625 0.395 0.925 0.3808333328125 0.9243750000000001 0.3775 0.91875 0.375 0.8699999999999999 0.365 0.85 0.35750000000000004 0.8262499999999999 0.3341666671875 0.8262499999999999 0.31083333281250003 0.829375 0.3025 0.83625 0.2991666671875 0.8949999999999999 0.2941666671875 0.9075 0.27999999999999997 0.91875 0.2833333328125 0.9412499999999999 0.3025 0.9493750000000001 0.3008333328125 0.95875 0.2708333328125 0.960625 0.25 0.9675 0.2308333328125 0.9706250000000001 0.2125 0.975625 0.20166666718749998 0.9775 0.1866666671875 0.97625 0.18416666718750002 0.9487500000000001 0.1816666671875 0.9418749999999999 0.1858333328125 0.9425000000000001 0.19 0.9487500000000001 0.1975 0.9475 0.20166666718749998 0.9425000000000001 0.20416666718749998 0.93625 0.2141666671875 0.9268750000000001 0.2233333328125 0.91625 0.22749999999999998