8 0.6493064609375 1 0.6483806000000001 0.99800599375 0.6335678640625 0.9492041828125 0.6200278406249999 0.9277504890625 0.6170919046875001 0.9177131515625 0.6039698515625 0.9020578406249999 0.587893065625 0.866412221875 0.5479773531250001 0.7439771140625 0.5344373296875 0.7225234203124999 0.5241470875 0.6976919328125 0.51661199375 0.6949280453125 0.5046773250000001 0.6973603125000001 0.34133493125 0.7736444953125 0.3297517046875 0.7825675734375 0.332554584375 0.793989771875 0.329095078125 0.8299961953125001 0.320580846875 0.847571746875 0.319668240625 0.86721875625 0.32494135 0.8935253046874999 0.3258148890625 0.925028009375 0.34345901875 1 0.6493064609375 1
8 0.32650504687500004 0.17699584375 0.335874021875 0.18097002812500002 0.33639611875000003 0.20598191875 0.3508010171875 0.21843400625 0.3648255421875 0.24499365312500002 0.3659463984375 0.2637736625 0.37690192968749997 0.2816808359375 0.386926053125 0.309282046875 0.39229462656249997 0.31429779375 0.38791385312500004 0.32944691718749997 0.36784533124999996 0.33534717812500003 0.36386373125000004 0.3463417125 0.44880775 0.5684460625 0.47312251562499996 0.6198371953125 0.4901017703125 0.6663871453125 0.499974040625 0.6854202500000001 0.5109107749999999 0.693374453125 0.5494135296875 0.678286346875 0.6261341265625 0.6409268875 0.653300975 0.6220391656250001 0.6848196640624999 0.6086006890625 0.7264868734375 0.580874253125 0.72681951875 0.5774120968750001 0.6900190562499999 0.524039709375 0.6705117 0.5038021500000001 0.6229075609375 0.441090696875 0.6119621671875 0.39263218125 0.6147086500000001 0.37419546875 0.529133990625 0.3210326734375 0.48256538281249994 0.2678406921875 0.425373890625 0.1932793796875 0.3776554921875 0.141905759375 0.303873778125 0.0471912484375 0.289720634375 0.0338634859375 0.28170365468749997 0.032926434375 0.27956767656250003 0.036304428124999996 0.2844705453125 0.0461671953125 0.27650734374999997 0.0681562671875 0.27680091875 0.115843821875 0.3027601109375 0.139971203125 0.29696343125 0.1597084109375 0.3028165046875 0.1698301125 0.31572017343750003 0.1776097484375 0.32237159375 0.1794222734375 0.32650504687500004 0.17699584375
4 0.1559701625 0.6833408624999999 0.1418689703125 0.6880249890625 0.136471465625 0.703607609375 0.1423245390625 0.713729309375 0.18095021718749998 0.7278076828125 0.18958736874999998 0.7393986078125 0.20377388437500002 0.7439750203125 0.25283299531250003 0.750948675 0.26781785937499997 0.7472159125 0.270849259375 0.73596244375 0.26784679375 0.7266175406250001 0.2374402984375 0.7183317140625001 0.23668968124999998 0.7159954875000001 0.2343250484375 0.6492689921875 0.240691553125 0.643898271875 0.2700813171875 0.652617596875 0.27503191875 0.6518349640625 0.2729131265625 0.6434414234375 0.2573584390625 0.6328076984375001 0.2487400828125 0.6311697406250001 0.231455640625 0.6385392265625 0.1793072640625 0.6840157812500001 0.1559701625 0.6833408624999999
0 0.2734713453125 0.7594149046875 0.26931761875000004 0.8229440140625 0.27625395468749997 0.831939784375 0.2882074171875 0.8394604875 0.294060490625 0.8495821875 0.3007119125 0.8513947125 0.31726453593750004 0.8516419687499999 0.32688082500000004 0.842893459375 0.33422646875 0.8171832984374999 0.33715374374999996 0.786716321875 0.3277847734375 0.7827421421875 0.30570305468750003 0.728406715625 0.30033448281249997 0.7233909671875 0.2887989890625 0.7216686453125 0.28331615625 0.7279907296875 0.27882112187499997 0.7544776843750001 0.2734713453125 0.7594149046875
10 0.3592935046875 0.3330167890625 0.3602914390625 0.3226303203125 0.35271874687500004 0.2999604921875 0.333107265625 0.26050942187500004 0.3167354296875 0.2482319 0.28686116875 0.234406625 0.228480815625 0.21281338593750002 0.2267221296875 0.25141496874999997 0.23594790625 0.2873253546875 0.3592935046875 0.3330167890625
10 0.2240652125 0.5327834828125 0.22769537187500002 0.5152981343749999 0.22578630312499998 0.47427596093749996 0.1920447 0.4601073875 0.17480798749999998 0.456831471875 0.1706933296875 0.46921087031250003 0.171737521875 0.5192346515625 0.2240652125 0.5327834828125
10 0.2116462234375 0.06327158125 0.215114390625 0.06776946406249999 0.209764615625 0.0727066875 0.2012127890625 0.0703762984375 0.20321731875000001 0.0901076703125 0.249529946875 0.1155180375 0.25271319999999997 0.1128326765625 0.252058046875 0.0892056484375 0.25703758125 0.0678246453125 0.24888492968749998 0.0613396671875 0.22804699374999998 0.0549507328125 0.20774128749999998 0.0430223453125 0.198172728125 0.0411254546875 0.1957400890625 0.046147040625 0.19942664375000002 0.0585206 0.2116462234375 0.06327158125
10 0.27545006875 0.190795128125 0.3001553484375 0.1975273625 0.312707571875 0.19881618437499998 0.3168410296875 0.1963897578125 0.31620467343750003 0.18271569999999998 0.277845109375 0.16586760312499998 0.2281308453125 0.1352669203125 0.22337983125 0.13397225937499999 0.21701332343750002 0.1393429796875 0.211264375 0.148434790625 0.24292478593750003 0.1741157625 0.27545006875 0.190795128125
10 0.22462213437499998 0.2529744 0.224403753125 0.24509872187499998 0.1734254375 0.2276542359375 0.17313038593750002 0.2510223296875 0.211889121875 0.26371584062500003 0.22462213437499998 0.2529744
10 0.2119353796875 0.324126090625 0.20621536406250002 0.312619528125 0.172141115625 0.3019131109375 0.17308118125 0.33272338281249997 0.20938848124999998 0.34048550781250003 0.2119353796875 0.324126090625
12 0.41258872343749997 0.42783317500000007 0.461600103125 0.4454522296875 0.487255584375 0.45244339531250005 0.4932229171875 0.4512272609375 0.496254315625 0.43997379687500004 0.48931798125 0.43097802500000004 0.4139005046875 0.40403158125000005 0.3955805328125 0.4018815953125 0.391665459375 0.4121836984375 0.41258872343749997 0.42783317500000007