8 0.557114025 0.4787425484375 0.62093385625 0.488244103125 0.6341465359375 0.48541314687500003 0.6512045578125 0.4343373578125 0.651699265625 0.42282181718749995 0.6292957421875001 0.395176115625 0.44917260625 0.36519330625 0.43699390625 0.40215020625 0.4246093046875 0.42168036249999996 0.40351875625 0.3983884703125 0.38872836718750003 0.374459796875 0.351441746875 0.36842462187499997 0.34834069375 0.3728922390625 0.3490413046875 0.378803446875 0.36640862812499997 0.40729050781250004 0.40031519531250004 0.4475654359375 0.557114025 0.4787425484375
0 0.64818283125 0.5522891875 0.6741526999999999 0.56146219375 0.6861210359375 0.5600863453125 0.69300414375 0.5554026296875 0.6979717125 0.548752353125 0.699088590625 0.53650925625 0.6895010874999999 0.5258465921875 0.6881586953125 0.519003246875 0.68310288125 0.5181849187500001 0.6396239609375 0.52191481875 0.6264308921875 0.5264054687499999 0.62587735625 0.532941940625 0.6303208015624999 0.5353176687500001 0.636106640625 0.544536740625 0.64818283125 0.5522891875
12 0.631270996875 0.508967203125 0.6308787984374999 0.47577339375000005 0.6270281093750001 0.470180575 0.618841828125 0.47134032656249997 0.6199052234375 0.5079558078125 0.6219188124999999 0.518220825 0.6288607500000001 0.5185161828125 0.631270996875 0.508967203125
8 0.43285530000000005 0.5323451343750001 0.4321252734375 0.523944390625 0.43772481875 0.517396403125 0.4554789921875 0.5252396265625 0.46053480625 0.5260579546875 0.4611177578125 0.52201101875 0.41435595000000003 0.461433675 0.40412666406250003 0.4498388734375 0.3914086921875 0.44115428906250004 0.3257125421875 0.43300555156250004 0.3112261046875 0.43480208124999997 0.406895234375 0.524001971875 0.4209065734375 0.5353806734375001 0.430386221875 0.5369150406250001 0.43285530000000005 0.5323451343750001
10 0.45522941093749997 0.5575012984375001 0.452236209375 0.5710972109375 0.45251074999999996 0.594332878125 0.4803863546875 0.6046426031250001 0.48313442812499996 0.570300559375 0.45522941093749997 0.5575012984375001
10 0.45004613281249994 0.54589498125 0.4474201765625 0.537187365625 0.4378620875 0.5290142359375001 0.43472181406250004 0.5301624703125001 0.43462911093749995 0.5757016671875 0.4454511515625 0.584079378125 0.449855378125 0.583135725 0.45004613281249994 0.54589498125
10 0.633280125 0.5722400234375 0.6301496578125 0.574218103125 0.6252801390625 0.58916683125 0.6250305546875 0.6214285046875 0.630679125 0.61902974375 0.6336919328125 0.607093521875 0.633280125 0.5722400234375
10 0.4953184734375 0.5871813046875001 0.49150700468749997 0.5849078671875 0.4870929734375 0.585021675 0.48745575625 0.6157259484375001 0.4956910609375 0.618715421875 0.4973222578125 0.596616475 0.4953184734375 0.5871813046875001
10 0.5101186703125 0.6119398203124999 0.5042838046875 0.5985715234375 0.5004919453125 0.5979577765624999 0.501320021875 0.6146569734375 0.503975390625 0.625854125 0.5102951578125 0.6268770359375 0.5101186703125 0.6119398203124999
10 0.6205478890625 0.6157333953124999 0.6149189296875 0.619791846875 0.617059984375 0.64084485 0.620239478125 0.643015996875 0.623350334375 0.6393782265625 0.6205478890625 0.6157333953124999
10 0.613101440625 0.6261237359375 0.6061496984375 0.6249985328125 0.6075803343749999 0.6393104843749999 0.61147024375 0.6482226828125001 0.6139981484375 0.6486318468750001 0.613101440625 0.6261237359375
4 0.7039786046875001 0.6300656671875 0.7142863296875 0.6482992296875 0.72439795625 0.6499358875000001 0.728733546875 0.64318331875 0.7292576703125 0.6341573109375 0.7227614140624999 0.6181971875000001 0.73064864375 0.5917271562499999 0.73995670625 0.5787392312499999 0.77006606875 0.5645627640625 0.7712025578125 0.553979359375 0.749293740625 0.514818115625 0.7404166546875001 0.5108965046875 0.734817109375 0.5174444921875 0.7293842484375 0.5380998484374999 0.7067213359375 0.5418859765625 0.692519240625 0.5677480171875 0.684984546875 0.5706697515625 0.6819325187499999 0.5792865921875 0.682701765625 0.5910067171875 0.6860381375 0.6064553859374999 0.691211609375 0.6172318578125 0.7039786046875001 0.6300656671875