10 0.49124999999999996 0.5758333328125 0.4925 0.5958333328125 0.495625 0.6 0.594375 0.5916666671875 0.596875 0.5891666671875 0.59375 0.5116666671875 0.501875 0.5191666671874999 0.49437499999999995 0.5216666671875 0.491875 0.5275000000000001 0.49124999999999996 0.5758333328125
10 0.28875 0.5308333328125 0.27937500000000004 0.5358333328125 0.280625 0.5900000000000001 0.284375 0.61 0.305 0.6141666671875 0.335 0.6141666671875 0.37 0.6125 0.37625000000000003 0.6083333328125 0.375 0.545 0.3725 0.5333333328125 0.301875 0.53 0.28875 0.5308333328125
10 0 0.64 0.05375 0.635 0.08125 0.6283333328125 0.08125 0.61 0.07375000000000001 0.5566666671875 0.07062500000000001 0.55 0.001875 0.5491666671875 0 0.55 0 0.64
10 0.10625 0.49916666718749997 0.103125 0.4925 0.039375 0.49583333281249997 0.04375 0.5391666671875 0.100625 0.5391666671875 0.105625 0.5341666671875 0.10625 0.49916666718749997
10 0.23500000000000001 0.5233333328125 0.281875 0.5233333328125 0.288125 0.5158333328125 0.286875 0.48333333281249996 0.246875 0.48250000000000004 0.2325 0.48333333281249996 0.22937500000000002 0.48666666718749996 0.22875 0.505 0.23500000000000001 0.5233333328125
10 0.478125 0.4725 0.45625 0.4766666671875 0.45562500000000006 0.515 0.458125 0.5175 0.47125000000000006 0.5175 0.48125 0.5116666671875 0.505 0.5125 0.5075000000000001 0.51 0.51125 0.4933333328125 0.51125 0.47583333281250006 0.50875 0.4725 0.478125 0.4725
5 0.593125 0.6216666671875 0.5862499999999999 0.6083333328125 0.50625 0.6133333328125 0.505625 0.6241666671874999 0.5081249999999999 0.6325000000000001 0.593125 0.6283333328125 0.593125 0.6216666671875
5 0.37687499999999996 0.6591666671875 0.3775 0.6691666671875 0.40750000000000003 0.6616666671875 0.410625 0.6075 0.3875 0.6158333328125 0.37687499999999996 0.6591666671875
8 0.5662499999999999 0.6033333328125 0.561875 0.6075 0.588125 0.6091666671875 0.5925 0.6166666671875001 0.59375 0.63 0.548125 0.6341666671875 0.501875 0.6341666671875 0.4925 0.6391666671875 0.43937499999999996 0.6433333328125 0.43375 0.6466666671875 0.426875 0.6666666671875 0.42874999999999996 0.6833333328125 0.43624999999999997 0.6866666671874999 0.45125000000000004 0.6866666671874999 0.869375 0.6433333328125 0.8856249999999999 0.6383333328125 0.878125 0.6316666671875 0.7887500000000001 0.5883333328125 0.754375 0.5858333328125 0.5662499999999999 0.6033333328125
8 0.311875 0.6558333328125 0.263125 0.6583333328125 0.248125 0.6616666671875 0.241875 0.6666666671875 0.22749999999999998 0.6675 0.21187499999999998 0.6591666671875 0.185 0.6558333328125 0.175625 0.6599999999999999 0.17124999999999999 0.6725 0.143125 0.6791666671875001 0.1075 0.7041666671875 0.096875 0.7158333328125 0.110625 0.7208333328125 0.175 0.7166666671875 0.40812499999999996 0.6916666671875 0.41624999999999995 0.6866666671874999 0.418125 0.6683333328125001 0.41187500000000005 0.6633333328125001 0.3325 0.6633333328125001 0.32687499999999997 0.6575 0.311875 0.6558333328125
8 0.8168749999999999 0.5491666671875 0.75 0.5266666671875 0.735625 0.525 0.723125 0.5175 0.67875 0.5225 0.6775 0.5341666671875 0.685625 0.5433333328125001 0.7681250000000001 0.5858333328125 0.78625 0.5866666671874999 0.79875 0.5925 0.8168749999999999 0.5908333328125 0.845 0.5858333328125 0.8574999999999999 0.5758333328125 0.853125 0.5700000000000001 0.8168749999999999 0.5491666671875
0 0.398125 0.5325 0.403125 0.5358333328125 0.43562500000000004 0.5349999999999999 0.441875 0.5241666671874999 0.4375 0.5166666671875 0.425 0.5125 0.399375 0.5158333328125 0.396875 0.5258333328125 0.398125 0.5325
0 0.67875 0.5283333328125 0.6775 0.5141666671875 0.665 0.5066666671875 0.6525000000000001 0.5066666671875 0.621875 0.5175 0.62375 0.5241666671874999 0.67375 0.5308333328125 0.67875 0.5283333328125
5 0.05375 0.6616666671875 0.129375 0.6658333328125 0.15 0.6533333328125 0.15687500000000001 0.645 0.135 0.6408333328125 0.06999999999999999 0.6425 0.05 0.655 0.049375 0.6591666671875 0.05375 0.6616666671875