8 0.503698796875 0 0.5033301406249999 0.0015654234375 0.4880849328125 0.076376678125 0.49046680625 0.0953432859375 0.5578022234375 0.3186503375 0.56472186875 0.3275138609375 0.5808822734375 0.31341412812499997 0.5925130109375 0.31618992968750004 0.61858400625 0.41646338437499997 0.6415758125 0.47832254843750005 0.648152875 0.48254156875 0.6725911046874999 0.48572468750000003 0.6875869031249999 0.48415211874999997 0.6887596109375 0.47839740624999993 0.615475584375 0.2127531765625 0.5958569453125 0.153318090625 0.5976905125 0.1365350296875 0.5848222562500001 0.085334328125 0.560380484375 0 0.503698796875 0
8 0.716878875 0.741357753125 0.7251364453125 0.7417094765625001 0.735775890625 0.76102780625 0.7212959921875 0.771260240625 0.7318107328125001 0.8271979140625 0.742446128125 0.8431300171875 0.7443121015624999 0.853436759375 0.7377471921875001 0.8593764140625 0.7272932156249999 0.8542321265625 0.7215665312499999 0.85654501875 0.7332337265625 0.8897968515624999 0.7556853265625 0.9226787984374999 0.8149833515625 0.9070995203125 0.7884167093750001 0.81509733125 0.7801429375 0.8012007062500001 0.7735658734374999 0.796981684375 0.7791070859375 0.7804947515625 0.7704542703125 0.7314775921875001 0.7621764468750001 0.7141947421875 0.7393215015625 0.625874909375 0.731225096875 0.619379871875 0.6965458421874999 0.507337746875 0.689291715625 0.5006021734375 0.6758112078125 0.5010645328125001 0.6712693859375001 0.507781390625 0.6800671609375 0.53711033125 0.681784125 0.5637190640624999 0.67943465625 0.5718422624999999 0.6679772390625 0.5730818234374999 0.658716225 0.57911395 0.6511519234375001 0.5948236828125 0.6476135421875 0.5951566890625 0.646618203125 0.6083129890625 0.6586360796874999 0.6529817765625 0.676553959375 0.69935303125 0.716878875 0.741357753125
8 0.43677495000000005 0 0.431059403125 0.0194944734375 0.42263344218750004 0.16010595156250002 0.42889627812500003 0.18338405 0.44105506562499996 0.204978396875 0.4489822046875 0.21084429375 0.456731978125 0.20930860468749998 0.46178159843750005 0.204479159375 0.4785745078125 0.1556474953125 0.484941796875 0.12537512343749999 0.49660001718749996 0.010262165625 0.4926281390625 0 0.43677495000000005 0
10 0.55038693125 0.31805807812500003 0.545329209375 0.3161150734375 0.46008981406249994 0.33978011874999997 0.4584093078125 0.34364741875 0.49375347031250005 0.44804742031250006 0.4988152421875 0.45337665156250007 0.507915090625 0.4534878390625 0.5811933218750001 0.43256116406249995 0.58371610625 0.4284533296875 0.5539334140625 0.32449752187500003 0.55038693125 0.31805807812500003
10 0.6483612187500001 0.9384237546875 0.7101698765625 0.908577965625 0.7204383828124999 0.8995482125 0.711797721875 0.8606897312499999 0.6943714359375 0.8026609875 0.6909982718750001 0.8002369078125 0.6463656109375 0.8197577921875 0.6180788265625 0.8393529859375001 0.6483612187500001 0.9384237546875
10 0.6358621515625 0.6323864578125 0.6319163750000001 0.573895353125 0.626330603125 0.5531338046875 0.6221151578125 0.5509502609375 0.6099847265625 0.5530594984375 0.5818591046875 0.5665113765625 0.5436220921875 0.57946346875 0.55651465625 0.6509815234375 0.5595614421875 0.6623060046875 0.5625960734375 0.6634718078125 0.5753995171875 0.6604929 0.6358621515625 0.6323864578125
10 0.569379734375 0.8403883390625 0.585890825 0.8377055578125001 0.608797559375 0.8284539843750001 0.606077153125 0.8082291015624999 0.5955948203125 0.779381234375 0.573357046875 0.7843769078125 0.557019275 0.79107505 0.5566928953125 0.7999754515624999 0.569379734375 0.8403883390625
10 0.5511508078125 0.6748700453125 0.5352600703125 0.63266221875 0.53205616875 0.630867278125 0.5234641203125 0.6326435046875 0.5062840671875 0.639582184375 0.5196560734375 0.689284071875 0.5476164796874999 0.6785892812500001 0.5511508078125 0.6748700453125
10 0.4866848109375 0.45548588749999996 0.469955846875 0.41690482187500005 0.4611904765625 0.41466568437499995 0.4475488046875 0.42127135625 0.46244015312500003 0.47324926093749997 0.4696861796875 0.4732123828125 0.48214703906249995 0.4655889703125 0.4866848109375 0.45548588749999996
4 0.4359698609375 0.3209241484375 0.430069859375 0.319221678125 0.422489353125 0.32138650625 0.41845127812499994 0.32660455312500003 0.3925099078125 0.3346903203125 0.389148896875 0.3424249203125 0.3923608984375 0.3509923109375 0.40449537968750005 0.35226930312500004 0.4147719875 0.3500120015625 0.4259111296875 0.36444529375 0.44782657343750004 0.371736246875 0.4538917890625 0.37068163125 0.45100616718750003 0.3532138359375 0.45587841874999996 0.340982803125 0.4614358375 0.338040771875 0.4615970015625 0.3318974578125 0.440701203125 0.3317675578125 0.4359698609375 0.3209241484375
5 0.5954918015625 0.41154091406250004 0.6126759046875 0.4079884609375 0.6135141328125 0.40436169843750003 0.5887972625 0.3091213515625 0.5675791359375 0.32127807656249996 0.5890880562499999 0.41133725625000006 0.5954918015625 0.41154091406250004
5 0.608920521875 0.5086499625 0.6117980421875 0.51934530625 0.6202370296875 0.5304848437499999 0.6746790093749999 0.5406815 0.6804056921875 0.5383686078125 0.666888728125 0.5083549359374999 0.65391601875 0.5107047062500001 0.6293125734375 0.510278675 0.6148164703125001 0.5069662078125 0.608920521875 0.5086499625
5 0.718495440625 0.8249031828125 0.72877205 0.8226458828125001 0.718752953125 0.7584369468750001 0.6968172546875 0.7342148640625 0.6905787218749999 0.73125411875 0.6875602921875 0.7436332171875 0.7055024765625 0.8103218265625 0.7147877953124999 0.8246070546875 0.718495440625 0.8249031828125
12 0.479231315625 0.1412329203125 0.480928025 0.150910521875 0.49323177500000004 0.1528166515625 0.5117659515625 0.150911075 0.5432687890625 0.1432694984375 0.5472947125000001 0.127892778125 0.545267571875 0.12372934843750001 0.5095492921875 0.1291873796875 0.49186144374999996 0.13423864375 0.479231315625 0.1412329203125