8 0.350625 0.6666666671875 0.333125 0.6841666671875 0.33187500000000003 0.7616666671875 0.29874999999999996 0.8125 0.21875 0.9191666671875 0.20437500000000003 0.9216666671875 0.190625 0.9116666671875 0.17625 0.9091666671875 0.17375000000000002 0.9125 0.175 0.9275 0.184375 0.9408333328125 0.2425 0.9991666671875 0.658125 0.9991666671875 0.713125 0.605 0.711875 0.5816666671874999 0.5825 0.5375 0.5706249999999999 0.5375 0.5650000000000001 0.5441666671875 0.5625 0.5808333328125 0.555625 0.5883333328125 0.545625 0.5691666671875 0.5425 0.53 0.534375 0.5166666671875 0.48875 0.5066666671875 0.464375 0.49583333281249997 0.41624999999999995 0.48250000000000004 0.356875 0.4591666671875 0.34187500000000004 0.45 0.32937500000000003 0.45416666718750004 0.336875 0.5225 0.330625 0.5333333328125 0.31375000000000003 0.5366666671875 0.305 0.5541666671875001 0.29625 0.5641666671875 0.289375 0.5825 0.31875 0.5983333328125 0.350625 0.6666666671875
8 0.20125 0.6625 0.200625 0.6558333328125 0.19125 0.6483333328125 0.16875 0.6541666671875 0.153125 0.6725 0.1275 0.67 0.11187499999999999 0.6641666671875 0.081875 0.6625 0.0625 0.6466666671875 0.061875 0.6316666671875 0.06937499999999999 0.6166666671875001 0.06375 0.6058333328125001 0.05625 0.6041666671875 0.050624999999999996 0.5941666671875 0.045625 0.6083333328125 0.013750000000000002 0.6224999999999999 0.00125 0.625 0 0.7483333328125 0.024375 0.7691666671874999 0.063125 0.7591666671875 0.09125 0.7474999999999999 0.13999999999999999 0.7125 0.168125 0.7 0.196875 0.6741666671875 0.20125 0.6625
10 0.32875 0.5291666671875 0.336875 0.525 0.34125 0.5183333328125 0.3325 0.4658333328125 0.32437499999999997 0.39416666718750004 0.31875 0.36833333281249997 0.31625000000000003 0.36583333281249997 0.23562500000000003 0.3583333328125 0.11937500000000001 0.3583333328125 0.10625 0.365 0.105625 0.3708333328125 0.11187499999999999 0.39249999999999996 0.13187500000000002 0.4516666671875 0.14937499999999998 0.5158333328125 0.15375 0.5216666671875 0.224375 0.5233333328125 0.280625 0.5308333328125 0.32875 0.5291666671875
10 0.12250000000000001 0.4375 0.123125 0.4308333328125 0.109375 0.3708333328125 0.109375 0.3675 0.115069375 0.3616666671875 0.25125000000000003 0.3625 0.26625 0.3616666671875 0.26749999999999996 0.3591666671875 0.25125000000000003 0.2633333328125 0.24625 0.2383333328125 0.241875 0.22916666718749998 0.026250000000000002 0.2425 0 0.24500000000000002 0.000625 0.4583333328125 0.0225 0.46333333281250005 0.027500000000000004 0.4575 0.041249999999999995 0.45416666718750004 0.078125 0.4533333328125 0.118125 0.44333333281250004 0.12250000000000001 0.4375
5 0.190625 0.5741666671875 0.109375 0.5758333328125 0.061250000000000006 0.6358333328125 0.0625 0.6433333328125 0.07625 0.6441666671874999 0.1375 0.6441666671874999 0.14375 0.6408333328125 0.203125 0.6433333328125 0.19624999999999998 0.5791666671875 0.195 0.575 0.190625 0.5741666671875
5 0.49312500000000004 0.5675 0.485 0.5650000000000001 0.39375 0.5650000000000001 0.383125 0.5741666671875 0.37374999999999997 0.5966666671875 0.37312500000000004 0.6108333328125 0.383125 0.6191666671875 0.48624999999999996 0.6174999999999999 0.49437499999999995 0.6158333328125 0.499375 0.6108333328125 0.501875 0.5900000000000001 0.49749999999999994 0.5725 0.49312500000000004 0.5675
4 0.325625 0.2875 0.323125 0.275 0.32437499999999997 0.23983333281250002 0.328125 0.2316666671875 0.33375 0.22916666718749998 0.33375 0.2233333328125 0.321875 0.1708333328125 0.306875 0.135 0.30125 0.1308333328125 0.29312499999999997 0.1341666671875 0.290625 0.155 0.28250000000000003 0.1741666671875 0.281875 0.1833333328125 0.286875 0.1916666671875 0.28875 0.2116666671875 0.3 0.2308333328125 0.308125 0.27999999999999997 0.315 0.29 0.323125 0.2925 0.325625 0.2875
4 0.8025 0.38166666718750003 0.80375 0.3641666671875 0.819375 0.33166666718750004 0.820625 0.31083333281250003 0.82875 0.2833333328125 0.828125 0.2708333328125 0.8243750000000001 0.2608333328125 0.8275 0.19 0.8150000000000001 0.1833333328125 0.80375 0.1858333328125 0.748125 0.2416666671875 0.7424999999999999 0.2525 0.7462500000000001 0.2975 0.739375 0.3266666671875 0.74125 0.3458333328125 0.76375 0.3808333328125 0.766875 0.3916666671875 0.781875 0.3966666671875 0.7975 0.3933333328125 0.8025 0.38166666718750003
1 0.48312499999999997 0.8541666671874999 0.50625 0.9091666671875 0.56375 0.8641666671875001 0.5375 0.8133333328125 0.5325 0.8099999999999999 0.51 0.8225 0.48187499999999994 0.845 0.48312499999999997 0.8541666671874999
1 0.5912499999999999 0.7091666671875 0.59375 0.7224999999999999 0.61375 0.7666666671875 0.619375 0.7683333328125 0.655 0.7533333328125 0.655 0.7458333328125 0.629375 0.6975 0.6224999999999999 0.6966666671875 0.5912499999999999 0.7091666671875
1 0.4925 0.6375 0.45999999999999996 0.6508333328125 0.458125 0.6533333328125 0.459375 0.6599999999999999 0.4725 0.6908333328125 0.5125 0.6799999999999999 0.520625 0.6741666671875 0.520625 0.6675 0.506875 0.635 0.4925 0.6375
1 0.56375 0.6224999999999999 0.5599999999999999 0.6283333328125 0.5599999999999999 0.6358333328125 0.5675 0.6583333328125 0.57125 0.6625 0.6118750000000001 0.6591666671875 0.61625 0.655 0.61625 0.6475 0.60625 0.6216666671875 0.56375 0.6224999999999999
12 0.55375 0.4766666671875 0.551875 0.48666666718749996 0.545625 0.4966666671875 0.541875 0.5508333328125 0.54125 0.5691666671875 0.545625 0.5783333328125 0.559375 0.5816666671874999 0.565625 0.575 0.5700000000000001 0.5416666671875 0.5706249999999999 0.5 0.564375 0.4766666671875 0.55375 0.4766666671875