8 0.8340709859375 1 0.76536819375 0.9021907765625 0.7542604953125001 0.880880134375 0.7566807296875 0.7949814890625 0.7546626937500001 0.7854358265625 0.748355459375 0.7785261718750001 0.7641435546875 0.7027011703125 0.82484669375 0.67055341875 0.8284815578125 0.663161084375 0.824291409375 0.657295090625 0.8246655984375 0.62517643125 0.8176600031250001 0.6172891125 0.760190521875 0.615560865625 0.752453553125 0.6095298796875 0.7603065765625 0.5446778859375 0.7596962640625 0.536142890625 0.755495109375 0.5312215640625 0.6344299999999999 0.5662324062499999 0.6053570859375 0.5639347828125 0.5804523109375 0.5693924875 0.5720292406249999 0.57656208125 0.557653615625 0.5768385203124999 0.5518906578125 0.584131859375 0.52617746875 0.5980585625 0.5096860078125001 0.6124142499999999 0.4741958015625 0.6126536375 0.44573319843750003 0.6188910109375 0.33250411406249997 0.6514308421874999 0.32319433750000004 0.6585591875000001 0.36536563125 0.99877666875 0.3916630765625 1 0.8340709859375 1
8 1 0.7857383546875 0.991623259375 0.7936234625 0.95187686875 0.7936648578125001 0.9329991828124999 0.769157225 0.9231561328125 0.7611379109375 0.918190584375 0.76090691875 0.9109978953125 0.7690789265625 0.9087377359375 0.7803159281250001 0.9297104968750001 0.807756553125 0.9528993968749999 0.8277388468750001 0.9812739515625 0.8290588031249999 1 0.8425030375 1 0.7857383546875
10 1 0.43534858749999994 0.995096021875 0.4346172265625 0.9524901640625 0.43641595781250003 0.8333060218749999 0.4318168078125 0.7843268937500001 0.43237388125000004 0.7757594984375 0.436701228125 0.7721576531250001 0.4412595640625 0.76380436875 0.48812989843750004 0.752948803125 0.5670198921875 0.75029244375 0.6122648828125 0.7544936 0.617186209375 0.776472875 0.619153840625 0.9546332734374999 0.617989903125 0.960341203125 0.6154198953125001 0.9690186531249999 0.6016458859375 0.9970530296875 0.5103225359375 1 0.5034598953125 1 0.43534858749999994
10 1 0.2996646234375 0.8641288265625 0.2839124671875 0.8575574546875 0.299674809375 0.8333280328124999 0.42992747343750004 0.8354231078125001 0.4328604703125 0.890033121875 0.436346053125 1 0.439675071875 1 0.2996646234375
5 1 0.682701515625 0.91345115 0.6803462812500001 0.9070938921874999 0.7386516078125 0.9075831437499999 0.7575779359375 0.9714809234375 0.7558245046875001 0.9778101703125 0.760844828125 1 0.7618770765625 1 0.682701515625
5 0.5738309187499999 0.65036980625 0.56593986875 0.65756415 0.5661429765625 0.701051803125 0.570300109375 0.7097517953125 0.5972999609375 0.7072270890625 0.697353290625 0.7090459375 0.7024178875 0.7007749296875 0.6976834578125 0.68070594375 0.6915523109375 0.658681625 0.68661978125 0.6556166328125 0.5738309187499999 0.65036980625
1 0.5739574375000001 1 0.584963646875 0.9741386984375 0.5842983046875 0.9703270343750001 0.5336863375 0.9282751250000001 0.5237772546875 0.9259238046875 0.4904201453125 0.9867538390625 0.49390093124999995 0.99258683125 0.5030494328125 1 0.5739574375000001 1
1 0.388349775 0.8534613656250001 0.42927276875000003 0.8742686328125 0.434249321875 0.8735549562499999 0.4611781328125 0.8162065999999999 0.4598694640625 0.8066939375000001 0.418880434375 0.791554671875 0.388448825 0.84495936875 0.388349775 0.8534613656250001
1 0.5411881796875 0.771724490625 0.5715257421875 0.7873134390625001 0.59557808125 0.7941034 0.6094081765625 0.7645010546875 0.61100299375 0.7494523921875 0.5580208125 0.7280841421875001 0.5412542124999999 0.7660564921875 0.5411881796875 0.771724490625
1 0.435933178125 0.7290209937500001 0.43293063906249996 0.743058996875 0.43712078906249996 0.7489249874999999 0.4860118703125 0.7559252437499999 0.49697149218750003 0.7290249015625 0.49643821718750003 0.713877240625 0.4922150515625 0.7108452484375001 0.446117403125 0.707755653125 0.435933178125 0.7290209937500001
12 0.50761894375 0.5461556062499999 0.49414102968750007 0.545528625 0.48670621875000003 0.574483296875 0.4879208453125 0.6529896046875 0.4963341625 0.6618875890625 0.5112308046875 0.662580565625 0.5191768796875 0.6506628906249999 0.518709640625 0.6298472312500001 0.5158671781249999 0.5692235859375 0.5096039640625001 0.558535265625 0.50761894375 0.5461556062499999
4 0.830558596875 0.18027154843749998 0.8282544171874999 0.195287215625 0.8203413578125 0.204370890625 0.8056478234375 0.2471655671875 0.8062801468749999 0.2538112328125 0.809826965625 0.253976228125 0.8132747374999999 0.26264321874999996 0.8057298656249999 0.301044553125 0.8070825609375 0.30677855 0.8120481078124999 0.3070095421875 0.8150066265625 0.2967502078125 0.8235740203124999 0.29242286093750003 0.8263124265625 0.3010568546875 0.8298922640624999 0.29838785 0.831608140625 0.2729478546875 0.8367827953125 0.2552301859375 0.84318908125 0.25363784218749996 0.8468349515625 0.2453008390625 0.8536154281250001 0.2115898390625 0.8410229671874999 0.19588119531249998 0.8390929765624999 0.1787782046875 0.830558596875 0.18027154843749998
4 0.2659209328125 0.21355140156250002 0.2361386515625 0.2112207796875 0.21634249687499998 0.20462881249999998 0.20282055937500001 0.20778049843750002 0.203446884375 0.275862478125 0.2002792625 0.304070475 0.21211833593749999 0.3235247859375 0.2143614890625 0.37466876718750003 0.22974738437500003 0.39428807187500003 0.23249679531249998 0.4019773984375 0.2300825578125 0.426439728125 0.2335523375 0.43321738749999994 0.24410475156250003 0.44126970312499997 0.251220403125 0.43971035937499997 0.2663261515625 0.422454675 0.2691526015625 0.42353133749999994 0.2987757953125 0.3785956390625 0.300326590625 0.36732563906250004 0.29294180000000003 0.331065325 0.2994911609375 0.31719231875 0.3020044484375 0.28422799374999996 0.2858541609375 0.269299021875 0.27328371093750004 0.251701046875 0.2659209328125 0.21355140156250002