0 0.545 0.7758333328125 0.540625 0.7941666671875 0.54125 0.8083333328125001 0.5475 0.8258333328124999 0.5543750000000001 0.8300000000000001 0.5725 0.8258333328124999 0.5743750000000001 0.8233333328124999 0.57375 0.8191666671875 0.566875 0.8116666671875 0.56875 0.805 0.576875 0.795 0.58375 0.7908333328125 0.58875 0.7816666671875 0.5962500000000001 0.7766666671875 0.6025 0.7675 0.609375 0.7633333328125 0.61875 0.75 0.623125 0.7508333328125001 0.634375 0.7633333328125 0.646875 0.8108333328124999 0.658125 0.82 0.6756249999999999 0.8408333328125 0.6837500000000001 0.8466666671875 0.6950000000000001 0.85 0.8106249999999999 0.8225 0.835 0.8125 0.85 0.7975 0.8556250000000001 0.7766666671875 0.8556250000000001 0.7566666671875 0.851875 0.7325 0.8387499999999999 0.705 0.83125 0.6958333328124999 0.81875 0.6733333328125 0.803125 0.655 0.7875 0.6416666671875 0.7474999999999999 0.6141666671875 0.72 0.6 0.7025 0.5983333328125 0.63625 0.6033333328125 0.620625 0.6016666671875 0.595625 0.6141666671875 0.589375 0.6208333328125 0.5825 0.6466666671875 0.5818749999999999 0.7075 0.578125 0.7241666671875 0.5625 0.7516666671875 0.553125 0.7591666671875 0.545 0.7758333328125
10 0.684375 0.3125 0.69625 0.2991666671875 0.70375 0.2608333328125 0.7075 0.2141666671875 0.69875 0.21000000000000002 0.64625 0.20916666718750002 0.6056250000000001 0.2116666671875 0.596875 0.22000000000000003 0.59375 0.2308333328125 0.59375 0.2525 0.589375 0.3 0.5900000000000001 0.3075 0.594375 0.315 0.6587500000000001 0.3175 0.670625 0.3125 0.684375 0.3125
10 0.9025000000000001 0.2375 0.906875 0.225 0.9081250000000001 0.2108333328125 0.7925 0.2033333328125 0.79 0.20916666718750002 0.7825 0.2616666671875 0.779375 0.2883333328125 0.780625 0.2958333328125 0.843125 0.2975 0.8481249999999999 0.3 0.875625 0.3025 0.8943749999999999 0.3016666671875 0.903125 0.2491666671875 0.9025000000000001 0.2375
12 0.354375 0.6441666671874999 0.34750000000000003 0.6216666671875 0.34562499999999996 0.595 0.33625 0.5316666671875 0.32875 0.5125 0.315625 0.5083333328124999 0.30062500000000003 0.5116666671875 0.29500000000000004 0.5208333328125 0.29812500000000003 0.6383333328125 0.30062500000000003 0.6491666671874999 0.3075 0.6566666671875 0.316875 0.6608333328125 0.34187500000000004 0.6608333328125 0.348125 0.6575 0.35375 0.6491666671874999 0.354375 0.6441666671874999
1 0.469625 0.6636608328125 0.42849000000000004 0.6678983328125 0.42849000000000004 0.6835208328125 0.43027875 0.7089408328125 0.47379812499999996 0.6986141671875 0.469625 0.6636608328125
8 0 0.7308333328125001 0.025 0.7241666671875 0.046875 0.7216666671875 0.0625 0.7158333328125 0.1025 0.7108333328125 0.12875 0.7033333328125 0.1575 0.7 0.18875 0.6916666671875 0.268125 0.6783333328125 0.2925 0.67 0.31375000000000003 0.6666666671875 0.321875 0.6616666671875 0.32375 0.6541666671875 0.31124999999999997 0.6325000000000001 0.31062500000000004 0.62 0.305625 0.5974999999999999 0.30375 0.5599999999999999 0.30375 0.5308333328125 0.305625 0.5258333328125 0.31375000000000003 0.5183333328125 0.32125 0.5183333328125 0.325 0.5216666671875 0.32875 0.5358333328125 0.33187500000000003 0.5125 0.330625 0.49916666718749997 0.325625 0.48333333281249996 0.323125 0.445 0.315625 0.4058333328125 0.315 0.39249999999999996 0.309375 0.3775 0.304375 0.3741666671875 0.273125 0.3741666671875 0.2325 0.3808333328125 0.1075 0.38416666718750003 0.100625 0.385 0.0875 0.39249999999999996 0.07875 0.4108333328125 0.06999999999999999 0.42083333281249996 0.061875 0.44333333281250004 0.059375 0.4533333328125 0.059375 0.4858333328125 0.0375 0.5091666671875 0.030625000000000003 0.5283333328125 0.020624999999999998 0.5416666671875 0.017499999999999998 0.5549999999999999 0.01125 0.5658333328125 0.00625 0.5841666671875 0 0.5908333328125 0 0.7308333328125001
8 0.32937500000000003 0.38 0.3275 0.3783333328125 0.32937500000000003 0.37666666718749997 0.35375 0.3741666671875 0.39625 0.3775 0.500625 0.3716666671875 0.515625 0.36583333281249997 0.515 0.3608333328125 0.48125 0.32 0.46749999999999997 0.3183333328125 0.330625 0.3225 0.306875 0.325 0.30375 0.3266666671875 0.30375 0.32999999999999996 0.31 0.3383333328125 0.31062500000000004 0.37 0.311875 0.37333333281250003 0.319375 0.37666666718749997 0.320625 0.3808333328125 0.32937500000000003 0.38
8 0.73625 0.465 0.744375 0.4608333328125 0.7418750000000001 0.44749999999999995 0.74375 0.43333333281249997 0.7418750000000001 0.42833333281249997 0.70375 0.4266666671875 0.5675 0.44333333281250004 0.529375 0.4458333328125 0.524375 0.45 0.5225 0.4875 0.52625 0.49083333281249997 0.534375 0.49083333281249997 0.5700000000000001 0.48666666718749996 0.641875 0.475 0.725 0.46666666718750005 0.73625 0.465
8 0.598125 0.3391666671875 0.58875 0.3325 0.5900000000000001 0.3291666671875 0.6443749999999999 0.3266666671875 0.6475 0.3225 0.6475 0.3158333328125 0.6443749999999999 0.3125 0.594375 0.3158333328125 0.5818749999999999 0.3125 0.514375 0.31416666718749997 0.49874999999999997 0.315 0.491875 0.31916666718750003 0.5 0.3308333328125 0.521875 0.3533333328125 0.526875 0.3608333328125 0.528125 0.36666666718749996 0.53125 0.36833333281249997 0.641875 0.3625 0.705 0.3541666671875 0.7306250000000001 0.3541666671875 0.73625 0.3508333328125 0.7325 0.3441666671875 0.720625 0.3433333328125 0.6956249999999999 0.33166666718750004 0.684375 0.3291666671875 0.683125 0.3266666671875 0.68625 0.32166666718750003 0.68625 0.3133333328125 0.684375 0.31083333281250003 0.665 0.3091666671875 0.655625 0.3133333328125 0.655625 0.3233333328125 0.659375 0.3275 0.676875 0.3291666671875 0.6799999999999999 0.33166666718750004 0.6725 0.34249999999999997 0.6537499999999999 0.3491666671875 0.631875 0.3458333328125 0.6168750000000001 0.33999999999999997 0.598125 0.3391666671875
8 0.5025000000000001 0.45 0.48 0.45499999999999996 0.330625 0.4691666671875 0.325625 0.4716666671875 0.32437499999999997 0.47583333281250006 0.330625 0.505 0.336875 0.5158333328125 0.504375 0.49583333281249997 0.509375 0.4883333328125 0.510625 0.4533333328125 0.5025000000000001 0.45
8 0.8856249999999999 0.40750000000000003 0.82875 0.4166666671875 0.77125 0.4175 0.7681250000000001 0.4233333328125 0.764375 0.45583333281250005 0.7681250000000001 0.46166666718749994 0.775 0.4625 0.7893749999999999 0.4583333328125 0.859375 0.45 0.8862500000000001 0.45 0.8856249999999999 0.40750000000000003