4 0.209954396875 0.6213461 0.21629170625 0.6171484875 0.23304964843749998 0.584316103125 0.24836299374999998 0.5730754703125001 0.2683657921875 0.58419305 0.2782201875 0.5967640984375 0.28530156562500003 0.5949273984375 0.2854485703125 0.5879151453125 0.2823252875 0.5854837328125 0.28126909218749996 0.5223029375 0.2597436703125 0.5175721359375001 0.2558418328125 0.523888425 0.25720474375 0.5487793046875 0.24045951406250002 0.5573462828125 0.23068314843749999 0.5599802046875 0.21242800781249999 0.550668559375 0.20371148906249997 0.5547956796875 0.1959078140625 0.5674282515625 0.197305209375 0.5812105203125 0.186084246875 0.6054361921875 0.18699709375 0.6139416453125001 0.1919242921875 0.6202271671874999 0.209954396875 0.6213461
8 0.35338586875 0.5884662656249999 0.3690930234375 0.59156288125 0.37886939062499997 0.5889289578125 0.3848346625 0.5835508859375 0.38323400625000004 0.5747326968750001 0.3858164796875 0.5698391125 0.3962243984375 0.5654697484375 0.428179515625 0.578987975 0.4484763171875 0.57608104375 0.46048489375 0.5805298703124999 0.4972111453125 0.5699236796875 0.51758598125 0.58222171875 0.5232227640625 0.601976771875 0.5327958703125 0.6043069234375 0.7392465015624999 0.6031148859375 0.776513565625 0.5998336875 0.7672344640625 0.5834790234375 0.74652208125 0.5588919140625 0.7395659328125 0.5405595640625 0.685907559375 0.4787438078125 0.684047384375 0.47284151406249997 0.6971412328125 0.430252728125 0.6854484328125 0.42493618125 0.670978959375 0.466899490625 0.6619466625 0.47189433281250004 0.51106178125 0.50543040625 0.3770564125 0.5476526515625 0.27574117343750004 0.5683318421875 0.27258340625 0.5770090453125001 0.3272925671875 0.6028958046875 0.338185040625 0.6038032546875 0.340654996875 0.594813315625 0.35338586875 0.5884662656249999
10 0.5192646671875 0.6062448796875 0.4601001453125 0.6036148156250001 0.43125194375 0.678481003125 0.49144182656249996 0.693712875 0.518801890625 0.614124853125 0.5192646671875 0.6062448796875
10 0.6849982156250001 0.791833140625 0.690716684375 0.7651055625 0.68684933125 0.7603132375 0.6579612390625 0.7471782421875 0.6423103453125 0.7461298046875 0.6331310453125 0.7581369 0.625033365625 0.7847939828125 0.6344032109375 0.792088215625 0.6785701640624999 0.8050911890625001 0.6849982156250001 0.791833140625
10 0.34354053125 0.6133174140625 0.3352867921875 0.609564559375 0.323503246875 0.6133084453125 0.30809915781249997 0.6336095125 0.30115206875 0.6526993609375 0.31046565625 0.6579454109375 0.32198968125 0.657117421875 0.34354053125 0.6133174140625
10 0.39366004375 0.6452077203125001 0.41188435312499994 0.6039403812499999 0.40902058906249994 0.5985930734375 0.399819515625 0.597443378125 0.3686828484375 0.6631786359375 0.3716028703125 0.6705741234375 0.37429785781249997 0.6697768953125001 0.39366004375 0.6452077203125001
10 0.523159196875 0.7233037921875 0.5179162234375 0.7178859906249999 0.495015175 0.7125297125000001 0.48554187187500003 0.73856131875 0.48740204687500005 0.744463609375 0.513426375 0.7522512984375 0.523159196875 0.7233037921875
10 0.4284662109375 0.6883386609375 0.417786059375 0.7198893281250001 0.4379921171875 0.72604283125 0.4479844578125 0.6941794265625 0.4284662109375 0.6883386609375
10 0.515734865625 0.6137416234375 0.47655136875000004 0.6090723484375 0.45763019062500004 0.61260475625 0.44276690781249994 0.6402308156250001 0.43013583750000006 0.674939628125 0.43162397812500003 0.679661459375 0.48900635625 0.6915942015625001 0.51211431875 0.630298803125 0.515734865625 0.6137416234375
0 0.824311875 0.7944990749999999 0.8413383937500001 0.7961729890625 0.8466721140625 0.79253035625 0.8494578468749999 0.7826726953125 0.8482292265625 0.7750349640625 0.8102308062500001 0.7516898390625 0.784838028125 0.7421667125 0.7754899578125001 0.748029271875 0.7749146609374999 0.751812890625 0.77731564375 0.7650401765625 0.7914094296874999 0.7835840078125 0.824311875 0.7944990749999999
8 1 0.5848354812500001 0.9041689125 0.5860744609374999 0.8565284125 0.582616409375 0.7921426890625 0.5877253359375 0.7868089687500001 0.59136796875 0.7853426015625 0.5998029265625 0.8073398624999999 0.6340759453125 0.8775837515625 0.7186023859375 0.9023667453125 0.7430177421875 0.9126494375 0.7588174265625 0.9540088843750001 0.7685212703125 0.9616092999999999 0.7608527765625 0.9719264765625001 0.7655438453125 0.9748464968749999 0.7729393328125 0.981724615625 0.7760667140625 1 0.7797373609375 1 0.5848354812500001
12 0.9712132375 0.8137619140625001 0.9744744609374999 0.771758875 0.9715544406250001 0.7643633875 0.9589705671875001 0.7636981828125 0.953645909375 0.804763009375 0.9575912921875 0.8247603046875 0.9644694093749999 0.827887684375 0.9712132375 0.8137619140625001