4 0.915 0.4583333328125 0.868125 0.46749999999999997 0.81125 0.4641666671875 0.81125 0.5275000000000001 0.8393750000000001 0.54 0.846875 0.5466666671875 0.8699999999999999 0.5725 0.8875 0.5991666671875 0.889375 0.6516666671875 0.8724999999999999 0.6816666671875 0.8712500000000001 0.6875 0.875 0.6975 0.885 0.7025 0.9256249999999999 0.7408333328125 0.9425000000000001 0.7424999999999999 0.96875 0.7383333328125 0.9893750000000001 0.7266666671875 0.999375 0.7258333328125001 0.999375 0.3391666671875 0.9893750000000001 0.3358333328125 0.968125 0.3375 0.928125 0.355 0.9199999999999999 0.3641666671875 0.91875 0.37666666718749997 0.911875 0.3908333328125 0.911875 0.40750000000000003 0.905625 0.42000000000000004 0.9175000000000001 0.43333333281249997 0.92125 0.4441666671875 0.9275 0.44749999999999995 0.9268750000000001 0.4516666671875 0.915 0.4583333328125
8 0.65625 0.5808333328125 0.646875 0.5675 0.6287499999999999 0.5549999999999999 0.61875 0.5441666671875 0.61625 0.5191666671874999 0.6 0.505 0.475 0.43916666718749997 0.395 0.4025 0.36124999999999996 0.41166666718749995 0.325 0.43166666718749996 0.26937500000000003 0.45416666718750004 0.265 0.45999999999999996 0.26375000000000004 0.47000000000000003 0.278125 0.4858333328125 0.46375 0.6508333328125 0.5575 0.7291666671875 0.5700000000000001 0.73 0.58 0.7208333328125 0.615625 0.6633333328125001 0.635625 0.6116666671875 0.65625 0.585 0.65625 0.5808333328125
0 0.7381249999999999 0.5708333328124999 0.755625 0.545 0.7537499999999999 0.5283333328125 0.7368750000000001 0.5066666671875 0.711875 0.4883333328125 0.68625 0.4783333328125 0.6693749999999999 0.48 0.640625 0.4925 0.624375 0.5041666671875 0.6118750000000001 0.52 0.61125 0.5325 0.615 0.5458333328125 0.66625 0.5925 0.6693749999999999 0.5966666671875 0.67125 0.6258333328125001 0.675 0.6325000000000001 0.6837500000000001 0.6375 0.6900000000000001 0.6316666671875 0.720625 0.585 0.7381249999999999 0.5708333328124999
8 0.44000000000000006 0.38416666718750003 0.48875 0.3625 0.49874999999999997 0.3508333328125 0.49124999999999996 0.3416666671875 0.489375 0.31416666718749997 0.48312499999999997 0.31083333281250003 0.48187499999999994 0.3158333328125 0.334375 0.3633333328125 0.333125 0.3675 0.33625 0.37333333281250003 0.35750000000000004 0.3866666671875 0.359375 0.3991666671875 0.374375 0.4016666671875 0.395625 0.4 0.4125 0.40833333281249995 0.434375 0.41 0.4375 0.3866666671875 0.44000000000000006 0.38416666718750003
12 0.4225 0.31 0.42312500000000003 0.3516666671875 0.43187499999999995 0.3533333328125 0.43187499999999995 0.32 0.428125 0.3091666671875 0.4225 0.31
10 0.5443749999999999 0.30333333281249997 0.54875 0.29333333281249996 0.5525 0.2483333328125 0.514375 0.255 0.51125 0.2633333328125 0.51 0.3175 0.53125 0.3116666671875 0.5443749999999999 0.30333333281249997
10 0.619375 0.2475 0.61875 0.2383333328125 0.571875 0.2408333328125 0.56875 0.2891666671875 0.61 0.2875 0.61375 0.28500000000000003 0.619375 0.2475
10 0.6587500000000001 0.2475 0.66125 0.22833333281249998 0.655625 0.2266666671875 0.6425 0.22999999999999998 0.64 0.24333333281249997 0.63625 0.2716666671875 0.651875 0.27 0.6587500000000001 0.2475
10 0.796875 0.3591666671875 0.79875 0.3391666671875 0.81875 0.2833333328125 0.8099999999999999 0.2866666671875 0.7993750000000001 0.2991666671875 0.79875 0.31083333281250003 0.7887500000000001 0.34249999999999997 0.785625 0.3591666671875 0.796875 0.3591666671875
10 0.6799999999999999 0.2233333328125 0.6725 0.2383333328125 0.670625 0.2491666671875 0.67 0.25916666718750003 0.683125 0.2625 0.693125 0.2233333328125 0.6799999999999999 0.2233333328125
10 0.8300000000000001 0.29333333281249996 0.8331250000000001 0.2925 0.8425 0.2741666671875 0.8481249999999999 0.2508333328125 0.8481249999999999 0.2408333328125 0.840625 0.2508333328125 0.8331250000000001 0.2733333328125 0.828125 0.2908333328125 0.8300000000000001 0.29333333281249996
1 0.760625 0.5599999999999999 0.76375 0.5633333328125001 0.79 0.5775 0.795 0.5775 0.8018750000000001 0.5641666671875 0.796875 0.5583333328125 0.770625 0.545 0.7681250000000001 0.545 0.76125 0.5558333328125 0.760625 0.5599999999999999
5 0.8168749999999999 0.41166666718749995 0.8412499999999999 0.41333333281250006 0.840625 0.4066666671875 0.829375 0.3958333328125 0.7381249999999999 0.3783333328125 0.73875 0.39249999999999996 0.7424999999999999 0.3966666671875 0.8168749999999999 0.41166666718749995
0 0.915625 0.3266666671875 0.911875 0.3183333328125 0.905 0.315 0.884375 0.3366666671875 0.87625 0.35750000000000004 0.8699999999999999 0.3508333328125 0.86 0.34750000000000003 0.8143750000000001 0.3416666671875 0.8150000000000001 0.36583333281249997 0.843125 0.3791666671875 0.880625 0.3775 0.8943749999999999 0.3491666671875 0.915625 0.3266666671875