8 0.325179078125 0.49703149687500003 0.3322860546875 0.5099693703125 0.43476988906249997 0.5177517953125 0.438771296875 0.5118565640625 0.4317837671875 0.48652957812500003 0.4350258484375 0.4814622671875 0.4412881796875 0.48459457031250003 0.445741771875 0.48050484843749997 0.44848900937499997 0.46831528437500003 0.44657788906249996 0.4619710671875 0.465253975 0.44390643281250003 0.49426205312500004 0.4452236671875 0.5391819156250001 0.45217713281250005 0.5474577484375 0.4607758421875 0.54209125 0.5011052078125 0.5366138390625 0.5139730296875 0.5239526640625 0.5316088390625 0.548054965625 0.5352102890625 0.5659973140625 0.5348016296875 0.574409659375 0.5194999265625 0.5974966796875 0.4920288234375 0.6008838 0.491400446875 0.6671331312500001 0.4973168796875 0.670153384375 0.505516490625 0.67067381875 0.5294667937499999 0.679214140625 0.5301153296875001 0.6863979046875001 0.52534734375 0.7302683578125 0.5242508578125 0.7319917796875 0.5208393953125 0.7214976828124999 0.50852989375 0.7241425375 0.4972181421875 0.73415885625 0.4908940859375 0.761051053125 0.4876227203125 0.7925760109375 0.4616779609375 0.792840496875 0.4537277875 0.7878920593750001 0.4506952578125 0.5543429078125001 0.4187906328125 0.3339753640625 0.393200503125 0.3128506578125 0.3924819171875 0.308542103125 0.40101058125 0.3080728546875 0.4107163734375 0.325179078125 0.49703149687500003
0 0.454563634375 0.5298819078125 0.493118784375 0.5345808796875 0.5184923218749999 0.532965359375 0.5289608234375 0.528446809375 0.535137840625 0.5209456203125 0.5516127265625 0.487658896875 0.5547694890625 0.471958096875 0.553941909375 0.4506412234375 0.5519284078125 0.445174815625 0.5443521796875 0.44194273749999996 0.4706716609375 0.4372331671875 0.4547428125 0.4431082359375 0.44173183437499997 0.458060728125 0.4136281265625 0.460354509375 0.40513046406250003 0.46502272031249997 0.40258798906250004 0.4754566640625 0.42642580468749997 0.48700829062500006 0.4336180984375 0.510579653125 0.44138202499999996 0.5235674140625 0.454563634375 0.5298819078125
10 0.6479451218750001 0.65615056875 0.652134228125 0.66001101875 0.769625478125 0.6698186640625 0.7645234750000001 0.634007846875 0.7633375609375 0.5816683078125 0.7590034125 0.573368921875 0.65465111875 0.5645590234375 0.64913105 0.5721101 0.6479024625 0.6508338218749999 0.6479451218750001 0.65615056875
10 0.6216672078125 0.7223450796875001 0.6969687671875 0.724520996875 0.69290764375 0.6684207796875 0.6218549140625 0.6639107578125001 0.6188858484375 0.6893672421875 0.6216672078125 0.7223450796875001
10 0.4941767046875 0.7073501906249999 0.49846819375000007 0.7103328296875 0.562951446875 0.714343978125 0.562465140625 0.6673710734375 0.5613133484375 0.6601989328125 0.5587879390625 0.6591215734375 0.49900570312500003 0.654581825 0.494048728125 0.6913999515625 0.4941767046875 0.7073501906249999
10 0.785699359375 0.73657253125 0.844927028125 0.740184584375 0.8478619625 0.737750703125 0.8411133265625 0.6876454953125 0.8375811656250001 0.68383493125 0.7770395999999999 0.6801231046875 0.7807082640624999 0.7282232578125 0.785699359375 0.73657253125
10 0.9200238234375 0.744116121875 0.9425162171875 0.7473145234375 0.9498113484375 0.68476675 0.9488271453125 0.67899896875 0.9272502546875 0.676474878125 0.9082414312499999 0.680344890625 0.9076527359375 0.7024397984374999 0.9200238234375 0.744116121875
4 0.846070290625 0.7190173734374999 0.8528274640625 0.7292719296875 0.8495683218750001 0.745850540625 0.8538000875 0.7550277375000001 0.8643539062500001 0.7611426812500001 0.8806325578124999 0.7579509296875 0.8822109390625 0.750100528125 0.8800523984374999 0.7401951828125 0.89027348125 0.7321155078125 0.890631821875 0.694948171875 0.84589965625 0.6977503890625 0.8436643281249999 0.705550903125 0.846070290625 0.7190173734374999
4 0.9008870328125 0.663845890625 0.91772025 0.661581834375 0.9365840359375 0.6532728859375 0.9425562875000001 0.647527315625 0.942820771875 0.6395771390625 0.9334358078125 0.6291230359375 0.8908365921874999 0.6250025484374999 0.8922358046875001 0.6357358140625 0.9008870328125 0.663845890625
4 0.8838063953124999 0.6625488203125001 0.8861867625000001 0.6591872421875 0.8794039953125001 0.6321046375 0.8745408749999999 0.6397056015625 0.866904925 0.64266808125 0.8422907171875 0.6434556796875001 0.837922440625 0.658178896875 0.8838063953124999 0.6625488203125001
1 0.35008336562500003 0.5051217734375 0.36858028125 0.50564080625 0.363853671875 0.4893413578125 0.344904571875 0.487016815625 0.3445377046875 0.4958448 0.35008336562500003 0.5051217734375
12 0.1885168921875 0.5663562375 0.19321790781249998 0.5658276390625 0.20198005624999998 0.553209253125 0.21371126718750003 0.51513438125 0.21463270156249997 0.5072340921875 0.21241443593749998 0.5035233031249999 0.20200565781250002 0.5018472984375 0.198865959375 0.5060367953125 0.1856160859375 0.5457675140625 0.1849847328125 0.562545675 0.1885168921875 0.5663562375