8 0.43 0.5958333328125 0.438125 0.6033333328125 0.6849999999999999 0.725 0.7 0.7275 0.7056250000000001 0.7150000000000001 0.7224999999999999 0.6041666671875 0.7306250000000001 0.5775 0.728125 0.5683333328125 0.42312500000000003 0.48166666718749995 0.41500000000000004 0.48333333281249996 0.416875 0.4966666671875 0.40875000000000006 0.5066666671875 0.40125 0.5125 0.39125 0.5125 0.33875 0.4875 0.32125 0.4858333328125 0.29625 0.4766666671875 0.29125 0.4683333328125 0.290625 0.4583333328125 0.29500000000000004 0.45 0.29125 0.445 0.2725 0.4441666671875 0.2575 0.43166666718749996 0.215 0.4216666671875 0.18875 0.42000000000000004 0.17250000000000001 0.4108333328125 0.145625 0.41166666718749995 0.125 0.4166666671875 0.104375 0.4158333328125 0.06875 0.4225 0.0675 0.42750000000000005 0.074375 0.43333333281249997 0.171875 0.47583333281250006 0.240625 0.5141666671875 0.40750000000000003 0.5900000000000001 0.42437500000000006 0.5841666671875 0.433125 0.5766666671875 0.438125 0.5808333328125 0.43062500000000004 0.5908333328125 0.43 0.5958333328125
8 0.9925 0.6525000000000001 0.99375 0.6575 0.999375 0.6599999999999999 0.999375 0.5758333328125 0.9193749999999999 0.475 0.89625 0.4516666671875 0.798125 0.4408333328125 0.786875 0.4425 0.7737499999999999 0.4491666671875 0.750625 0.45083333281250004 0.746875 0.45416666718750004 0.743125 0.4725 0.7375 0.5258333328125 0.735625 0.5599999999999999 0.73875 0.5741666671875 0.743125 0.5783333328125 0.7731250000000001 0.5816666671874999 0.8099999999999999 0.5916666671875 0.90625 0.6241666671874999 0.9493750000000001 0.6441666671874999 0.975 0.65 0.9853125 0.6483333328125 0.9925 0.6525000000000001
4 0.103125 0.4033333328125 0.073125 0.40833333281249995 0.05437499999999999 0.40750000000000003 0.049375 0.40416666718750005 0.03875 0.3875 0.038125 0.355 0.035625000000000004 0.3491666671875 0.02 0.33999999999999997 0.000625 0.3408333328125 0 0.44000000000000006 0.021249999999999998 0.4608333328125 0.0325 0.46666666718750005 0.05437499999999999 0.465 0.068125 0.44166666718750003 0.06999999999999999 0.43583333281250003 0.06875 0.4266666671875 0.078125 0.41916666718749995 0.103125 0.4141666671875 0.103125 0.4033333328125
4 0.70375 0.3875 0.7056250000000001 0.38 0.6956249999999999 0.3541666671875 0.6793750000000001 0.3416666671875 0.675 0.3175 0.663125 0.31416666718749997 0.654375 0.32 0.6487499999999999 0.3466666671875 0.6174999999999999 0.385 0.61875 0.3933333328125 0.6287499999999999 0.395 0.64 0.4033333328125 0.64375 0.3908333328125 0.640625 0.3825 0.65 0.36833333281249997 0.6793750000000001 0.37 0.68625 0.3783333328125 0.701875 0.38 0.70375 0.3875
12 0.531875 0.5175 0.5325 0.575 0.53625 0.5808333328125 0.545625 0.5816666671874999 0.5506249999999999 0.5775 0.5525 0.5691666671875 0.5525 0.5216666671875 0.5475 0.5083333328124999 0.5475 0.5016666671875 0.538125 0.49916666718749997 0.531875 0.5175
10 0.365 0.4608333328125 0.4125 0.4783333328125 0.426875 0.4783333328125 0.4225 0.3825 0.335625 0.3741666671875 0.33999999999999997 0.43333333281249997 0.344375 0.45 0.365 0.4608333328125
10 0.50125 0.3691666671875 0.5037499999999999 0.375 0.5525 0.3725 0.55625 0.3675 0.556875 0.3341666671875 0.50875 0.3325 0.505 0.3358333328125 0.505 0.3625 0.50125 0.3691666671875
10 0.164375 0.4016666671875 0.183125 0.40499999999999997 0.183125 0.38416666718750003 0.174375 0.35 0.146875 0.3483333328125 0.14625 0.3566666671875 0.1575 0.3933333328125 0.164375 0.4016666671875
10 0.35625 0.3625 0.381875 0.3641666671875 0.385 0.3616666671875 0.384375 0.3308333328125 0.3825 0.3283333328125 0.35750000000000004 0.3266666671875 0.35375 0.3291666671875 0.353125 0.34249999999999997 0.35625 0.3625
10 0.100625 0.34750000000000003 0.113125 0.3791666671875 0.114375 0.39 0.12375 0.39416666718750004 0.13125 0.39249999999999996 0.1325 0.3883333328125 0.12437499999999999 0.3458333328125 0.12125 0.34249999999999997 0.10187500000000001 0.34249999999999997 0.100625 0.34750000000000003
10 0.253125 0.3708333328125 0.2525 0.3825 0.26 0.43333333281249997 0.26687500000000003 0.4458333328125 0.27625 0.445 0.27875 0.43833333281250003 0.275 0.4308333328125 0.268125 0.3958333328125 0.263125 0.3825 0.255625 0.37 0.253125 0.3708333328125
5 0.344375 0.48333333281249996 0.34375 0.4883333328125 0.36124999999999996 0.4925 0.396875 0.5108333328125 0.40437500000000004 0.5091666671875 0.41875 0.495 0.418125 0.4925 0.410625 0.4925 0.364375 0.4733333328125 0.35750000000000004 0.47416666718749995 0.344375 0.48333333281249996
5 0.24625 0.48 0.26437499999999997 0.4808333328125 0.268125 0.4766666671875 0.291875 0.4683333328125 0.29500000000000004 0.45999999999999996 0.288125 0.4566666671875 0.24625 0.4733333328125 0.244375 0.47583333281250006 0.24625 0.48
10 0.303125 0.3541666671875 0.30062500000000003 0.3258333328125 0.276875 0.3241666671875 0.27625 0.3341666671875 0.28250000000000003 0.3566666671875 0.29812500000000003 0.3583333328125 0.303125 0.3541666671875
0 0.753125 0.4066666671875 0.729375 0.4108333328125 0.7212500000000001 0.40833333281249995 0.720625 0.4108333328125 0.69875 0.4166666671875 0.69875 0.4216666671875 0.704375 0.42833333281249997 0.746875 0.44166666718750003 0.751875 0.45 0.76875 0.45 0.78625 0.43666666718749997 0.7893749999999999 0.425 0.7875 0.4183333328125 0.780625 0.4141666671875 0.753125 0.4066666671875