8 0.411362134375 0.5916116015624999 0.40783794218749997 0.590787571875 0.40706921874999996 0.6098884953125 0.3947979078125 0.6178954828125 0.38952121875 0.6183096031249999 0.3815735484375 0.613320225 0.378372621875 0.5168276171875 0.373042171875 0.5080008140625 0.3674390703125 0.45230932343749997 0.3630002296875 0.44550371093749996 0.34800033125 0.4382062078125 0.325106521875 0.4351602484375 0.32168217499999996 0.4514979375 0.3646431203125 0.8791260859375001 0.3719257546875 0.9210381703125 0.3763530765625 0.9258635859375 0.3937897078125 0.8983005640625 0.42596895 0.8338106203125 0.4283596046875 0.7910293015625001 0.411362134375 0.5916116015624999
8 0.28235294375 0.0431756640625 0.28245278749999997 0.060337379687500005 0.2921798390625 0.0687090703125 0.2984095765625 0.08087719531250001 0.29403217656249997 0.0846326375 0.286115225 0.0849237859375 0.2853234609375 0.1000643140625 0.31881150156250004 0.41177100468749994 0.3250950015625 0.4331800515625 0.33565605781249996 0.43367194062500003 0.3461940734375 0.4302034328125 0.3415094625 0.3811535953125 0.347650878125 0.3781402015625 0.36614424687499997 0.38098120468749996 0.36876915 0.3784639140625 0.3816632578125 0.32627349375 0.386905384375 0.319918778125 0.38662889375 0.272394025 0.37915425156250004 0.1974786421875 0.36049575625 0.1662547984375 0.3445504890625 0.1476951828125 0.3409571734375 0.134989965625 0.34571928125 0.046127 0.28235294375 0.0431756640625
10 0.49535904531249997 0.511058265625 0.44432161875 0.5100009328125 0.4179381796875 0.5120715390624999 0.41356078125 0.5158269828125001 0.4128611796875 0.5468090937500001 0.422983765625 0.6231675828125 0.507464534375 0.6257825640625 0.5091709484375 0.6166236203125 0.4988947578125 0.5138624921875 0.49535904531249997 0.511058265625
10 0.49059832343750004 0.29769298125 0.4879081375 0.2889891515625 0.4799796640625 0.28730010156249997 0.4043189765625 0.288395359375 0.39508730625 0.36517218281249997 0.3951794703125 0.3810137671875 0.39961063124999996 0.38649925 0.415459896875 0.388557215625 0.4594489359375 0.3879664890625 0.48582853593750003 0.38523581562500003 0.49059832343750004 0.29769298125
10 0.3828711453125 0.0801918453125 0.4646502078125 0.0721227984375 0.470791621875 0.069109403125 0.4694130828125 0.021863265625 0.3758048390625 0.0175033921875 0.37821670625000003 0.036328146875 0.379327753125 0.0760674875 0.3828711453125 0.0801918453125
10 0.4806377171875 0.09794314062500001 0.4850880796875 0.1067289515625 0.527332303125 0.1086965078125 0.5299533671875001 0.10551915 0.5278245359375 0.04207083125 0.5269290875 0.0393895765625 0.5084549203125001 0.039848903125 0.4821098828125 0.048520171875000004 0.4806377171875 0.09794314062500001
10 0.4949603625 0.291297275 0.5046874109374999 0.299668965625 0.539894771875 0.30196866093749997 0.5405290890625001 0.25976542812500003 0.536001925 0.23777829687500002 0.518396325 0.236298415625 0.48940334375 0.243526578125 0.489526228125 0.26464869062499996 0.4949603625 0.291297275
10 0.5092561250000001 0.4800309484375 0.5040024765625 0.4844054671875 0.5086602078125 0.5288348421875 0.5166232421875 0.5364644859375 0.5456738265625 0.5391373125000001 0.5518152421875 0.5361239171875 0.549767053125 0.4865369859375 0.54799151875 0.483814740625 0.53742278125 0.48200271875 0.5092561250000001 0.4800309484375
5 0.3833682859375 0.6193428015625 0.4062044921875 0.61248776875 0.403937415625 0.5252770734375 0.386331815625 0.5237971921875 0.379314153125 0.5274296640625 0.3833682859375 0.6193428015625
5 0.356494 0.385810834375 0.345921421875 0.38333874687499997 0.3415325046875 0.38511399218750003 0.34875369375 0.41646502031250004 0.3963053265625 0.42329898281249995 0.406858703125 0.42247073906250004 0.397919578125 0.39829845625 0.356494 0.385810834375
8 0.48823631093750003 0.7990972015625 0.4986629609375 0.77648678125 0.5002349703125 0.744225528125 0.4975294234375 0.7328814343750001 0.49131888593750006 0.7240136390624999 0.47900533437500004 0.7247599015625 0.4693781265625 0.7335499265625 0.42850553125 0.8161118109375 0.4269220015625 0.8463928656249999 0.42972355156250003 0.874238609375 0.43872027812500003 0.908311884375 0.44754036093750005 0.912022121875 0.453681775 0.909008728125 0.45883173906249997 0.8868124265624999 0.471045446875 0.8689044484374999 0.4840240390625 0.8312354828125 0.48823631093750003 0.7990972015625