8 0.29406747499999997 0.41527324062500004 0.316578984375 0.42275185000000004 0.3017567578125 0.44360307499999996 0.2843000859375 0.4581155609375 0.277065415625 0.46773712500000003 0.2673224046875 0.47378054374999995 0.2656713703125 0.4796366765625 0.333927546875 0.64386758125 0.3672661546875 0.6503683609375 0.3764167875 0.6453567875 0.41013265624999995 0.61345056875 0.41570357500000005 0.6047402 0.410334003125 0.5991920078125 0.42385807656249996 0.582588821875 0.4045596265625 0.528783390625 0.3942867578125 0.5138945640625 0.3369466921875 0.38330038593750004 0.2829998234375 0.3689860484375 0.2595557640625 0.3690923140625 0.2490942671875 0.37340698906249997 0.24696424062500003 0.3781106234375 0.26109446875 0.41210930156250003 0.29406747499999997 0.41527324062500004
8 0.4260093109375 0.40101996093750003 0.427307459375 0.3967719265625 0.41489184999999995 0.3816417984375 0.41998377812500004 0.37177893281249996 0.43150392968749995 0.3626399734375 0.4216973390625 0.343958709375 0.3853459640625 0.322837415625 0.37511124375 0.3227834015625 0.36679248593749997 0.3273393765625 0.3538099296875 0.323130971875 0.3457052359375 0.318373321875 0.3369700125 0.2998127109375 0.32386134843750003 0.2928437109375 0.3130469640625 0.2987664796875 0.309139796875 0.306565653125 0.34734566718750004 0.40094980312499995 0.36636541718750004 0.3926554015625 0.3930235875 0.3929110890625 0.409346365625 0.40024204062499996 0.4260093109375 0.40101996093750003
4 0.45673252499999994 0.6862595890625001 0.445539821875 0.68390058125 0.43448594375000005 0.6892471 0.4238358125 0.7127652734375001 0.4295709859375 0.72165030625 0.45868663437499996 0.7057043890625 0.47214818437500006 0.71106529375 0.4881933171875 0.7029851875 0.5098475171875 0.7010295234374999 0.5295730390625 0.6895189312500001 0.5453023781249999 0.6511929578125 0.575211753125 0.619956634375 0.6007604046874999 0.6052568578125 0.604793678125 0.6002182765625 0.6042892546874999 0.5891759078125001 0.5986801875000001 0.583051465625 0.5482250765625001 0.5845101406250001 0.521012671875 0.6001211109375 0.49693914531249994 0.6331131890624999 0.4749076828125 0.6734758484375 0.4666016421875 0.6829767625 0.45673252499999994 0.6862595890625001
0 0.4731294859375 0.6298826140625 0.4896790421875 0.6328448796874999 0.5019176812499999 0.625434665625 0.5089128546875 0.615236853125 0.51079066875 0.6050120328124999 0.5080173984374999 0.59096776875 0.48951373125000003 0.5685607015625 0.47093482187499996 0.5631727890625 0.46511169218750004 0.5663619734374999 0.462528109375 0.5798029828125 0.47038164687500006 0.6257282203125001 0.4731294859375 0.6298826140625
10 0.49087018125000004 0.355593475 0.4590321265625 0.377274871875 0.4768173078125 0.3979531921875 0.5110376 0.377089346875 0.4970589125 0.3557411328125 0.495029559375 0.3533154875 0.49087018125000004 0.355593475
10 0.478505434375 0.360243096875 0.48455534375 0.35268522343750003 0.47192567187499995 0.346868721875 0.425340634375 0.3723821875 0.42522724375000004 0.37456653281249996 0.4389282859375 0.38050368749999997 0.44796553125000005 0.37767645625 0.478505434375 0.360243096875
10 0.54448005 0.5165271671875 0.54151815 0.5216864 0.5128942078125001 0.5437297515624999 0.5133859140625 0.5498271859375 0.543446828125 0.5312413281249999 0.553542725 0.5235898125 0.5528242390625 0.521861065625 0.547467384375 0.521257809375 0.54448005 0.5165271671875
10 0.49322804218750005 0.393209928125 0.4939592453125 0.399883609375 0.505378725 0.39787393125000003 0.529263625 0.38408535312500003 0.523175565625 0.3768084140625 0.49322804218750005 0.393209928125
10 0.5096769265625001 0.40330147343749995 0.5153993828125001 0.40724156875000006 0.541187528125 0.3931180453125 0.5384396890625001 0.3889636515625 0.52916295 0.3912146328125 0.5089584390625 0.40157272656250004 0.5096769265625001 0.40330147343749995
10 0.5497107999999999 0.51436983125 0.5757384421875 0.500822553125 0.5763181046875 0.49484577031250004 0.5552817171875 0.5056594624999999 0.5497107999999999 0.51436983125
12 0.4054434234375 0.5947963125 0.4080778734375 0.60113505 0.4140271078125 0.600706459375 0.44754163125 0.5830588031249999 0.456919040625 0.57367854375 0.45548206875 0.57022105 0.44465496875 0.57119888125 0.4078129453125 0.590668928125 0.4054434234375 0.5947963125