4 0.1770922578125 0.44946683125 0.1647598578125 0.45090403281249997 0.155186234375 0.46028399999999997 0.1453103640625 0.48377079375000004 0.1483589484375 0.505528025 0.1611475796875 0.5429467421874999 0.1814665 0.551523378125 0.2002435890625 0.5664443984374999 0.261069 0.53268685625 0.27015131875 0.5188969703125 0.2649462125 0.5103011875 0.22553775781250002 0.479513778125 0.198393790625 0.46686330312499996 0.1770922578125 0.44946683125
10 0.6055587703125 0.2899988078125 0.6280874484375001 0.34307900625 0.626701840625 0.35306826406249997 0.615687134375 0.36409034375 0.577359803125 0.3867383578125 0.572522615625 0.3937794796875 0.59219176875 0.44361918593749994 0.5954192140625 0.4624965828125 0.6049577640625 0.4875626140625 0.6160155046875 0.512808971875 0.6210643890624999 0.517759878125 0.6300233203125 0.5151969765625 0.6417081921875 0.50570498125 0.6696026749999999 0.47239011406250003 0.715415021875 0.43394944375 0.7056874140625 0.3903666734375 0.695534171875 0.3721177109375 0.6893136156249999 0.33983023125 0.6821987609375 0.3219419265625 0.682322146875 0.310714940625 0.6878294984375 0.3052039015625 0.686768775 0.294561628125 0.6744940875000001 0.2550281171875 0.6636027671875 0.25482321093750004 0.6059164890625001 0.2842391359375 0.6055587703125 0.2899988078125
10 0.919406725 0.3127474578125 0.9240978875 0.323458034375 0.927806440625 0.3253487734375 0.9749566812499999 0.299827296875 0.9304900046875 0.1983037015625 0.9045543593750001 0.2130734796875 0.8997952843749999 0.221937040625 0.9055018968749999 0.256339315625 0.919406725 0.3127474578125
10 0.8128435921875001 0.2174179421875 0.824158303125 0.24160690625 0.8296430203125 0.2426205796875 0.8598378109375 0.22771042656249998 0.8821015546875 0.2111335828125 0.8726863921874999 0.17484056718750002 0.8663198124999999 0.160304784375 0.860578125 0.1603485078125 0.8050030953125 0.18965240781249998 0.8128435921875001 0.2174179421875
10 0.283347421875 0.43887086562500005 0.29775599375 0.4717676359375 0.29585644375000003 0.483871690625 0.2932312546875 0.4860985125 0.301419271875 0.486707803125 0.310433678125 0.4924920515625 0.3162308375 0.5007954781249999 0.3125605921875 0.507260365625 0.2133695421875 0.5553102937500001 0.2031257515625 0.56316018125 0.2062977234375 0.573690428125 0.21335710468750002 0.58323158125 0.2546957109375 0.6661046625 0.2637203171875 0.6932854859375001 0.273427525 0.6940751046875 0.3065825890625 0.6777031703125 0.44200689375 0.607108778125 0.44633013750000006 0.6021824515625 0.44426416562500004 0.589245053125 0.39900531093749997 0.49248920468749996 0.39039389999999996 0.4678958578125 0.394918640625 0.4535649828125 0.393031528125 0.43774775000000005 0.3838280625 0.4134467609375 0.3788572890625 0.41031829531249997 0.37357407187499997 0.399900071875 0.3703794640625 0.3958945375 0.36530794375000003 0.39746834375 0.283347421875 0.43887086562500005
5 0.5626751078125001 0.5307738609375 0.5601280265625 0.5348231203125 0.5743249031250001 0.5557278625000001 0.6065505921875001 0.5882011046875 0.6109066703125 0.598146640625 0.6528418078125 0.5820916406250001 0.656494884375 0.5756352312499999 0.6542274140625 0.57210238125 0.5949585078124999 0.5222763890625 0.574851284375 0.52569178125 0.5626751078125001 0.5307738609375
8 0.9128115359375 0.41277665781249995 0.8807851078125 0.42021673125000003 0.867313871875 0.4091892203125 0.8541550828125001 0.40545146093750006 0.8223301515625 0.4034869875 0.7663419265625 0.43020340625 0.697819803125 0.46776157500000004 0.685520240625 0.4840706390625 0.687865821875 0.4894259265625 0.6867371875 0.49835779062499996 0.6618482515624999 0.5171614515625 0.6453159953125 0.5122979953125 0.6097927125 0.5298393546875 0.6412701234375 0.5589600765625 0.6539704421875 0.573159778125 0.654539859375 0.579392134375 0.6229821 0.597766834375 0.6082814828124999 0.6003734625 0.6025171578124999 0.6069418984375 0.605197821875 0.6130622296875 0.6277615734374999 0.6316964265625 0.64246219375 0.6290898015625 0.8928911359375 0.48402665 0.923365534375 0.4615343875 0.9726068250000001 0.4325665671875 0.9754889875 0.42928235 0.9732215171874999 0.42574949999999995 0.9582084515625 0.42106637031250005 0.9370178671874999 0.4203642 0.9128115359375 0.41277665781249995
8 0.1656056578125 0.7668580296874999 0.1574957515625 0.7680711765625 0.07955989687500001 0.8120861765624999 0.12246949843749999 0.910054753125 0.166175075 0.773090384375 0.1656056578125 0.7668580296874999
8 0.5629174046875 0.6069556109375001 0.554394303125 0.6055812796875 0.4796946609375 0.64712040625 0.477482665625 0.6519347062499999 0.47980560937499994 0.6638147062499999 0.4737843125 0.671440540625 0.40837868750000006 0.7111818078125001 0.33370168125 0.7461962203125 0.318744090625 0.7498602421875 0.30617735625 0.7458301265625 0.30249144375000003 0.7374146765625 0.298951553125 0.711247525 0.3042245703125 0.7002691703124999 0.33163794687500003 0.6839409609375 0.34036254375 0.67591074375 0.34105534843749996 0.6709161140625 0.3402844328125 0.6740883078125 0.33775999218749997 0.6716128515625 0.3072301171875 0.685757965625 0.275158415625 0.7062474640625 0.18828259687499999 0.7528686671875 0.179558 0.7608988812499999 0.155893971875 0.8647041328125 0.14504568906249998 0.9007676640625 0.1345777640625 0.9245468109375 0.13540415156250002 0.9297217703125 0.1545061265625 0.9240112546875 0.540069565625 0.6945392453125 0.5989625921874999 0.658013896875 0.6032077218749999 0.65126513125 0.600940253125 0.6477322812499999 0.5862294343750001 0.62894233125 0.5696417015625 0.615731721875 0.5629174046875 0.6069556109375001
8 0.988458715625 0.41450336875 0.9918570828125001 0.41409967812500004 0.9931275625 0.3413139390625 0.9919138765625 0.338542928125 0.9888865859375 0.3398516984375 0.979514459375 0.33982711875 0.9623448734375 0.3483054421875 0.9380479906250001 0.3668167484375 0.9095059796875 0.3920768203125 0.907115125 0.3997709578125 0.92843929375 0.41064271718749995 0.9501438203125 0.4092300953125 0.988458715625 0.41450336875
5 0.884082703125 0.370202128125 0.8797141859375 0.3881778828125 0.9013179640625 0.3914675328125 0.9226319328124999 0.3809427171875 0.9657409781249999 0.34290643125 0.969986109375 0.3361576625 0.9670484734375 0.3310947328125 0.943076475 0.32897450625 0.9303082421875001 0.3343489375 0.884082703125 0.370202128125
5 0.37752840625 0.6473227296874999 0.37399871562500003 0.6425521515625 0.35801323749999997 0.6504457625 0.3366704125 0.681455934375 0.29719802500000003 0.7055998781249999 0.30643432812500004 0.74477273125 0.3163203984375 0.7426825171875 0.4448641828125 0.6596671328125 0.4487742296875 0.652153328125 0.4428989578125 0.6420274609375001 0.42937224843750005 0.6226528015625 0.38360517656250004 0.6480440453125 0.37752840625 0.6473227296874999