8 0.5470767078125001 0.1909819796875 0.535845221875 0.2152700296875 0.538640990625 0.2352352625 0.5301298703125 0.2603127203125 0.52358839375 0.3049004671875 0.5301726375 0.3255346265625 0.5237392109375001 0.34325212031249996 0.527244053125 0.34943427968749996 0.5371992078125001 0.349955759375 0.5468707328125 0.355990471875 0.553196109375 0.36514323125 0.5526040890624999 0.393164321875 0.5474807609375001 0.41018592031249995 0.5519377859375 0.4721693046875 0.5480660234375 0.4813759984375 0.539379321875 0.48509643125 0.52632000625 0.48711757968749997 0.5138279484375 0.4781122640625 0.5090298921875 0.48468282343749997 0.4768582453125 0.8128009015625001 0.4849776875 0.820106928125 0.514559521875 0.827184603125 0.6309678515625 0.8721554749999999 0.6455376078125 0.8738008265625 0.6488668718749999 0.8586259593750001 0.6238366171874999 0.5649142687500001 0.619547290625 0.5533393578125 0.6143485515625 0.55118513125 0.6015312203125001 0.5526308578125 0.5993364718749999 0.54575280625 0.6101593953125 0.54179141875 0.6224758734375 0.5294397078124999 0.6119084453125 0.334403340625 0.6005250203125 0.25018001875 0.596142278125 0.13721274375 0.593021234375 0.1276985546875 0.5875805093750001 0.12611974374999999 0.56717835 0.155279065625 0.5600189703125 0.174722815625 0.5470767078125001 0.1909819796875
8 0.4635881890625 1 0.4682897203125 0.90091906875 0.47265333125 0.8615100890624999 0.4809641125 0.8320702375 0.47852738125 0.825767603125 0.465693165625 0.8151565125 0.43109605 0.7982301796875 0.3760461328125 0.7742927140625 0.3564194546875 0.7677365218750001 0.351663040625 0.7693692671875 0.3410573421875 0.78974986875 0.32936664531250004 0.798194125 0.3233586625 0.8076417749999999 0.2961066375 0.9038967078125 0.3102847109375 0.937925540625 0.338041253125 0.989707759375 0.35673089375 1 0.4635881890625 1
4 0.6068233890625 0.136007971875 0.6352785843750001 0.136087115625 0.645400315625 0.11685735312500001 0.6439731656250001 0.10331523281249999 0.6379430703125 0.088301321875 0.60627828125 0.07086376718750001 0.5350849921874999 0.062542465625 0.564498509375 0.07939213125 0.57690728125 0.09827306875 0.5782759015625001 0.1046961796875 0.5718424734374999 0.12241367343750001 0.555270434375 0.1473041109375 0.566010071875 0.153218346875 0.5806462296875 0.13293125781249998 0.5917111390625001 0.12839445 0.6003145515625 0.1345496390625 0.6068233890625 0.136007971875
4 0.2500563203125 0.614200340625 0.2487631046875 0.62695305625 0.2710268609375 0.644174278125 0.27712713437500003 0.6659592734374999 0.2988652734375 0.68926914375 0.307026359375 0.6916373578125 0.3003171828125 0.6858166328124999 0.30471455937499997 0.6705212890625 0.29911513749999996 0.6596422750000001 0.3088361859375 0.6316877265625 0.3265101015625 0.6307904484375 0.333561434375 0.6382169515625 0.34740523125 0.6415885578125 0.3434997046875 0.6266816140625 0.3457192140625 0.6165650359375 0.337941928125 0.610864790625 0.287840884375 0.61870841875 0.2592269921875 0.6093290687499999 0.2500563203125 0.614200340625
12 0.4873108796875 0.613749209375 0.4985930140625 0.6256316156249999 0.5456821859375001 0.651563259375 0.5546693968749999 0.654386415625 0.5607359093750001 0.652057771875 0.563539559375 0.64297155625 0.5592085890625 0.63633445625 0.5024478921875 0.6043681015625 0.4818532734375 0.6001135796875 0.480701875 0.6101096796875 0.4873108796875 0.613749209375
10 0.50983913125 0.47308094375 0.510881359375 0.419795378125 0.5081272296875 0.3948923359375 0.49329860937500003 0.38176558437499997 0.43633757187500005 0.345436834375 0.4109629015625 0.42996940937500006 0.504273475 0.48631556875 0.50983913125 0.47308094375
10 0.34430782656250003 0.54492001875 0.350716490625 0.544197153125 0.37206970625 0.5006793375 0.367254765625 0.4951930765625 0.35919385 0.495006059375 0.33275782187499997 0.48044794218750003 0.328001409375 0.4820806875 0.31102080781249997 0.5272977921875001 0.34430782656250003 0.54492001875
10 0.52594859375 0.22186755468750002 0.52990364375 0.20278523750000002 0.5243042203125 0.191906221875 0.49231041875 0.1615312828125 0.4838071734375 0.1575572890625 0.4748120796875 0.1837855828125 0.5052954484375001 0.210494028125 0.52594859375 0.22186755468750002
10 0.3745041921875 0.3666625359375 0.40482886406249996 0.3840707765625 0.4085171671875 0.3825585078125 0.41678630468750005 0.35805646874999997 0.398169209375 0.3442607890625 0.3847092125 0.3375571484375 0.380778925 0.33964483749999996 0.3727517703125 0.36357145625 0.3745041921875 0.3666625359375
10 0.5290268703125001 0.16615983750000002 0.5336414703125001 0.1672837078125 0.5381975437500001 0.16128856875 0.5376966890625 0.1503825859375 0.527441025 0.14331751406249998 0.5008879453125 0.114521384375 0.49544722031250005 0.1129425734375 0.4879456828125 0.1307805453125 0.490040259375 0.13547740156250002 0.5290268703125001 0.16615983750000002
10 0.4839512359375 0.2951201109375 0.5159866828124999 0.3205572421875 0.5219699062500001 0.3281042234375 0.529546853125 0.3294420765625 0.5340027546874999 0.3212657421875 0.5242727031250001 0.3081120234375 0.47678285000000004 0.27345559375 0.464975103125 0.2676618359375 0.46318103749999995 0.26950856875 0.472669103125 0.2832377078125 0.4839512359375 0.2951201109375
5 0.524609228125 0.4790886890625 0.52170540625 0.485993709375 0.5239417984375 0.4879339515625 0.5435515953125 0.48243332656250004 0.5481076671875 0.4764381875 0.5437260515625 0.4336306296875 0.5463710046875 0.41524420937500006 0.5411722640625001 0.41308998125 0.5270031937499999 0.42016941562500004 0.5235152296875001 0.4260440765625 0.524609228125 0.4790886890625
5 0.5466287484375 0.3565658921875 0.5640854390625 0.33924940000000003 0.5696679796875 0.338071596875 0.5758594218749999 0.32092951875 0.5724547484375 0.3169285609375 0.569250415625 0.317289990625 0.5365148984375 0.34674420625 0.5371575640625 0.3548935734375 0.5466287484375 0.3565658921875
10 0.43516028906250004 0.302267846875 0.43955766562500004 0.286972503125 0.41967212031249995 0.26893490937500003 0.409516625 0.264051034375 0.40197344062499996 0.2868268171875 0.42909377812500005 0.304596490625 0.43516028906250004 0.302267846875
0 0.3202364953125 0.7279678656249999 0.30691043281249997 0.7475590624999999 0.3036982203125 0.77697194375 0.3051670125 0.7855762515625 0.3110500640625 0.7909420375 0.3238257515625 0.7944341203125 0.34381934531249997 0.7856014609375 0.35035294375000003 0.7700651625 0.3440275671875 0.7609124046875 0.347264540625 0.714504890625 0.3428334 0.705686596875 0.33787664687499996 0.7029569515625 0.323624284375 0.7199120078125001 0.320903921875 0.719122603125 0.3202364953125 0.7279678656249999