4 0 0.5664218296875 0.015192940625000002 0.5597195625 0.0201182 0.552977878125 0.0220761125 0.5428778171875 0.015753571875 0.510474340625 0.038360996875 0.449849046875 0.0992407796875 0.3986706109375 0.1344204625 0.388606471875 0.1408395546875 0.38971346875 0.149975340625 0.36187360156250004 0.147407703125 0.3614308046875 0.1512185203125 0.3374170421875 0.157932315625 0.337625978125 0.166478696875 0.31158223125 0.1546296265625 0.3104876984375 0.12739505625 0.319075353125 0.08339801875 0.31053901875 0.07515820625 0.3129135625 0.053660178125 0.29781955312499997 0.0507250140625 0.284029015625 0.05377705000000001 0.278862053125 0.08513746093749999 0.2577015546875 0.09121275625 0.19991852968749999 0.0843736359375 0.1835569734375 0.0709257265625 0.1708001203125 0.063802340625 0.166672303125 0 0.3610998609375 0 0.5664218296875
8 0.644619815625 0.344697546875 0.6190281328125 0.3317442203125 0.6062424515625 0.3314370484375 0.5000089921875001 0.359611946875 0.44781278281250003 0.3781281171875 0.39960521875 0.3906899640625 0.344599171875 0.411568215625 0.34125243437499997 0.41763323750000003 0.34274626874999997 0.425481915625 0.33551588906249996 0.4413149015625 0.3167311453125 0.45515529218750006 0.2970944765625 0.4612577046875 0.281224578125 0.47654965312500003 0.29158826718749997 0.5049056281250001 0.2940153015625 0.5698482078125 0.2989490171875 0.5982166453125 0.30498871875 0.608747040625 0.30527155625 0.6306201234375 0.3112265703125 0.6496758609375 0.319676396875 0.6549285968749999 0.3390183625 0.6497242453125 0.561391715625 0.5239166390625 0.602465453125 0.49589129375 0.628953109375 0.4833792984375 0.7213186281249999 0.4271929859375 0.72629639375 0.422358121875 0.7271279953125 0.4177571234375 0.7248872468750001 0.4059841046875 0.657773021875 0.358352459375 0.644619815625 0.344697546875
0 0.30428762656249997 0.36286549687499997 0.289471209375 0.358412584375 0.26277354062499997 0.3632973 0.2265200546875 0.38076731875 0.201820934375 0.400229934375 0.19370645 0.41875709843750003 0.2022494171875 0.45059461562500003 0.21590734375 0.470978746875 0.2269332625 0.5117844015624999 0.23337267499999997 0.5252303796875 0.23791854531249998 0.527912096875 0.24359071875 0.52509475625 0.2509786078125 0.5149822312500001 0.2569251671875 0.4989278453125 0.2668281890625 0.4873513 0.3118058875 0.46189697343749997 0.3229080390625 0.45906716875000003 0.3363678140625 0.4490528796875 0.342819090625 0.43972771875000005 0.3477765359375 0.42255387187500004 0.33998048125 0.394640696875 0.33102593593749996 0.38265874218749996 0.30428762656249997 0.36286549687499997
10 0.4307252078125 0.163580440625 0.47546915937499995 0.17604111718749998 0.4899942828125 0.12351082656250001 0.4889526625 0.1204845484375 0.4417460828125 0.11139471249999999 0.4307252078125 0.163580440625
10 0.49571555156249997 0.180481565625 0.5026918671875 0.19022460000000002 0.5046904171875 0.2048025015625 0.5209481640625 0.21519727031250002 0.52702005 0.21529550937500003 0.536398034375 0.1846507625 0.544681896875 0.1490729171875 0.5072411453125001 0.135025059375 0.49571555156249997 0.180481565625
10 0.22471297343750002 0.15272381562499998 0.21896456562500002 0.1991766203125 0.21430182343749998 0.21545240312499997 0.21373273906249998 0.2295875046875 0.22030934218749998 0.2364149609375 0.22306667343750003 0.2321460578125 0.22256195625 0.22541683906249999 0.23084581875 0.18983899375 0.23345750468749998 0.15707849062499998 0.22840691875000002 0.147667553125 0.22471297343750002 0.15272381562499998
10 0.3992428796875 0.11070705624999999 0.397789684375 0.1275363390625 0.40428160156250004 0.1428891359375 0.4122792140625 0.14331946874999998 0.4145843328125 0.1342281703125 0.42000585468749996 0.099105584375 0.40642075312500003 0.09296725312500001 0.3992428796875 0.11070705624999999
10 0.3690731421875 0.1055041734375 0.370587296875 0.125691834375 0.38332047343750003 0.1240921859375 0.38640469375 0.1084930640625 0.38542744375 0.08460246406250001 0.3728839609375 0.08149040937499999 0.3690731421875 0.1055041734375
10 0.20079636562499997 0.1077973484375 0.200542303125 0.13337336875 0.21079253125 0.12280558125 0.2136870546875 0.111918159375 0.21043686875 0.086686703125 0.2050390765625 0.0762670046875 0.20079636562499997 0.1077973484375
0 0.12346573125 0.2111739734375 0.1294004265625 0.21789072968749998 0.15676032499999998 0.22545569531249998 0.1684518828125 0.2208297671875 0.1977696953125 0.21829467187499998 0.20215805156250002 0.215255928125 0.2045156734375 0.2080714484375 0.2036434296875 0.1879944890625 0.1448502984375 0.1873442203125 0.1294647953125 0.1970264078125 0.12346573125 0.2111739734375
5 0.127220634375 0.2431346515625 0.11886395000000001 0.264466696875 0.12089468437499999 0.2686124359375 0.1314599359375 0.2694855703125 0.2557921796875 0.26056288125 0.262748175 0.2579669375 0.2699785546875 0.24213395312500002 0.174544090625 0.233266984375 0.1321983953125 0.238299790625 0.127220634375 0.2431346515625