10 0.660983453125 0.5315572390625001 0.646162384375 0.451977496875 0.64307400625 0.449456990625 0.542033440625 0.442674746875 0.539862515625 0.44700619062499997 0.54324214375 0.46755084374999994 0.5550686890625001 0.51713511875 0.5589294312499999 0.5230760015625 0.56703601875 0.5255069531250001 0.660983453125 0.5315572390625001
10 0.4339072796875 0.51328756875 0.4337131125 0.5012714703125 0.420292759375 0.43626191406250003 0.41305454218750004 0.43209838749999996 0.37754088750000003 0.4310150765625 0.347431625 0.431552403125 0.3276969625 0.4361972859375 0.328567484375 0.456786715625 0.3398638375 0.5123902359375 0.350431528125 0.5173528875 0.3637974203125 0.5179729015625 0.4339072796875 0.51328756875
10 0.1238321625 0.43983543281250004 0.119584165625 0.421023359375 0.0904392796875 0.41467515156249996 0.050545214062499996 0.41165773437500003 0.0618307234375 0.5035708296875 0.1270710078125 0.5015925265625001 0.1286626625 0.49469580156250004 0.1238321625 0.43983543281250004
10 0.16586720625 0.5172124359375 0.1596904515625 0.5121714265625 0.10260830781250001 0.5131901062499999 0.1082581 0.5577333734375001 0.1730126453125 0.5600119296875 0.1746042984375 0.5531152046875001 0.16586720625 0.5172124359375
10 0.359555878125 0.566126846875 0.35327988593750004 0.5327557796875 0.3452693046875 0.5251718750000001 0.2982235828125 0.5260114453125 0.2961988203125 0.5449354640624999 0.3010740953125 0.5637363453125 0.3049828390625 0.56710075 0.31960328437499996 0.567698375 0.359555878125 0.566126846875
10 0.5864858875000001 0.5698039421875001 0.5824309796875 0.5518469625 0.5748055046875 0.534812240625 0.571717128125 0.5322917359375 0.5480737171875 0.5335722140625 0.5366856609374999 0.5277656625 0.523512859375 0.5280007421875 0.5215830265625 0.530610803125 0.53109248125 0.569933946875 0.5540126062499999 0.5738176171875 0.584749146875 0.573269096875 0.5864858875000001 0.5698039421875001
5 0.6333234546875001 0.4118552328125 0.5470484234375 0.409102184375 0.5464702265625 0.417697903125 0.5496076859375 0.42880293593749996 0.6310575984375 0.43250063125000004 0.63486818125 0.41869598437500005 0.6333234546875001 0.4118552328125
5 0.439298759375 0.3809761640625 0.40745167968749996 0.373817640625 0.40914149375 0.384089965625 0.42984591562499996 0.42836456875 0.4549860484375 0.43650132187499996 0.439298759375 0.3809761640625
8 0.5403894796875 0.4075039375 0.5868079265625 0.4066755578125 0.63356455 0.410133846875 0.6353994515625 0.42383774531249996 0.6327463359375 0.4316119546875 0.6067869124999999 0.433792303125 0.6121433 0.437989415625 0.8050083765625 0.4525769125 0.8389293 0.44939594375 0.9185890859375 0.40333025312500004 0.9245716765624999 0.3963551703125 0.907103946875 0.39151565625 0.477415375 0.3545397328125 0.46236074374999997 0.354808396875 0.4556057921875 0.35836310625 0.45758578125 0.375498575 0.46912000000000004 0.3958977 0.47553785 0.3992173296875 0.529821790625 0.4025412859375 0.5403894796875 0.4075039375
8 0.20696543437499998 0.3868394359375 0.21734003125 0.39094699374999997 0.2435405484375 0.3870452609375 0.2572915484375 0.378214459375 0.27191199374999997 0.37881208593750004 0.2793433015625 0.3838307078125 0.2951702984375 0.386982425 0.3446771203125 0.38867455156249997 0.359345571875 0.38669569843749996 0.363639421875 0.380609290625 0.4433035125 0.379187615625 0.44841773125 0.3739451078125 0.4422879015625 0.3551666140625 0.43297476562500004 0.3501815734375 0.19320797812499999 0.3287042171875 0.1276330640625 0.3255817578125 0.11499153124999999 0.3309585984375 0.1283585 0.3427396140625 0.1699059765625 0.3677543703125 0.1996781359375 0.37409138125 0.20696543437499998 0.3868394359375
8 0.81432689375 0.51336696875 0.8762320046875001 0.4890816328125 0.9077867578125 0.46705500468750005 0.9108260578125 0.4609909859375 0.8959634390625 0.450953740625 0.8665774609374999 0.44632691874999997 0.8480002656250001 0.4449413625 0.8368063765624999 0.451150909375 0.81880845625 0.45233063749999997 0.7458556171875 0.497418096875 0.7398250234375 0.5069696578125 0.74378285 0.5189185890625 0.7894780109374999 0.5232543609375 0.80028571875 0.5153346265625001 0.81432689375 0.51336696875
0 0.5056589484375 0.5214510390625 0.49687600468750004 0.51044675625 0.46406454531249997 0.510173765625 0.4598186984375 0.5136836953125 0.46010887343749995 0.520546840625 0.4649350671875 0.53076319375 0.49142575937500005 0.5337246046875 0.50300583125 0.5292252484375 0.5056589484375 0.5214510390625
0 0.7444592046875 0.527491921875 0.7424312140625 0.5129329296875 0.7368337296874999 0.5104572015625 0.688196353125 0.5181934984375001 0.68785925 0.5250678375 0.7211059703125 0.5356355421875 0.7336514968750001 0.53541165625 0.7444592046875 0.527491921875
5 0.1916227796875 0.4025669625 0.18279183125 0.39413915624999996 0.1591953515625 0.381682153125 0.08426037187499999 0.3873121328125 0.0804487109375 0.389955778125 0.08204144218750001 0.3942200546875 0.1050106453125 0.4066882515625 0.1706335625 0.407234234375 0.1916227796875 0.4025669625