8 0.5143773796875 0.1261396765625 0.49998508125 0.1295648453125 0.4917653875 0.137585475 0.389900703125 0.191439471875 0.3711927796875 0.2247926265625 0.3391971421875 0.2997321 0.338953009375 0.3172255140625 0.3424595328125 0.32292925 0.364728009375 0.3249259640625 0.398734040625 0.3182069765625 0.49417064843749997 0.2836497390625 0.514548121875 0.27031941718749997 0.53753765 0.22623469062499998 0.5421741109375 0.1956618046875 0.5558593703125 0.170279109375 0.56637028125 0.1321489703125 0.5821906734375 0.1045998953125 0.579325821875 0.09760635937499999 0.5691044015625 0.092647859375 0.5143773796875 0.1261396765625
8 0.46641457031250005 0.5519745375 0.4487371953125 0.5450001656250001 0.40090383437500005 0.5370060078125001 0.3902168328125 0.5542367234375 0.37694045625 0.5894242328125 0.42804755156249996 0.6142167359374999 0.4300606203125 0.6207970609375 0.3945130921875 0.71562801875 0.3906630515625 0.7233667921875 0.38415826875 0.7258150328124999 0.332298771875 0.704660225 0.32878090625 0.7053552937500001 0.3090991328125 0.7470419453125 0.31047052656249996 0.75491206875 0.32590204218749996 0.7664007234375 0.3338662625 0.782272315625 0.32219406875 0.8142353359375001 0.3438548890625 0.7983254234375 0.3639768921875 0.8088873234375 0.371398825 0.8300996140624999 0.3609986375 0.8658818515625001 0.3692950359375 0.8747097374999999 0.40240392500000005 0.893172765625 0.4117848984375 0.8913192515624999 0.44025133437499997 0.8234736546875 0.44441087343749996 0.821488790625 0.45985372812499997 0.826578640625 0.4658275640625 0.8230722937499999 0.51318935 0.7363741562499999 0.5209774796875 0.7313463234375 0.5589923156250001 0.6273052796874999 0.5581518703125 0.6204932671875001 0.5530411609375 0.618014015625 0.5515590453125 0.612491796875 0.5537168546875 0.5975278015625001 0.54347275625 0.6053669140625 0.5239810874999999 0.599914025 0.522189471875 0.588637896875 0.5276550390625 0.5712758328125 0.4980526765625 0.558516540625 0.46641457031250005 0.5519745375
8 0.6012340875 0.24272470625000003 0.50900585 0.2708329671875 0.457859384375 0.3885171984375 0.4609456859375 0.3908149296875 0.49473026875 0.3887917453125 0.521126934375 0.34635985156250004 0.5413936828125 0.3353774328125 0.5454198156250001 0.3485380828125 0.52871361875 0.3948703703125 0.5430605578125001 0.417040428125 0.5441111125 0.4255554453125 0.5278251390625 0.475293740625 0.502257575 0.5309364546875 0.5067266125 0.5347054984375 0.5738188515625 0.5592471531250001 0.579892071875 0.559791709375 0.5855564109375 0.5505314546875 0.5960786609375 0.5060025109375 0.566090096875 0.47064079531249997 0.643303728125 0.2559282140625 0.641091890625 0.241246078125 0.6359925203125 0.232368021875 0.6325853796875001 0.23071518906250002 0.6114781875 0.23488559375 0.6012340875 0.24272470625000003
0 0.5200650390625 0.34424364218750003 0.5084041874999999 0.36980785625 0.492595134375 0.39095812812499997 0.45230577031249997 0.395429553125 0.4375812953125 0.405898425 0.3996998671875 0.49479395625 0.4046885109375 0.5060199140625 0.43131529375 0.514133571875 0.46165871562499994 0.52965396875 0.4804093265625 0.5323457515625 0.505576671875 0.522139578125 0.5262209546875 0.478518228125 0.5461468625 0.41933815937499996 0.5455165265625 0.41422914843749997 0.5315784703124999 0.4018639046875 0.5285035078125 0.39316736875 0.5396334125 0.366545046875 0.541050165625 0.34881994375 0.5543919078124999 0.33687975625 0.55088538125 0.3311760171875 0.5383073796875 0.3330797015625 0.5200650390625 0.34424364218750003
10 0.1681510859375 0.545777428125 0.0905165890625 0.516922171875 0.03276595625 0.633003740625 0.0368034296875 0.6397655859375 0.12520163125 0.66823864375 0.125068225 0.6833841578125 0.119411515625 0.6968797578125 0.06396996875 0.8098498421875 0.21939795156250003 0.885249328125 0.2962796734375 0.7047988859375 0.2955386140625 0.7020377765625 0.2844654109375 0.6966660671875 0.16284759375 0.65207788125 0.14566281718750002 0.6377373562499999 0.1544858328125 0.620002671875 0.1492870765625 0.6070737109375 0.159309725 0.603930403125 0.1666776328125 0.5954965624999999 0.18560700624999998 0.55744760625 0.1846558375 0.552983490625 0.1681510859375 0.545777428125
10 0.0323743109375 0.7945225078125 0.059434317187499995 0.80764955625 0.07149981250000001 0.7846832515625 0.06447542187500001 0.7796745796875 0.03137495 0.7699964109375 0.0323743109375 0.7945225078125
5 0.32134164374999996 0.5736602937499999 0.30114026250000003 0.607890040625 0.3329404453125 0.7033704281250001 0.3365576984375 0.7067262671875 0.3787634171875 0.6431441015625 0.35117679687500003 0.575324978125 0.337349465625 0.5606118328125 0.32134164374999996 0.5736602937499999
3 0.5630458375 0.26422616875 0.5699481625 0.277981546875 0.557690996875 0.27924033125 0.5534093921875 0.2899719015625 0.557126028125 0.29737864375 0.568829565625 0.3078593640625 0.585036159375 0.3029127109375 0.5992296859375 0.2913857328125 0.599894040625 0.27729832499999996 0.5973386875 0.2760587 0.5957345015625 0.279283190625 0.58253750625 0.26967905625 0.5873500593750001 0.260005590625 0.609408421875 0.2602993 0.5974834312499999 0.25451438125000003 0.58373280625 0.2566497546875 0.5708453078125 0.25279952968749997 0.5630458375 0.26422616875
1 0.497963990625 0.307904996875 0.49474428281250005 0.32075278125 0.49815142031250004 0.3224056140625 0.519480065625 0.31353940625 0.5269813765625 0.289960053125 0.5235742390625 0.28830721875 0.509923 0.2944935 0.497963990625 0.307904996875
12 0.4437532609375 0.17033205468749998 0.45024670312500004 0.17428262187500002 0.4555561828125 0.1848636796875 0.500047771875 0.21445232656250002 0.517404309375 0.222071596875 0.52478355625 0.20723895312499999 0.5231907109375 0.20406463437500003 0.471143784375 0.1684092109375 0.44941759843750007 0.16107180000000001 0.4437532609375 0.17033205468749998
8 0.3373181203125 0.5181680921875 0.3380591796875 0.5209292015625 0.3736240359375 0.5365809500000001 0.3800294328125 0.5300818046875 0.4386772125 0.3888182203125 0.43857782656250005 0.3847673140625 0.40333380781250006 0.3684706671875 0.3373181203125 0.5181680921875
8 0.2881867546875 0.34063065937500003 0.2238859765625 0.48475569375000005 0.2358223078125 0.48414180625 0.2455127796875 0.48804220000000004 0.2628806546875 0.4892626640625 0.26650924531250003 0.48621969531250003 0.3347594484375 0.33840679375 0.3354124625 0.33071819375 0.3277464 0.32699931718749997 0.31719280156249996 0.3290845203125 0.2881867546875 0.34063065937500003
8 0.2229234671875 0.4866903859375 0.21833236718750001 0.4916680484375 0.1700961125 0.590750590625 0.1700847703125 0.597149396875 0.17519548125 0.5996286468750001 0.1802068046875 0.5980569921875001 0.1835755921875 0.5912855687499999 0.19534016406250002 0.597392934375 0.1979722234375 0.6154810765625001 0.2549704578125 0.5030372015625 0.2535990640625 0.49516708437499996 0.24561216406250003 0.4920931046875 0.2229234671875 0.4866903859375
8 0.3321733890625 0.534885259375 0.29847418124999997 0.6089983140624999 0.32102080625 0.57430519375 0.332869090625 0.56324159375 0.3412875546875 0.5633227734374999 0.3529797515625 0.5802022984375 0.35788034999999996 0.5809785453125 0.372749571875 0.548965353125 0.35529365 0.5372951796875001 0.34452994375 0.5376773781249999 0.3377156640625 0.5343717109375 0.3321733890625 0.534885259375