4 0.7081841625 0.6210446515625 0.7077445453125 0.6125091796875 0.7037501921875 0.6035613671875 0.6958117125000001 0.5952165984375 0.69843284375 0.5431997109375 0.7234332734375 0.5183484140625 0.7235044703125 0.5068672765625 0.7115967515625 0.49435012812499995 0.69294798125 0.501024896875 0.6785573874999999 0.4917549375 0.6763927015625 0.505467871875 0.6555039046875 0.511529284375 0.6499059078125 0.5228996 0.65102799375 0.5361099921875 0.6425075031249999 0.5421920265625 0.641682640625 0.5604793765625 0.6466274249999999 0.5750169984375 0.658585371875 0.59708500625 0.690289059375 0.620913209375 0.694015446875 0.628946140625 0.704533115625 0.6273380125 0.7081841625 0.6210446515625
4 0.4256181484375 0.6575573734375 0.43348543125 0.6773832750000001 0.44049858906250006 0.6849136640625 0.448508265625 0.6817772953125 0.448432925 0.6674510015624999 0.44563185625 0.6602324484375 0.4256181484375 0.6575573734375
10 0.383803009375 0.58748248125 0.38144155625 0.5887993953125 0.38507163437499997 0.6035380328125 0.3973728859375 0.6408472171875 0.40937691562499995 0.6466586624999999 0.41463574843749995 0.6458546000000001 0.403381240625 0.6074295125 0.396878896875 0.5969534578125 0.383803009375 0.58748248125
10 0.452201253125 0.6334199390624999 0.45315168437500003 0.639009746875 0.46145858281249996 0.6673711171875001 0.47119747343749996 0.667793771875 0.464230396875 0.6440068140624999 0.45838540625 0.63343025 0.45456270468750004 0.6321030249999999 0.452201253125 0.6334199390624999
10 0.58927424375 0.6277554578125 0.594097603125 0.6442233515625 0.6004534078125 0.65185425 0.603325675 0.6475916703125 0.5956761312500001 0.6191297890625 0.5915854656249999 0.6168876796875 0.58927424375 0.6277554578125
10 0.47750304843749997 0.6658738093750001 0.4818867921875 0.6738062328125001 0.4874135921875 0.6739170515625 0.47779198437500003 0.6457566953125 0.470293121875 0.6459474000000001 0.47750304843749997 0.6658738093750001
10 0.5901451875 0.5932115421875 0.593143025 0.6128261171875 0.5964297968750001 0.6123235765625 0.5992769499999999 0.6032855671874999 0.5961576890625 0.5856012671874999 0.5920670234375 0.5833591578124999 0.592552725 0.5756380609375 0.5901451875 0.5932115421875
10 0.5966809359374999 0.6600778859374999 0.5873524078125001 0.63760784375 0.5839442109374999 0.64004065625 0.59207945625 0.6607814421875 0.5966809359374999 0.6600778859374999
10 0.4523268234375 0.65729709375 0.44172966718750006 0.6187715 0.4123664640625 0.6146583796875 0.42152748593749995 0.6553152625 0.4523268234375 0.65729709375
8 0.5406110281250001 0.48321514531250004 0.5498583484374999 0.488492228125 0.5544137453125 0.5040452390625 0.5642991734375 0.5073130515625001 0.5671714390625 0.5030504703124999 0.5662922046875 0.485979528125 0.5720116281250001 0.472678940625 0.5694702328125001 0.4147604109375 0.5663760843750001 0.4018515390625 0.56437890625 0.3973776328125 0.53255379375 0.37547970468749997 0.3455972234375 0.40310908593750006 0.34377170156250003 0.4062557671875 0.3464764609375 0.4201800265625 0.34426154531250003 0.4243420984375 0.3452370921875 0.434707334375 0.33859649687500004 0.4730009796875 0.3206511640625 0.463318675 0.2850996640625 0.433387815625 0.24960253593749998 0.43881524531249994 0.2481915140625 0.44572196562500005 0.25350057656249997 0.454468765625 0.303199825 0.49753013125 0.323531721875 0.5106709515625 0.4790818265625 0.49071111093750003 0.49001399843750004 0.49286302343750005 0.5406110281250001 0.48321514531250004
12 0.5493182765625 0.4608550359375 0.5464460078125 0.465117615625 0.5567500828124999 0.49795289374999996 0.5648602171875 0.513918246875 0.5707764046875 0.5130136750000001 0.5700437078125 0.49878789062499995 0.557474490625 0.460563821875 0.5493182765625 0.4608550359375
8 0.34104986875 0.5892400671875 0.3653258921875 0.601777840625 0.377669084375 0.59702303125 0.3756216796875 0.5829982625000001 0.3825594984375 0.5762023609375 0.40690671875 0.577258996875 0.3944379578125 0.5581366515624999 0.352116146875 0.516814853125 0.3261611390625 0.5102689203125 0.290659865625 0.4898889203125 0.28727678125 0.4970971640625 0.2435417546875 0.52481294375 0.23269541093749999 0.5264713249999999 0.23573933125000002 0.5298293328125 0.26661401093750003 0.5461374546875 0.2993895578125 0.573625190625 0.3135121875 0.5819802671875001 0.326441534375 0.5886060843750001 0.34104986875 0.5892400671875
0 0.6439143781250001 0.5094778796874999 0.62543311875 0.49796581093750003 0.6160124234375 0.5080089 0.6019651328125 0.5139801140625 0.5793471234375 0.516482503125 0.5757211890625 0.5275512953125 0.5851209171875 0.538540203125 0.6162133328125 0.5462123453125 0.6360553859375 0.5412668328125 0.6436505578125 0.534370425 0.6468871015625 0.524317021875 0.6439143781250001 0.5094778796874999
1 0.5825334390625 0.49687824062499997 0.59896729375 0.49436554062500004 0.5990636078125 0.4876598375 0.596677040625 0.4842013203125 0.57985379375 0.4877294109375 0.5825334390625 0.49687824062499997