10 0.5458201859375 0.4814337046875 0.5442604 0.4881741703125 0.55315144375 0.5408243374999999 0.5584687109375001 0.5623703515625 0.5626871328124999 0.5664028937500001 0.668269978125 0.5416155812500001 0.6704897453124999 0.5384992984375 0.65175173125 0.4547347640625 0.5534694625000001 0.477521125 0.5458201859375 0.4814337046875
10 0.39106908281249997 0.60738669375 0.428745653125 0.6000005265625 0.43470756250000003 0.594474928125 0.420810534375 0.5258145578125 0.41578584375 0.51352806875 0.3384340515625 0.521151578125 0.3243465859375 0.5241479015625 0.315156228125 0.5310772296875 0.32723830625 0.5897711046875 0.33527032968750003 0.6109189703125 0.3584920296875 0.6121644749999999 0.39106908281249997 0.60738669375
10 0.0854014296875 0.5684942484375 0.121711271875 0.563169015625 0.12615080625 0.556936446875 0.11989968749999999 0.5187830046874999 0.11518628125000001 0.512032328125 0.0765337359375 0.5197987515625 0.0854014296875 0.5684942484375
10 0.26449440625 0.52455368125 0.3153960515625 0.5170884015625 0.32069797968749997 0.5079386218749999 0.31290578125 0.472801928125 0.2693047171875 0.47826625468749995 0.2538598734375 0.48146165312500006 0.2511264125 0.48558352187500003 0.254077621875 0.5056160546874999 0.26449440625 0.52455368125
10 0.52958778125 0.47265143906249996 0.55554294375 0.469775075 0.5577627109375001 0.46665879062500004 0.558534934375 0.4479406609375 0.55507003125 0.428913709375 0.5516952953125001 0.4256876765625 0.5184395546875 0.43056499375 0.4955104296875 0.4385790171875 0.5024215296875 0.4803566390625 0.5056312703125 0.482676628125 0.51988373125 0.48058635 0.52958778125 0.47265143906249996
5 0.5826957234375 0.5997479218749999 0.6741723953125 0.5816806515625 0.6728524328125001 0.574432290625 0.6627469328125 0.5610304703125 0.5768647640625 0.5792074890625 0.578331015625 0.5910856171875001 0.5826957234375 0.5997479218749999
5 0.4481096046875 0.6604171671875 0.47920169687499997 0.6474849781249999 0.47187044062499994 0.5880943453125 0.44840891562499996 0.60083766875 0.445450971875 0.649644159375 0.4481096046875 0.6604171671875
8 0.9843143828124999 0.539915928125 0.87868215 0.50703536875 0.840859290625 0.5097917734374999 0.6400389265624999 0.558779384375 0.6361130828125 0.5640063734375 0.66494799375 0.56163790625 0.6711837734375 0.5690955546875001 0.675181078125 0.5833932046875 0.6264617859375 0.5951896390625 0.5762388281249999 0.602555384375 0.567048471875 0.6094847109375 0.5101849171875 0.6224755875 0.5047367031250001 0.6269956046875 0.5012310171875 0.6498356000000001 0.506566990625 0.667657896875 0.5153712359375 0.670087634375 0.5316597625 0.66769874375 0.977122678125 0.5539940796875 0.9937786078125 0.54596984375 0.9843143828124999 0.539915928125
8 0.492059365625 0.653041209375 0.484282509375 0.6486003078125 0.39808905625 0.6612415171875 0.390825890625 0.655795034375 0.374207375 0.6563718328125 0.32176464843749997 0.6668538609375 0.3061361046875 0.6728669328125 0.30033919062500003 0.679298575 0.28489434999999996 0.6824939734375 0.2662771796875 0.6759219484375001 0.2364335890625 0.6765778609375 0.2270782359375 0.6826011421875 0.224802346875 0.696888584375 0.195581321875 0.708616115625 0.161845934375 0.7414710890625 0.1526181640625 0.7558478531249999 0.1685392859375 0.759094309375 0.2376192359375 0.7443117640625 0.48582022187499996 0.6800030734375 0.4936532015625 0.6732728203125 0.492059365625 0.653041209375
8 0.80845396875 0.446636575 0.7933952390625 0.44047290781250004 0.7461983203125 0.4529763125 0.747150878125 0.46586002187500003 0.7577887796875 0.4745325375 0.855790440625 0.50760195625 0.8756374062500001 0.505621428125 0.890366146875 0.509973003125 0.9097181234375 0.5052743359375 0.9392691390625 0.495358896875 0.950862965625 0.4824956109375 0.944957178125 0.4768500515625 0.9014683546875 0.45997207187500005 0.824393796875 0.4461593125 0.80845396875 0.446636575
0 0.4434470828125 0.5085410031250001 0.44953657343750003 0.5113688875 0.484663384375 0.5052869171875 0.4893053296875 0.49251295468749995 0.48306955 0.48505530625000004 0.4686708015625 0.48251582031250007 0.44150455 0.49022102187499994 0.4407697421875 0.5014917140625 0.4434470828125 0.5085410031250001
0 0.7281322578125 0.4379512671875 0.7145584859375 0.439942009375 0.6834476859375 0.456597915625 0.6868037140625 0.463547665625 0.742418765625 0.4628330625 0.7473532875 0.45931862968750004 0.7431909890624999 0.44411493281250003 0.7281322578125 0.4379512671875
5 0.1089149578125 0.6803959546875 0.10620889687499999 0.6827550625 0.10980234062500001 0.7024878734375 0.178010246875 0.696309203125 0.197932040625 0.6794337984375 0.20374766093750002 0.6692784406250001 0.1791685828125 0.6682320093749999 0.1089149578125 0.6803959546875