8 0.1871627234375 0.6083611062500001 0.21332679687499997 0.6836393593750001 0.22651208281250002 0.74620381875 0.18855228125 0.8126965734375 0.16412964375 0.8641213109375 0.1578075953125 0.8693182703125 0.1295382015625 0.8784242843750001 0.1277847578125 0.8851760687500001 0.12934204062500002 0.894002790625 0.140300659375 0.9015251187500001 0.1759211140625 0.9048769625 0.2187592703125 0.9147150406250001 0.2754340015625 0.91883193125 0.3819985375 0.9358979296875001 0.4564168171875 0.9387049281250001 0.46157907500000006 0.9262388250000001 0.4647134109375 0.8595093765625 0.5176514796875 0.6800635171875 0.51026255625 0.6374874875 0.5100259453125 0.6065905296875 0.49210083437499996 0.5063814468750001 0.4831950734375 0.5014541625 0.46147916718750004 0.5035455890625 0.37051240937499996 0.5230785 0.3511134953125 0.5233509234375 0.3214201796875 0.5296018375 0.2561416859375 0.5462617875 0.23181195781250002 0.55718268125 0.2069539578125 0.5769316734375 0.19795270468749998 0.596150934375 0.19143190937500001 0.6005691046875 0.1871627234375 0.6083611062500001
5 0 0.78269655 0.0033303874999999995 0.7816618640625 0.0543395328125 0.755404653125 0.0650968203125 0.745790896875 0.1141537703125 0.7255066828125 0.103356034375 0.688644971875 0.09984655625 0.6857912484375001 0.08286530625 0.69281270625 0.0261957421875 0.72141040625 0 0.770063178125 0 0.78269655
5 0.2521168671875 0.6340226296875 0.2556590359375 0.6342799359375 0.338313690625 0.595798809375 0.3417225015625 0.5900844921874999 0.3398658046875 0.5719109421875 0.33638902187499997 0.5664608 0.331787728125 0.567502390625 0.2608840953125 0.6002637046875 0.25538973125000003 0.6059793953125 0.25247908125 0.6218193296875001 0.2513218765625 0.6309074796874999 0.2521168671875 0.6340226296875
10 0 0.5871575328125 0.0070755640625 0.6001713015625 0.020849337500000002 0.6160002421875 0.0239965984375 0.6310572671875 0.030321231250000004 0.6422176015625001 0.041775425 0.6435082546875 0.053232203125 0.6611562 0.135843478125 0.6261368765624999 0.14353475 0.628122465625 0.14701153281249998 0.63357260625 0.1629009671875 0.6304464609375 0.1639248125 0.6153866890625 0.20526848593749997 0.5948479171875001 0.2076181734375 0.5904324953125 0.1604953203125 0.49024265 0.157184590625 0.48816771562500005 0 0.5563755921875 0 0.5871575328125
10 0 0.563096575 0.007312478125000001 0.5544421171875 0.10369239999999999 0.5128687249999999 0.1203088515625 0.5016932734374999 0.09325429375 0.44744641874999996 0.0786855296875 0.4285023265625 0 0.46404549062499995 0 0.563096575
1 0.346908025 0.7248340390625 0.34704138281249997 0.7308056625 0.366807684375 0.7510445265625 0.4023876890625 0.7079209046875 0.3803043953125 0.6895010453125 0.37358485625000004 0.6931404265625 0.346908025 0.7248340390625
1 0.4127672484375 0.6123666875 0.41495346875 0.6209333546875 0.43266690625 0.6385771765625 0.456729915625 0.6157130343749999 0.449147415625 0.60507280625 0.4359371875 0.594176646875 0.4127672484375 0.6123666875
1 0.3486760671875 0.6009847749999999 0.31517903125 0.6277497249999999 0.322099903125 0.6412464265625 0.3308069171875 0.645394925 0.3605303421875 0.6201902953125 0.3486760671875 0.6009847749999999
1 0.4165658 0.5591380609375001 0.3854838359375 0.5762947578125 0.387868803125 0.5856402109375 0.3954839984375 0.5936840218749999 0.42573827968750005 0.5760085921875 0.4165658 0.5591380609375001
12 0.37358652812500004 0.494256475 0.3624945484375 0.480762525 0.3555762609375 0.48362311875 0.354122228125 0.499721734375 0.3686961609375 0.551380415625 0.37531762031250004 0.555530284375 0.3822359078125 0.5526696906249999 0.38604221562499996 0.54851295 0.386967978125 0.5412424296875 0.37358652812500004 0.494256475
4 0.5287545609375 0.34486145156250003 0.5342162312500001 0.3417421765625 0.53428161875 0.33654934375 0.5579824109375 0.32588849999999997 0.5615899703125 0.320952971875 0.5516878875 0.295774453125 0.5477456390625 0.2776022765625 0.549730525 0.2690328609375 0.558767059375 0.26357447343749996 0.5580374578125 0.2552664875 0.5268849375 0.2449014296875 0.5213527109375 0.2204989515625 0.512150121875 0.2225821296875 0.5091714984375 0.22725760625000002 0.51119425 0.24880636250000002 0.50126464375 0.2589388515625 0.49554142656250005 0.282829465625 0.49666852031250003 0.2926950296875 0.50285979375 0.29788374375000004 0.508789515625 0.3238437984375 0.5287545609375 0.34486145156250003
10 0.6851073203125 0.1510672703125 0.6549184265625 0.1635498640625 0.6545889078125 0.1731567484375 0.6553864796875 0.19262919218750002 0.66180919375 0.19600027656250002 0.672699840625 0.192358146875 0.6816055999999999 0.19728543125 0.70653156875 0.1887009 0.73066255 0.17700121562499999 0.73191525 0.14376651875 0.72923345625 0.1414315296875 0.7062420984375 0.15093806406250002 0.6978847734375 0.146644978125 0.6851073203125 0.1510672703125
10 0.746944309375 0.1427180578125 0.745789690625 0.16816350156249998 0.7824339890625 0.1564555734375 0.7867358703125 0.1460671515625 0.7932566624999999 0.141648984375 0.7974226 0.10893164687500001 0.7517417640625 0.1260979609375 0.7481342078125001 0.1310334890625 0.746944309375 0.1427180578125
10 0.56203475625 0.20281665000000001 0.5654814296875 0.2272205015625 0.5721902812499999 0.22444650625 0.5800803 0.22721088437499998 0.596233871875 0.21967069062500003 0.59964268125 0.21395637343749999 0.597486571875 0.1864359953125 0.5626963828125 0.1999601765625 0.56203475625 0.20281665000000001