4 0.39135456875 0.10468911249999999 0.366498703125 0.08355782187500001 0.3489703 0.0316211890625 0.3480086046875 0.017817264062499998 0.18283335625 0.07490885625 0.2934520203125 0.11098068125 0.3164251640625 0.13493754062500002 0.33293688593750004 0.1596778640625 0.34054742031249996 0.1621219171875 0.3474065984375 0.15975109375000002 0.3510305125 0.137475259375 0.346328025 0.12967641875 0.3667817703125 0.116807215625 0.38191455625000004 0.13767451718749998 0.3920972828125 0.1392295140625 0.398646996875 0.12246685625 0.39135456875 0.10468911249999999
4 0.1656103296875 0.080861865625 0.0759870734375 0.1118394765625 0.08453839375 0.1164956453125 0.0735779109375 0.12898333281250002 0.0631212171875 0.13477243125 0.051595049999999996 0.15108034374999998 0.05290344375 0.181800521875 0.0621227390625 0.1887630984375 0.079748075 0.1949950125 0.0889496203125 0.19108962812500002 0.1529358328125 0.1138778375 0.17481265625 0.0968920578125 0.17834828281249998 0.090595415625 0.1656103296875 0.080861865625
4 0.25936001875 0.2126568734375 0.1748217609375 0.137485546875 0.16068790625 0.1329465890625 0.12073520625 0.1830029359375 0.1163421828125 0.1895959328125 0.1177211171875 0.193468953125 0.223163665625 0.21646859687500003 0.2584584796875 0.220942825 0.262515640625 0.21881555625 0.25936001875 0.2126568734375
4 0.696898759375 0.22453635312500003 0.7120401921874999 0.21567812968750003 0.71534599375 0.20873598593749998 0.711041259375 0.1993497859375 0.7011502468749999 0.2013186625 0.694123140625 0.20592234843749999 0.6915686984375 0.2176793703125 0.662540984375 0.23351210312499998 0.6599246484375 0.24239075781250002 0.6621609796875 0.24596742656249998 0.6863360296875001 0.23543668125 0.696898759375 0.22453635312500003
4 0.5889636640625 0.2161721015625 0.576438565625 0.21615166718749998 0.5614473156249999 0.2119090609375 0.56788234375 0.229983159375 0.5893172703125 0.2225743359375 0.5889636640625 0.2161721015625
8 0.607952915625 0.6373231500000001 0.6066445203125 0.606602971875 0.61246926875 0.5661678765625 0.6096758999999999 0.53668590625 0.6022774375 0.5240193921875 0.531643209375 0.4527415171875 0.4355874296875 0.3641525765625 0.4223109734375 0.3593172671875 0.41296789531250006 0.34659795312499997 0.39496255625 0.35282136406250003 0.38026302031250003 0.35210263125 0.3369863125 0.327914146875 0.3300652421875 0.3274066046875 0.32172109375 0.3310156359375 0.30414900624999996 0.357387615625 0.281538571875 0.3804264796875 0.2647442375 0.3927557765625 0.2574431640625 0.40470355468749997 0.24533356718750002 0.41396372656249997 0.23700716875 0.4284407234375 0.2291226640625 0.43334076250000003 0.2097119953125 0.4545487140625 0.20458536249999998 0.46719479374999995 0.2102071375 0.477575646875 0.22601164062499998 0.48951149687499995 0.406790903125 0.5915878515624999 0.5211523812500001 0.647751728125 0.5730208109375 0.6798446484375 0.591105790625 0.6873675671874999 0.602879528125 0.6825731234375 0.607952915625 0.6373231500000001
0 0.4235743140625 0.257389015625 0.40563951718749997 0.23676526718750002 0.3655625734375 0.21074586874999998 0.33867379999999997 0.205540975 0.3286148578125 0.20974271249999998 0.304917203125 0.232432428125 0.305500634375 0.23948016875000003 0.29336464218749997 0.26759790156249996 0.2620919484375 0.3095794921875 0.25483501875000003 0.3135376734375 0.2637184546875 0.32496597656250004 0.2799029625 0.324446503125 0.31037150625 0.31536515781249996 0.326282046875 0.32218977656250003 0.33012713437499996 0.33028497031250004 0.38187177656250004 0.35662115625 0.3994793625 0.3519851046875 0.4077616203125 0.34549770468749996 0.4112531 0.347190659375 0.40767332968750003 0.36147689843749997 0.4104312 0.369222940625 0.43456210625 0.36668179218749997 0.41746695312500004 0.3348937296875 0.42573146250000005 0.3175383671875 0.42869230312499995 0.27446845937500003 0.4235743140625 0.257389015625
0 0.5142099234375 0.0738241140625 0.49235039374999995 0.03135884375 0.4830073140625 0.0186395296875 0.47276269375 0.014206170312499999 0.46743263281249997 0.0073491875 0.4615987828125 0.0071907937500000005 0.45206137812499997 0.015561906249999998 0.4511598375 0.02384785625 0.45938930312500004 0.055075578125 0.480541615625 0.0847363734375 0.4963283703125 0.08580425781249999 0.507244709375 0.08130616874999999 0.5142099234375 0.0738241140625
8 0.671523175 0.4805117421875 0.6658126546875 0.4157910703125 0.6690565640624999 0.4059705578125 0.6618260296875 0.3910711796875 0.6419821125 0.3921305640625 0.631781634375 0.379707603125 0.62515228125 0.3827239296875 0.6225095515625 0.41046014687500004 0.6097901296875 0.43153013749999997 0.6099230171875 0.4778803609375 0.6046198046875 0.5224848296875 0.6167826484375001 0.5458285484375 0.661164325 0.5812341484375 0.6704277624999999 0.5802071296875 0.671523175 0.4805117421875
1 0.3218439703125 0.1961343421875 0.3209246796875 0.1935523296875 0.2920557921875 0.166558709375 0.2873091609375 0.1667494671875 0.275261459375 0.1788880046875 0.27664039375 0.1827610234375 0.306994253125 0.20851643593750002 0.3132258546875 0.20708746875 0.3218439703125 0.1961343421875
12 0.69020023125 0.465356878125 0.6723009296875 0.46646905937499994 0.6485236343749999 0.47541244374999997 0.6460133359375 0.47917986875 0.6473922703125 0.48305289062499995 0.6540835171875 0.48291493125 0.6873540734375 0.47359003125 0.6918089875 0.469875403125 0.69020023125 0.465356878125
10 0.7157624046875 0.35865461718749997 0.7157005125 0.35577625 0.7076831234375 0.3143260671875 0.6525357421875 0.3406367453125 0.64889408125 0.3520446171875 0.652571240625 0.362372671875 0.6526067375 0.38410859999999997 0.7099904484375 0.361374590625 0.7157624046875 0.35865461718749997
10 0.70998999375 0.291055578125 0.694697925 0.2426956125 0.647664871875 0.26475175625 0.6590677078125 0.31300612499999997 0.70530525625 0.29412470156250003 0.70998999375 0.291055578125
10 0.6939110671875001 0.21614480781249998 0.6910735578125 0.19465243593749998 0.6607287984375 0.2094905140625 0.656839565625 0.20938491718750002 0.65546063125 0.2055118984375 0.6515891468749999 0.21627426718749998 0.6526499703125 0.23548097812500002 0.6648833515625 0.2319775390625 0.6939110671875001 0.21614480781249998
10 0.6869808953125001 0.17504377499999998 0.6831799515625 0.1589589859375 0.6576437171875 0.176484675 0.6403278453125 0.18464459375 0.6428558921875 0.1917451328125 0.652932584375 0.198411359375 0.674243725 0.185245803125 0.6869808953125001 0.17504377499999998