10 0.58375 0.585 0.5599999999999999 0.5841666671875 0.55 0.5775 0.555625 0.5708333328124999 0.585 0.5691666671875 0.595625 0.5666666671875 0.598125 0.5633333328125001 0.598125 0.47750000000000004 0.585 0.475 0.48312499999999997 0.48250000000000004 0.480625 0.48666666718749996 0.480625 0.5658333328125 0.485 0.5725 0.503125 0.5741666671875 0.506875 0.585 0.500625 0.5900000000000001 0.5 0.6 0.5756249999999999 0.6 0.5818749999999999 0.5974999999999999 0.579375 0.5925 0.58375 0.585
10 0.354375 0.4966666671875 0.3525 0.49416666718749996 0.265 0.4891666671875 0.265 0.5033333328125 0.270625 0.5275000000000001 0.27125 0.5483333328125 0.275625 0.5708333328124999 0.2975 0.5783333328125 0.34875 0.5875 0.36062500000000003 0.5866666671874999 0.36124999999999996 0.5716666671875 0.355 0.5258333328125 0.354375 0.4966666671875
10 0 0.5841666671875 0.0925 0.5833333328125 0.094375 0.5758333328125 0.08375 0.5216666671875 0.076875 0.49916666718749997 0.06875 0.4966666671875 0 0.49833333281250003 0 0.5841666671875
10 0.125 0.49583333281249997 0.1375 0.49583333281249997 0.144375 0.4925 0.14375 0.45083333281250004 0.08625000000000001 0.4525 0.088125 0.485 0.09125 0.4925 0.125 0.49583333281249997
10 0.25375000000000003 0.47416666718749995 0.25875 0.48333333281249996 0.3075 0.48333333281249996 0.308125 0.45999999999999996 0.305 0.445 0.258125 0.4441666671875 0.25125000000000003 0.44666666718750003 0.250625 0.4575 0.25375000000000003 0.47416666718749995
10 0.520625 0.4691666671875 0.529375 0.4641666671875 0.5287499999999999 0.4425 0.52625 0.4375 0.47625 0.43833333281250003 0.475 0.4641666671875 0.47874999999999995 0.4691666671875 0.520625 0.4691666671875
4 0.605 0.4166666671875 0.59875 0.4375 0.5862499999999999 0.4425 0.578125 0.45083333281250004 0.564375 0.4516666671875 0.568125 0.45999999999999996 0.564375 0.475 0.59875 0.4733333328125 0.60875 0.46666666718750005 0.63375 0.4591666671875 0.6331249999999999 0.4516666671875 0.621875 0.445 0.620625 0.42083333281249996 0.61375 0.41333333281250006 0.605 0.4166666671875
5 0.5 0.605 0.58375 0.6058333328125001 0.590625 0.6025 0.58875 0.5858333328125 0.585 0.5833333328125 0.500625 0.5816666671874999 0.49812500000000004 0.585 0.495 0.6016666671875 0.5 0.605
5 0.065625 0.6091666671875 0.1275 0.6158333328125 0.1525 0.6033333328125 0.15687500000000001 0.5974999999999999 0.134375 0.5900000000000001 0.084375 0.5891666671875 0.06375 0.6 0.063125 0.6066666671875 0.065625 0.6091666671875
5 0.40875000000000006 0.5700000000000001 0.3975 0.5700000000000001 0.39437500000000003 0.5741666671875 0.37625000000000003 0.5808333328125 0.35375 0.625 0.354375 0.6341666671875 0.3875 0.6275000000000001 0.40875000000000006 0.5700000000000001
8 0.40875000000000006 0.7758333328125 0.40875000000000006 0.725 0.40437500000000004 0.6716666671875 0.40437500000000004 0.6658333328125 0.40812499999999996 0.6616666671875 0.503125 0.655 0.7025 0.6483333328125 0.7150000000000001 0.6466666671875 0.721875 0.6391666671875 0.7275 0.6458333328125 0.753125 0.6475 0.9275 0.6408333328125 0.945625 0.6358333328125 0.8256249999999999 0.5691666671875 0.780625 0.5666666671875 0.7731250000000001 0.5683333328125 0.7731250000000001 0.5758333328125 0.764375 0.5816666671874999 0.76125 0.5816666671874999 0.7537499999999999 0.5716666671875 0.7462500000000001 0.5700000000000001 0.68125 0.5708333328124999 0.671875 0.575 0.59875 0.5741666671875 0.5662499999999999 0.5783333328125 0.5706249999999999 0.5816666671874999 0.5818749999999999 0.5816666671874999 0.586875 0.5866666671874999 0.589375 0.5925 0.586875 0.6066666671875 0.428125 0.6091666671875 0.41312499999999996 0.6141666671875 0.403125 0.6341666671875 0.39437500000000003 0.6316666671875 0.356875 0.6325000000000001 0.34875 0.62 0.35 0.6108333328125 0.35750000000000004 0.6 0.35750000000000004 0.595 0.354375 0.5933333328125 0.35 0.595 0.344375 0.6041666671875 0.330625 0.605 0.3125 0.5933333328125 0.311875 0.5883333328125 0.3 0.585 0.205625 0.5883333328125 0.18687499999999999 0.5941666671875 0.16999999999999998 0.605 0.1625 0.6233333328125 0.138125 0.6291666671875 0.08875 0.6625 0.08499999999999999 0.6666666671875 0.16999999999999998 0.6683333328125001 0.37875000000000003 0.6566666671875 0.38375 0.6716666671875 0.383125 0.6875 0.38625 0.6983333328125 0.38625 0.7675 0.39375 0.8525 0.41875 0.8525 0.40875000000000006 0.7758333328125
12 0.7550418750000001 0.5597091671875 0.7520043750000001 0.6028749999999999 0.769214375 0.6051233328125 0.77326375 0.5592591671875 0.769551875 0.5430716671875 0.7617906249999999 0.5428425 0.761115625 0.5502666671875 0.7550418750000001 0.5597091671875