4 0.21619109218750002 0.6396675546874999 0.2500965703125 0.6377131328125001 0.2621998203125 0.6289288578125001 0.2636552578125 0.6260274578125 0.2559139390625 0.612477640625 0.2471769359375 0.6162561640625001 0.2453554484375 0.613067971875 0.23124768750000002 0.6156192593750001 0.22177420468750003 0.5935887078125 0.238609815625 0.5821898203125 0.22813626875 0.5638577171875 0.2131646140625 0.56898358125 0.184766065625 0.571041359375 0.14908157187499999 0.5603463734374999 0.10734107343749999 0.5404136359375 0.0749203609375 0.48911577656249994 0.073268759375 0.448082721875 0.0598843359375 0.435553421875 0.0535322515625 0.4359852046875 0.07388268125 0.6017261484375 0.191352375 0.8073361640625001 0.1927604921875 0.805714159375 0.21013641718749998 0.7761898890625 0.21026821093749998 0.761436128125 0.1931471125 0.7341931046875 0.16774438125 0.711525646875 0.1494914234375 0.7027348328125 0.15035093593749999 0.686530371875 0.1662289515625 0.6693687171875 0.21619109218750002 0.6396675546874999
8 0.6958243203125 0.4575145640625 0.7730224875 0.3487986234375 0.7651449953125 0.3363726828125 0.7451174015625 0.3285623484375 0.68622209375 0.31810757500000003 0.6560445296874999 0.3075159453125 0.6283268484375 0.3039543546875 0.6020177546875 0.2933226890625 0.5629201640625 0.2834647859375 0.3460428765625 0.237603675 0.3324373375 0.24512068125000003 0.3285732484375 0.258790603125 0.33004620625 0.3104087484375 0.3272334140625 0.3381787796875 0.3367200390625 0.4010989921875 0.3328603296875 0.4283988015625 0.338141765625 0.43491857968750003 0.3495216765625 0.44121489062499997 0.388891615625 0.44882504531249995 0.39699460468750003 0.45483456718750004 0.40555734218749995 0.4752710234375 0.4126134140625 0.48081032500000004 0.4335473703125 0.47658486875 0.45917121562499996 0.4792060171875 0.6749840640625 0.470077359375 0.6958243203125 0.4575145640625
0 0.279284546875 0.40137270625 0.27033956875 0.46608719218749994 0.2621091671875 0.4884613203125 0.26002409375 0.5147806515625 0.2640331171875 0.527246625 0.2718637578125 0.5355038953125 0.29594284375 0.5463189921875 0.334402040625 0.552335053125 0.3601152078125 0.54966365625 0.3775423640625 0.53793794375 0.4003783703125 0.504348359375 0.407970375 0.4781323890625 0.407102103125 0.467077078125 0.40099924531250003 0.4536706578125 0.3900278546875 0.4440027234375 0.31633953593749997 0.42808872343750004 0.301180478125 0.416539903125 0.29703528125 0.4051978 0.279284546875 0.40137270625
8 0.7565411156249999 0.4711575265625 0.7548558015625 0.466845459375 0.741973603125 0.4592818796875 0.7271293625 0.4360240953125 0.720439340625 0.43657438906249996 0.7116130140625 0.44564545312500004 0.7121620875 0.45477984375 0.660833834375 0.4820898640625 0.6258052546874999 0.52975626875 0.6119786031250001 0.5573195796875 0.6101614953125 0.567761275 0.5921896453125 0.583982484375 0.5897809953125 0.5947510078125 0.6001139890625 0.600577096875 0.6112640234375 0.5996599406249999 0.6356154578125001 0.6082272875 0.6564557125 0.5956644921875001 0.6628221546875 0.5795633875 0.6698738453125 0.571472803125 0.6831601875 0.5620348734375 0.6929865765625001 0.5492653578125 0.71987845625 0.5323104234375 0.7304281859375 0.50446031875 0.7520386296875 0.480985603125 0.7565411156249999 0.4711575265625
10 0.581869790625 0.61904605625 0.5880619703125001 0.6271599296875 0.5926625390625 0.63929908125 0.5897516640625 0.645101884375 0.6144822875 0.7006484828125 0.64928975 0.6730283874999999 0.632211121875 0.6363241453125 0.6188223171875 0.6101649578125 0.6024889296875 0.6265295625 0.587193696875 0.61610461875 0.581869790625 0.61904605625
10 0.535563765625 0.6960132625 0.558881421875 0.74500005 0.6010173015625 0.720671503125 0.5996043359375001 0.7141116890625 0.5758781578125001 0.6684965265625 0.55785945625 0.680549065625 0.5513056078125 0.679975484375 0.5458879999999999 0.6745795796875 0.5466435234375 0.6888431015625 0.535563765625 0.6960132625
10 0.5397264828125 0.7618749109375 0.5236479203125 0.7214722250000001 0.5104509015625001 0.7256176078125 0.5063994078125 0.7226128468749999 0.5091316375 0.727395134375 0.5080891015625 0.7405547984374999 0.5233930953125 0.77823951875 0.5390456140625 0.767494284375 0.5397264828125 0.7618749109375
10 0.502361053125 0.7604977453124999 0.4983988828125 0.752200440625 0.4897980515625 0.7548550875 0.486291253125 0.747354828125 0.4793288859375 0.7501528703125 0.48693402812500003 0.7648265609375 0.495956521875 0.7996899515625 0.5085151421874999 0.791702721875 0.502361053125 0.7604977453124999
0 0.2598643015625 0.725645371875 0.2339300171875 0.7483630734375 0.23621125625 0.7659781984375 0.264792828125 0.7669652171875 0.31043550625 0.750136928125 0.32090467500000003 0.75483914375 0.3162104046875 0.7343626515625 0.308605259375 0.7196889625 0.29913615781249997 0.7112882984375 0.2870329078125 0.720072575 0.2598643015625 0.725645371875
12 0.7051454390624999 0.5719095265624999 0.702366359375 0.5629585671874999 0.68237685625 0.5320571296875001 0.6724567609375 0.536489303125 0.690807803125 0.5672473453125 0.7013238234375 0.5761182328125 0.7051454390624999 0.5719095265624999
4 0.5296102234375 0.7223726312500001 0.5282016359374999 0.7294427031249999 0.5372665984375 0.7548448796875 0.5339047328125 0.7734805171875 0.538049928125 0.7848226203124999 0.5436037109375 0.78909465 0.5505660796875 0.7862966078125 0.553749303125 0.7782460578125 0.5468718765625 0.7621216703125 0.546365271875 0.7435260625 0.535844871875 0.7210252890625 0.5296102234375 0.7223726312500001