8 0.3361975359375 0.3738488328125 0.35968262968750003 0.3804386125 0.3690948328125 0.3885733359375 0.3800611359375 0.42361595156250004 0.3907017859375 0.4320026484375 0.40728585468749995 0.43540430781249995 0.422496915625 0.43675173593750005 0.4308972328125 0.4322706453125 0.428602621875 0.41496020624999996 0.423670553125 0.40242660625 0.42435678593750004 0.3883864984375 0.43140183125 0.3632424265625 0.4395130359375 0.355156821875 0.4521226453125 0.3541980375 0.505560196875 0.365158940625 0.529388678125 0.37979589062499997 0.5540479453125 0.382194990625 0.5748053015625 0.39620200625 0.5841272234375 0.40697712187499996 0.5935571578125 0.3965030953125 0.600096528125 0.3801183453125 0.6080631796875 0.370230478125 0.6555933171875 0.379093371875 0.659838615625 0.3755326296875 0.6615727390624999 0.3670252859375 0.6444647265625 0.36085724375 0.5850837578125 0.3548813796875 0.5519156234375 0.3480780609375 0.5234624546875 0.3360377296875 0.46379237656249994 0.3264573484375 0.43624254375 0.318147521875 0.42562016406250003 0.321286525 0.3899408546875 0.30953660312500003 0.319034171875 0.3029692390625 0.2258165703125 0.285621415625 0.21533874375 0.29056267812500003 0.213460065625 0.2972677640625 0.21295439218749998 0.30602708437500004 0.22238486562499998 0.32568750625 0.2362411953125 0.33650639843749997 0.24744179531250002 0.34057643125000003 0.2539274265625 0.34988347656249996 0.25558954218749996 0.3555422265625 0.24998951093750002 0.3685744359375 0.2510374015625 0.3741072 0.2781175640625 0.3840932984375 0.2865361515625 0.3911379109375 0.30398701093749997 0.3752186734375 0.31276671718750004 0.3717017078125 0.3361975359375 0.3738488328125
0 0.5676334359374999 0.40093506874999996 0.5511396484375 0.3948930140625 0.5273294390625 0.391781765625 0.5116121640625 0.369059209375 0.4456552828125 0.3564166953125 0.4308778859375 0.3604760453125 0.422225003125 0.38440401875 0.4215210359375 0.417052875 0.429723059375 0.43646132499999996 0.43714803125 0.44241582656249995 0.48997135781249995 0.45325074218749994 0.5014427968749999 0.44939958906250005 0.5067177125 0.43984590937499995 0.5245479640624999 0.42489079687500003 0.5416377046874999 0.4195331359375 0.5576978265625 0.4201684125 0.5611843453125 0.4146794265625 0.5686453218749999 0.41355087968750004 0.5748235734375 0.4077277046875 0.5786352046875 0.39876018750000003 0.577027365625 0.3975440890625 0.570650284375 0.39712234999999996 0.5676334359374999 0.40093506874999996
10 0.2657632125 0.5162774453125001 0.2691051765625 0.5089861984375 0.30010390937500003 0.42848673593750003 0.1972032640625 0.410925371875 0.191819796875 0.41159374687500005 0.18856811406250001 0.4162445984375 0.16437959062500002 0.47243812343749997 0.14987356875 0.4987107421875 0.261373359375 0.518035928125 0.2657632125 0.5162774453125001
10 0.2214127484375 0.5169297953124999 0.2180165109375 0.5197783890625 0.1961763359375 0.5675905593749999 0.2664870640625 0.5855576390625 0.280324584375 0.55471638125 0.2877490203125 0.5305364328125 0.2214127484375 0.5169297953124999
10 0.3217130140625 0.59245385 0.3847433265625 0.6062686859374999 0.39095758125 0.5933624625 0.4046865515625 0.5536359 0.3479430421875 0.5428831953125 0.343408634375 0.5428394187500001 0.34039178593749997 0.5466521359375001 0.3217130140625 0.59245385
10 0.11368966250000001 0.5559890375000001 0.1179349609375 0.552428296875 0.12787056875 0.533194953125 0.1398294109375 0.50905878125 0.1397751359375 0.504616128125 0.0826522359375 0.4928993015625 0.0522671890625 0.5433903 0.11368966250000001 0.5559890375000001
10 0 0.5104347078125 0.016569071875 0.48998022968750005 0.0198207546875 0.48532937656249997 0.0223496625 0.47166723125 0.0070843234375 0.465877153125 0 0.4653780140625 0 0.5104347078125
5 0.3655733859375 0.46141427031250004 0.386113640625 0.4576506703125 0.387902040625 0.45358597968750003 0.3798085671875 0.44306283593750007 0.327960046875 0.39165788125 0.29235328437499997 0.395876315625 0.29202816875000004 0.3993548453125 0.3035178796875 0.4070293953125 0.354517340625 0.45914649687500003 0.3655733859375 0.46141427031250004
8 0.6486777859374999 0.5753207 0.7075159984375 0.536870028125 0.7227270625 0.5382174546875 0.7275683140625 0.5232570015625 0.78192639375 0.489205209375 0.7836605171875 0.48069786406250004 0.7815287343749999 0.4767153859375 0.6854388375 0.4649825359375 0.6659593140625 0.46098697343749995 0.6608155734375 0.4555003875 0.627412603125 0.44953520625000004 0.6154354890625 0.4621456765625 0.5928182640624999 0.4965038984375 0.559000975 0.556926540625 0.5828654609374999 0.5644804421875 0.6486777859374999 0.5753207
12 0.7129720125000001 0.5521700125 0.7208123796875 0.552005590625 0.7265026890625 0.5363329859375 0.7287424875 0.519066321875 0.7296270125000001 0.48113667656250003 0.7266101640625 0.4849493921875 0.7159877859375 0.48808839531250003 0.712374984375 0.503300825 0.709503228125 0.5390502515625 0.7129720125000001 0.5521700125
1 0.604252621875 0.43946689687499996 0.5866749390625 0.4349751265625 0.5754566062500001 0.44951384531249994 0.5915710046875 0.4545917734375 0.600440990625 0.44843441406249995 0.6047765671875001 0.4422332796875 0.604252621875 0.43946689687499996
3 0.64043653125 0.3821885984375 0.6343485578125 0.3853713796875 0.6135551968749999 0.3784474140625 0.5989406265625 0.39583472343750004 0.5982543921875 0.4098748328125 0.6006210125 0.41301917499999996 0.608605934375 0.4146570109375 0.6174759187500001 0.4084996515625 0.6205110375 0.4162126375 0.628495959375 0.41785047343750004 0.63396970625 0.4145417046875 0.6419180859375 0.3931281390625 0.64043653125 0.3821885984375
4 0.026885145312499997 0.5319799062499999 0.0201469453125 0.5421197453125 0.018412821875 0.550627090625 0.0246093453125 0.5563296156249999 0.034436940625 0.5583454156250001 0.0444450953125 0.5550804234375 0.05085818125 0.548419115625 0.0668274859375 0.5215603375 0.0721384078125 0.5049236109375 0.0334782546875 0.48990335781249994 0.01931561875 0.524223146875 0.026885145312499997 0.5319799062499999
4 0.02496885 0.455364690625 0.034941 0.459182746875 0.0413540859375 0.4525214375 0.058786675 0.42507649843750006 0.0192414578125 0.4178514421875 0.0051325609375 0.426479434375 0.004771442187500001 0.43704101250000005 0.02496885 0.455364690625
4 0.050477178125 0.45705164375 0.0495378390625 0.460404184375 0.09314779375 0.469349290625 0.0956767 0.4556871453125 0.07833385312499999 0.4503572375 0.06796404218749999 0.4340493578125 0.065272309375 0.43438354375 0.050477178125 0.45705164375