4 0.7448407328125 0.40772645 0.7496666515625 0.39271186406249997 0.7522760374999999 0.36624409375 0.7583878656249999 0.3477456171875 0.7526501046875 0.3380731421875 0.7562051390625 0.31874245 0.7341546671875 0.31058960468749996 0.7293550421874999 0.3119542 0.7229480328125 0.3176736625 0.7094760265625 0.3386545234375 0.6656101609375 0.36632783281250003 0.6617524296874999 0.37677950625 0.6796387203124999 0.388454996875 0.6883186125 0.3649387375 0.7343333984375 0.3838185828125 0.7400786734375 0.3895910625 0.7330024109375 0.41070245937500005 0.7393943968750001 0.41278299374999994 0.7448407328125 0.40772645
4 0.1133500953125 0.18266965156249998 0.1249157734375 0.155214634375 0.1233271671875 0.149819503125 0.112072634375 0.138605025 0.0826570015625 0.218300209375 0.089291871875 0.22069261718750002 0.10395587343749998 0.2449778328125 0.11322237500000001 0.24896960625000003 0.12697453593750002 0.24856776093750002 0.1285856796875 0.2422628984375 0.1423566234375 0.23211105625 0.167614359375 0.235454171875 0.1711506109375 0.225873471875 0.1372655734375 0.21874663593750002 0.1254422765625 0.21392265 0.122253796875 0.208982384375 0.1133500953125 0.18266965156249998
8 0.9074118906249999 0.6811299359375 0.901753015625 0.6305074859375 0.9025837937500001 0.5312656062500001 0.89908135 0.523296315625 0.8907792828125001 0.5166916234375 0.8134625468750001 0.4778671671875 0.8016354953124999 0.474993175 0.7664006859375 0.5045002078125 0.7418009328124999 0.491615153125 0.7293234109375 0.4943831078125 0.6591527359375 0.5642261921875 0.6569061484375001 0.5683730031249999 0.65881623125 0.572897159375 0.67285981875 0.5872243296875 0.783381071875 0.6544175546875 0.8517114593749999 0.7098292546875 0.868943525 0.7290966875 0.872094440625 0.7535369390625 0.8631043390625001 0.772074178125 0.8429151156250001 0.793795475 0.8326466171875 0.8119166046874999 0.8198325953125 0.823355525 0.8047607140625 0.8447912515624999 0.79002158125 0.859506009375 0.7537885328125 0.9091759500000001 0.7305352546874999 0.9356054890625 0.7663198109375 0.9322648578124999 0.773588665625 0.9234256000000001 0.789953965625 0.8946059843749999 0.8293792515625 0.8479263125 0.8354760562499999 0.8372278281250001 0.8502189421875 0.8205630734374999 0.8726284578125 0.80834495625 0.88930396875 0.7845043656249999 0.904749915625 0.734897684375 0.9076770218749999 0.7095089437500001 0.9074118906249999 0.6811299359375
8 0.4875416625 0.8332466765625 0.4465390421875 0.8686812249999999 0.43082420781249997 0.8918588968750001 0.42311250312500004 0.9108122406250001 0.424054396875 0.9198993140624999 0.4361991703125 0.9238523296875 0.44260242656250004 0.92008286875 0.472738671875 0.8811114124999999 0.5583139734375 0.7831116328125 0.589437190625 0.7298272671875 0.6025802031249999 0.713617378125 0.6054810140625 0.701878625 0.5875646718749999 0.7058031234375 0.5176628828125 0.8020752171875 0.4875416625 0.8332466765625
8 0.26402065 0.32537020625 0.27363116875000004 0.3167910140625 0.2768421875 0.31003128750000003 0.2567356046875 0.28885261406249996 0.2362887625 0.27829490625000003 0.23119395781250002 0.266880484375 0.22034260625000002 0.25554358125 0.1509876828125 0.2339447796875 0.13755699999999998 0.2334756546875 0.134024503125 0.2411063546875 0.137530703125 0.2471256453125 0.17104543125 0.2804734375 0.246668378125 0.368502728125 0.330283184375 0.45815769062499995 0.35070373125 0.4823653890625 0.3637716171875 0.505155471875 0.4052631765625 0.5479289265625 0.4496104703125 0.6023636156250001 0.5278052390625 0.683425128125 0.5390006046875 0.6821910671875 0.5681423671875 0.6614325171875 0.5899314640625 0.63925635625 0.6062930109375 0.6123867390625 0.6213423515625001 0.6026510046875 0.6559492296875 0.5670859234375001 0.6351996921875 0.54764919375 0.42890007656250007 0.396597984375 0.41739074687500005 0.39480302031250003 0.4119406546875 0.401809559375 0.3972127921875 0.410674321875 0.37675092499999996 0.40791660781249994 0.3483460296875 0.37818324375 0.3144948015625 0.3535064203125 0.2732646125 0.3410619703125 0.26402065 0.32537020625
12 0.495989634375 0.4320935859375 0.48829295625 0.4432469375 0.4837997828125 0.45154055625 0.46770336874999996 0.5067891796875 0.4680173328125 0.5098182046875 0.4820834578125 0.5124453812499999 0.485286965625 0.5095856515625 0.504586884375 0.4514772984375 0.502703096875 0.43330314999999997 0.495989634375 0.4320935859375
10 0.449882515625 0.29513479375 0.4371098125 0.285123728125 0.3894989109375 0.2647487484375 0.381189328125 0.262044053125 0.37702514531250003 0.2655667046875 0.360580959375 0.3353362890625 0.3570484640625 0.3429669890625 0.337857478125 0.34452538125 0.33365948749999996 0.3655980203125 0.346435946875 0.3736590859375 0.3809000796875 0.4121939546875 0.4090548703125 0.4057483171875 0.41322280781250004 0.4002756703125 0.41130896874999995 0.397701509375 0.42380151406250005 0.3871335609375 0.449882515625 0.29513479375
10 0.5646543484375 0.3139553984375 0.589571821875 0.32791948125000003 0.6090730140625 0.33134011406249997 0.6219321156250001 0.296501209375 0.572713825 0.2804810921875 0.564355409375 0.30312638125 0.5646543484375 0.3139553984375
10 0.248179675 0.24801891718750002 0.2540376453125 0.19529143437500002 0.23039480937499998 0.18369345937499998 0.22621935781250002 0.19306610468750002 0.22325844374999998 0.236004834375 0.225486246875 0.2416080171875 0.2446471796875 0.2556496171875 0.248179675 0.24801891718750002
10 0.3194860046875 0.2526918890625 0.31506420468749996 0.22393553125 0.3112290140625 0.2226872109375 0.30737503906249997 0.231188884375 0.293786584375 0.3126197046875 0.3075312328125 0.3161178546875 0.312016890625 0.3117242328125 0.3194860046875 0.2526918890625
10 0.4285463703125 0.2481900296875 0.4262772453125 0.2640368328125 0.45408050624999996 0.2740621546875 0.4663004078125 0.23901519843750002 0.43626183125000007 0.2272866859375 0.4285463703125 0.2481900296875
10 0.3569185640625 0.2443880296875 0.3751413578125 0.24739255624999998 0.381866090625 0.24275212031249999 0.3886434140625 0.21081170624999998 0.36755361875000003 0.2019959421875 0.36209225625 0.2148524796875 0.3569185640625 0.2443880296875