4 0.7369779796875 0.032886484375000004 0.7203899671875 0.0442862609375 0.6603893656250001 0.0699454625 0.6524439859375 0.08123749687500001 0.6607876296875 0.089869471875 0.6572756875 0.0978302421875 0.647661634375 0.1026593375 0.6220575421875 0.1014087765625 0.61194536875 0.10501558281250001 0.5972999046874999 0.1306553734375 0.5913969296875 0.1374857015625 0.577175128125 0.1428499890625 0.57201933125 0.1515137515625 0.57189465625 0.1630495390625 0.5914214609374999 0.16833435624999998 0.5895533671875001 0.17559213437500001 0.6021313171875 0.1709308390625 0.6333394015625 0.1740907859375 0.65356374375 0.166877171875 0.6740123296875 0.1531087734375 0.7017335734375 0.1477127 0.7121695531250001 0.142532109375 0.7450226421874999 0.0502581734375 0.7420091046875 0.0357585109375 0.7369779796875 0.032886484375000004
8 0.5281527828125 0.6288544671875 0.561453196875 0.6182018484375 0.5743050265625 0.621317628125 0.5979911 0.6391768265625 0.6107433640625 0.63731160625 0.616472028125 0.6276852046875 0.6356753125 0.61086108125 0.6309931046874999 0.5898984796875 0.6358998406249999 0.5806235734375 0.6910684515625001 0.5620543515625 0.6916164984375001 0.5539257796875 0.661305378125 0.5245466859375 0.60638698125 0.448996165625 0.5909449875 0.43478793906249996 0.56753279375 0.424705815625 0.5620783 0.418426571875 0.543049615625 0.41436404375 0.5349801359375 0.3898264234375 0.46178023437500004 0.312046809375 0.444046775 0.30168914375 0.42374768281249997 0.31108768593749997 0.35879041875 0.3553726546875 0.0216058453125 0.5907810234374999 0.07631258125 0.7250207390625001 0.1126077 0.7412553749999999 0.270764684375 0.79777391875 0.3341271578125 0.8158892484375 0.34423932968750004 0.81228244375 0.35983110625000003 0.7984380890625 0.388698371875 0.7674340125 0.40770252500000004 0.7406478859375001 0.42436557500000005 0.703380459375 0.4491731375 0.6647830015625 0.5072060796875 0.6414005781250001 0.5141800421875 0.634829896875 0.5281527828125 0.6288544671875
10 0.7951035671875 0.5828703890625 0.775801290625 0.5473480656249999 0.7695248718750001 0.5414203171875 0.7290513640625 0.5486816109375 0.6622762203125 0.5671907765624999 0.6362983953125 0.5768648609375 0.633309390625 0.5932138499999999 0.6492492140625 0.6323270875 0.6604072640624999 0.6454967203125 0.6963717218750001 0.714799784375 0.70421725 0.7222094703125 0.7182148109375001 0.7233999703125 0.8065092343750001 0.7150647765625 0.8347286015625001 0.710890990625 0.845986503125 0.7053589031249999 0.8490750765625 0.6939909171875 0.84185234375 0.6762677296875 0.7951035671875 0.5828703890625
10 1 0.783501528125 0.9184669328125 0.5516437953125 0.912041015625 0.55008590625 0.8780681687499999 0.5567201625 0.7922891640625 0.57833273125 0.8433215953125 0.6964513875 0.8357000187500001 0.7061696375000001 0.7737568687499999 0.7175888234375 0.789347490625 0.79847535625 0.81094123125 0.8301471218750001 0.8396835328125001 0.83436155625 0.92059645 0.8385125656250001 1 0.8045557109375 1 0.783501528125
5 0.6388123703125 0.7085558453125 0.5850385499999999 0.7258109328125 0.6307411609375 0.82611455625 0.6348756109375 0.8315230078125 0.6398071671875 0.8294140328124999 0.6716386187500001 0.774895034375 0.6445159234375 0.715446234375 0.6388123703125 0.7085558453125
5 0.538565675 0.47441161249999997 0.5313178328125 0.47320521875 0.500508015625 0.4899692796875 0.5426242234374999 0.5767358812500001 0.5479791515625 0.5780341234375 0.5526616484375 0.5753140046875 0.5743307125 0.55743539375 0.576945984375 0.5520110484375 0.538565675 0.47441161249999997
1 0.2865339421875 0.526215696875 0.2824243140625 0.5279731765625 0.27151445937499996 0.5864628546875 0.3239431234375 0.5848537640625 0.329771353125 0.5802083640625 0.3368702765625 0.5384191734375 0.3352763515625 0.5297713046875 0.2865339421875 0.526215696875
1 0.34088178281250003 0.41326708125 0.3324134640625 0.4161708953125 0.33575051718750004 0.452779496875 0.3659623609375 0.453494865625 0.389823034375 0.45046741562500003 0.388403709375 0.42093290000000005 0.3850911875 0.4151729515625 0.34088178281250003 0.41326708125
1 0.442649675 0.49246505625000003 0.4487263875 0.5357962453125 0.479834903125 0.5339751890625 0.48484120468749997 0.529681284375 0.479511671875 0.48818353124999997 0.450047009375 0.48930159375000004 0.442649675 0.49246505625000003
1 0.4225260515625 0.409928784375 0.43468005156249995 0.4492257171875 0.4587897859375 0.446809409375 0.467332853125 0.4417206671875 0.45321119374999996 0.40470051093750004 0.4307453109375 0.406413825 0.4225260515625 0.409928784375
12 0.586811115625 0.3820140453125 0.5631995015625 0.3856526390625 0.5407584375 0.3945318828125 0.507084290625 0.4161091484375 0.5036470921875 0.4218849890625 0.506486315625 0.433588578125 0.5153032609375 0.43627690937499997 0.5534356671875 0.4185343140625 0.5740585640625 0.40756198593750004 0.5902232046875 0.3927549921875 0.586811115625 0.3820140453125