8 0.4573875453125 0.510781425 0.4534162859375 0.49257218593749996 0.42880531718750003 0.440790996875 0.40999972656250006 0.4401367703125 0.40940706406249994 0.4321385703125 0.4004184515625 0.43059634375 0.3598327765625 0.435417790625 0.3512392734375 0.4392077 0.3363667921875 0.46985720000000003 0.406105 0.6352661890625 0.410942778125 0.6379507171875 0.420562203125 0.6343966515624999 0.43111326875 0.6352498015625 0.4507943671875 0.6313881234375 0.47316711875 0.63391065 0.46517526875000004 0.6567075671875 0.4482980828125 0.6847996921874999 0.46273511406249995 0.7190422546875 0.46708350000000004 0.7205660171875 0.4759688390625 0.7152708062500001 0.489532553125 0.6968995671875 0.5110791234375001 0.644722609375 0.4573875453125 0.510781425
8 0.5607275203125 0.6723841171875 0.5654058953125001 0.659308090625 0.5732181703125 0.65586271875 0.57907288125 0.6477742875 0.5859736859375 0.6048096015625 0.57921649375 0.5843875265625 0.5665193000000001 0.5872340546875 0.5570412984375 0.584531065625 0.5541431046875 0.5644719874999999 0.55057594375 0.5626036859375 0.5415020421875 0.5762416359375 0.53697408125 0.5940694140625 0.5218007734375 0.6152154125 0.50534785625 0.624536378125 0.5460144437500001 0.7187941734375001 0.5534405984374999 0.7210254734375 0.5635965546875 0.7165464906250001 0.566514921875 0.7014934703125 0.5592211984375 0.6819963140625 0.5607275203125 0.6723841171875
4 0.5212392296874999 0.286456575 0.5155730843749999 0.2862022671875 0.4911103375 0.2963025390625 0.4531601796875 0.298585071875 0.41866491874999995 0.28488966250000003 0.3996707671875 0.29257817343750003 0.3859094984375 0.3082833453125 0.371310871875 0.315409934375 0.367121890625 0.3296467265625 0.3397789296875 0.3417055296875 0.34237629531249997 0.3522611046875 0.36411823125 0.3598799203125 0.3740294921875 0.35482055468749996 0.3789054234375 0.34441059375 0.3867648359375 0.3388795375 0.397852434375 0.33880776875 0.437326896875 0.34893065 0.47308378281249996 0.35243348281250003 0.499108984375 0.3416441375 0.529116625 0.302943128125 0.5282792671875 0.2943645453125 0.5212392296874999 0.286456575
0 0.46395375000000005 0.3571483109375 0.45608534375 0.3516705640625 0.4452895859375 0.35023702968750003 0.43332647812499997 0.35482470625 0.425767890625 0.36985926562500004 0.426944225 0.3748468625 0.4529111046875 0.41226410312499995 0.4633207453125 0.41937430625000005 0.46878933749999996 0.41696254687499995 0.4759056765625 0.3986815390625 0.47168073125000004 0.3688831125 0.46395375000000005 0.3571483109375
10 0.5853450609374999 0.552776184375 0.61806233125 0.542476990625 0.62196846875 0.5407543046875001 0.6215262203125 0.5375078546875 0.6153998406250001 0.5119894890625 0.581854203125 0.5247189046875 0.5853450609374999 0.552776184375
10 0.5787091234374999 0.56120915 0.571630934375 0.566395671875 0.567686646875 0.581212846875 0.5692019609375001 0.5826094546875 0.612950696875 0.563315371875 0.6163584531249999 0.5494231171874999 0.60785923125 0.5490416578125 0.5787091234374999 0.56120915
10 0.5020812921875 0.3926439453125 0.50584600625 0.3971783109375 0.53695368125 0.3896538765625 0.5420832953125 0.3908331046875 0.5406622640625 0.3852651234375 0.5433449218749999 0.3806405265625 0.5426108359375 0.3788993796875 0.53172079375 0.38163721562499997 0.5020812921875 0.3926439453125
10 0.590438715625 0.5099201890625 0.594448121875 0.515034940625 0.6225723109375 0.5026316015625001 0.6212455609374999 0.49289225312499996 0.598345271875 0.50230345 0.590438715625 0.5099201890625
10 0.5978940328125 0.4880481953125 0.597216075 0.49523017031250005 0.5979501609375 0.4969713171875 0.616454925 0.488122040625 0.62328841875 0.4823551390625 0.6221120828125 0.4773675421875 0.5978940328125 0.4880481953125
10 0.555514575 0.3897277234375 0.574800565625 0.380533909375 0.5704993203125001 0.3769244625 0.5465259640625 0.388185496875 0.555514575 0.3897277234375
12 0.442124334375 0.42183937499999996 0.41111993125 0.43620124687499995 0.40741134843750004 0.4405899984375 0.4101029984375 0.44697420625 0.41420669062500004 0.4479175875 0.44833600156250003 0.4321775671875 0.45521663749999997 0.42432498125 0.4537484640625 0.4208426875 0.442124334375 0.42183937499999996