0 0.4873287640625 0.49167006718749995 0.5066890109375 0.5088685453124999 0.526449753125 0.50755038125 0.541893190625 0.514780978125 0.559440746875 0.5154820296875 0.562248128125 0.5146493859375 0.56375805 0.50693326875 0.5531960125000001 0.47940276718749997 0.5544878 0.4626659828125 0.547545475 0.444510078125 0.5204061390625 0.40963100468749997 0.5084733453125 0.407264671875 0.49227778437499997 0.4157022625 0.47319587343749997 0.4333998765625 0.4667744515625 0.44847818437500003 0.46901773750000003 0.45939668593749994 0.4873287640625 0.49167006718749995
10 0.3486087515625 0.5430341140625 0.3951702828125 0.515823503125 0.36465380000000003 0.46990795468749996 0.320008353125 0.494506065625 0.3486087515625 0.5430341140625
10 0.29532476875 0.455945896875 0.341049540625 0.42921059687499996 0.33575630625 0.42078661874999995 0.3253635390625 0.42364188125 0.3246057421875 0.4156898078125 0.3061066875 0.3873334734375 0.2692346546875 0.40599192031250003 0.29532476875 0.455945896875
10 0.1541673265625 0.1375772046875 0.18003930625 0.178510515625 0.2300325203125 0.16459154843749998 0.24317813593749998 0.158648478125 0.2445000265625 0.1548494078125 0.21395911406249998 0.11961640468750001 0.1541673265625 0.1375772046875
10 0.215896140625 0.31664853593750003 0.235747190625 0.3541435140625 0.2461399578125 0.351288253125 0.277397221875 0.3342950921875 0.255035890625 0.29822604375 0.215896140625 0.31664853593750003
10 0.1757089125 0.24498234375 0.1881870390625 0.2699003453125 0.19658475625 0.2780849640625 0.2293275125 0.26405823125 0.217334515625 0.23581646875 0.2040253 0.2349940390625 0.1757089125 0.24498234375
10 0.2942471875 0.35291949843750003 0.28957825000000004 0.35861980625 0.33014154218749997 0.4224519046875 0.3335431203125 0.42280583437499997 0.3987559671875 0.3834765359375 0.35371177187499997 0.3214277 0.2942471875 0.35291949843750003
4 0.22063837031250003 0.2789005875 0.2080079859375 0.29445760781249997 0.1940256078125 0.3008759875 0.19275825156249998 0.3069302234375 0.1991853453125 0.31547217656250004 0.2076620265625 0.315229415625 0.2201589125 0.3058446078125 0.22928432031249998 0.3090435875 0.2360329453125 0.3074962765625 0.2505549859375 0.3000093046875 0.24715340624999999 0.299655375 0.2342691171875 0.26963375625 0.22063837031250003 0.2789005875
5 0.4139926140625 0.42892698906250004 0.4198800453125 0.4385375359375 0.4307880421875 0.44529622812499997 0.43359542500000003 0.4444635859375 0.43515988281249995 0.43900263125 0.43550584062500003 0.4182308265625 0.4312862609375 0.3840493984375 0.41365406875 0.36815546875 0.41030702343750003 0.37005670468749996 0.4085000046875 0.3771795375 0.4139926140625 0.42892698906250004
12 0.6302103328124999 0.6825594578125 0.6146089671875 0.692183621875 0.588293303125 0.7147523078125 0.5820599140625 0.7259135671875 0.5889721375 0.7311317578125001 0.6037912765625 0.724238071875 0.6359097328125001 0.6960870546875 0.6380683859375 0.6918126734375 0.6302103328124999 0.6825594578125
3 0.6111188265624999 0.5478529640625001 0.6016173546875 0.5524880796875 0.586683478125 0.531251175 0.577642703125 0.543245078125 0.58204464375 0.5498891968749999 0.59224938125 0.5509509828125 0.5887688375 0.5590244359375001 0.59257658125 0.5644819828125 0.5993797390625 0.5651898421875 0.6100150703125 0.5606727 0.61905584375 0.5486787984375 0.6127378140624999 0.544647178125 0.6111188265624999 0.5478529640625001
3 0.6018542484375 0.5272059390625 0.59283790625 0.52851729375 0.58924829375 0.5320804140625001 0.5979675390625 0.530175771875 0.603745903125 0.5352759875 0.6018542484375 0.5272059390625
1 0.5507572765625001 0.55394464375 0.5581302 0.5665216203125001 0.5635569312500001 0.568773384375 0.5736526 0.5653248390625001 0.5662796765625 0.5527478609375 0.5611500421875 0.5510893859375 0.5507572765625001 0.55394464375
8 0.4007004125 0.49896533906249996 0.39219930000000003 0.5098906453125001 0.4694636046875 0.629842128125 0.4851195046875 0.62247313125 0.422328378125 0.5163997703125001 0.3975112953125 0.484011815625 0.4007004125 0.49896533906249996