8 0.5243879859375 0.736241378125 0.518640934375 0.718252640625 0.4796311875 0.6704841265625 0.477383759375 0.6599097171875 0.4820473640625 0.6501712484375 0.49110563125000006 0.6384806890625 0.506039428125 0.6363315875 0.5060274406249999 0.6272234046875 0.3431502859375 0.33156066875 0.332611153125 0.33175768125 0.3054123828125 0.3486129953125 0.1885705734375 0.4008029265625 0.1762293734375 0.41062459687499997 0.1823215890625 0.425711496875 0.37023062812499996 0.6490644984375 0.380219890625 0.655332065625 0.385521578125 0.6531217390624999 0.3947203078125 0.6420920796875 0.40037914687500004 0.646088096875 0.3941824203125 0.6576648421875 0.391625778125 0.6773168218750001 0.5116690125 0.8302776296875001 0.5688432359375 0.8910977515624999 0.6370139375 0.9810281109375 0.6380904296875001 0.9817729625 0.6499707234375001 0.97839054375 0.64931918125 0.9438818937500001 0.6437768359375 0.9223304140625 0.6445836703125 0.8989712703125001 0.639450734375 0.8702943109374999 0.6258213859375 0.8559515125000001 0.6181078390625 0.828710165625 0.5976719687500001 0.7868677828124999 0.58069545 0.7748797359374999 0.5755745 0.75531095625 0.5692895625000001 0.75289498125 0.5612025609375 0.7601036609375 0.5501777953125 0.7625416125 0.539983828125 0.759836784375 0.5243879859375 0.736241378125
8 0.46690744687499997 0.230442125 0.46619314218749996 0.218029440625 0.43234893124999996 0.11762514843750001 0.40175504999999995 0.10040248437499999 0.3004695796875 0.058098787500000006 0.19839693281249998 0.08715973125000001 0.1987784546875 0.0958122578125 0.2108866640625 0.1211015140625 0.2423472984375 0.160505946875 0.29935276875 0.25221335625 0.31852446093750003 0.28810763437500003 0.32889484375 0.318797909375 0.3344132171875 0.32213302499999996 0.3505349671875 0.3210474859375 0.38730160625 0.3084770375 0.44408703593750004 0.2860017203125 0.46319880468749997 0.2763550875 0.46598412187499993 0.27135673437499996 0.46260099375 0.24638693906250003 0.46690744687499997 0.230442125
4 0.6008173359375 0.312870253125 0.5835598875 0.299560403125 0.5531946828125001 0.296991365625 0.5454528468750001 0.30129820625 0.55403746875 0.30095676875 0.5593631234374999 0.31696280625 0.56997848125 0.3216503359375 0.5783943515625001 0.352196184375 0.5650818875 0.36649973281250003 0.5553093125 0.3657776078125 0.542546721875 0.373616578125 0.5541453296875 0.382930409375 0.5582068078125 0.392988340625 0.5675579859375001 0.3917277671875 0.6022579328125001 0.3468038046875 0.6300185593750001 0.33259209218749997 0.6344012359375 0.32153182343750003 0.6281043140625 0.3100076625 0.6008173359375 0.312870253125
12 0.3817137078125 0.5175319546875 0.3730648484375 0.522097034375 0.3696534359375 0.528675428125 0.372667425 0.538330696875 0.3798593859375 0.5404884375 0.44258458593750005 0.5233309359375 0.461134496875 0.5110407 0.4563064578125 0.5019019046875 0.44905025781249996 0.50396780625 0.43341414062499994 0.50281240625 0.3817137078125 0.5175319546875
10 0.5581928890625 0.7006838375 0.5773166421875 0.7001453875 0.6426986765625 0.6864368140625 0.6141039 0.5971540171874999 0.5088127578125 0.6222250500000001 0.5120434359375 0.6374257625 0.5417662437499999 0.6822312125 0.5581928890625 0.7006838375
10 0.604006775 0.508912809375 0.6109178078124999 0.5097487468749999 0.6173312265625001 0.5037174421875 0.6463560312500001 0.49545383593750003 0.649141346875 0.49045548125 0.63651155 0.440082615625 0.600371009375 0.4510730265625 0.5957716421875 0.45658785625 0.604006775 0.508912809375
10 0.6618694015625 0.8807329312500001 0.7043068640625 0.88126668125 0.713236653125 0.8780234046875 0.7052421765625 0.8494602562500001 0.6660876453125 0.8507953953125 0.6434120171875 0.8572513374999999 0.6512540437500001 0.8760454031249999 0.6618694015625 0.8807329312500001
10 0.6431886265625 0.634431321875 0.6507617109375 0.66101176875 0.6732326343749999 0.6581185671875 0.687604571875 0.6533258625 0.6894828609375 0.6485857453125 0.68205024375 0.6226662000000001 0.6789077765625 0.6214582125 0.6452073796875 0.6303521062499999 0.6431886265625 0.634431321875
10 0.6685474453125 0.9166797984375 0.6751895343750001 0.9253021171875 0.6872617890625 0.9232668281249999 0.724538028125 0.9266718046875001 0.7296992515625 0.9238005781249999 0.7253448609375 0.9033126609375 0.7210144406250001 0.9010411109375 0.672930121875 0.9056195265625 0.668675925 0.9082325171875001 0.6685474453125 0.9166797984375
10 0.5856399859375 0.766463065625 0.578945640625 0.7711725687500001 0.580145578125 0.781344315625 0.5952960625 0.7847406546875 0.6523101671875 0.7769189609375 0.6648680546875 0.7726427328125001 0.665213221875 0.76974089375 0.6499222765625 0.7656836515625 0.6342861609375 0.7645282515625 0.594645996875 0.7681043296875 0.5856399859375 0.766463065625
5 0.49249828906250004 0.6359815125 0.4803095375 0.655572265625 0.4801810609375 0.6640195453125 0.5081420718749999 0.696009646875 0.516610196875 0.7132236734374999 0.5219118843749999 0.7110133484375 0.5289394109375001 0.694293821875 0.52830133125 0.6867656765625 0.4970454 0.64379850625 0.4953598296875 0.6358677 0.49249828906250004 0.6359815125
5 0.5426123796875 0.7948339015625 0.547592865625 0.8137417796875 0.5525493859374999 0.8144332921874999 0.5548490671875 0.8116758765625001 0.5635784671875 0.7622307875 0.5584052609375 0.755993834375 0.55003733125 0.7618807125 0.5463047203125 0.789577309375 0.5426123796875 0.7948339015625
10 0.699579984375 0.7368269546875 0.7103238234375 0.7330672 0.7031721328125 0.70846945625 0.67177141875 0.7146059359375 0.668360009375 0.7211843296875 0.6736856625 0.737190365625 0.699579984375 0.7368269546875
0 0.49915094375 0.22827104843749998 0.49307071249999995 0.22229233124999997 0.4853931203125 0.22237553124999998 0.4733970875 0.2292953625 0.4628176828125 0.25193237968750004 0.4666102171875 0.2697766953125 0.47680418125 0.27248152187499997 0.5008681515625 0.313290953125 0.50938853125 0.3171731578125 0.5148306812500001 0.31562373125 0.5162636109375 0.29068454843749997 0.5188442234374999 0.289248934375 0.5142971109375 0.281431940625 0.513494596875 0.255026534375 0.49915094375 0.22827104843749998