8 0.57125 0.5966666671875 0.589375 0.5974999999999999 0.5974999999999999 0.6091666671875 0.598125 0.6141666671875 0.59375 0.6216666671875 0.5025000000000001 0.6241666671874999 0.49437499999999995 0.6291666671875 0.441875 0.6341666671875 0.43562500000000004 0.6383333328125 0.429375 0.6525000000000001 0.42750000000000005 0.6741666671875 0.44312500000000005 0.6775 0.8462500000000001 0.6391666671875 0.8856249999999999 0.6325000000000001 0.89 0.6283333328125 0.8631249999999999 0.6116666671875 0.8006249999999999 0.5808333328125 0.76 0.5783333328125 0.571875 0.5933333328125 0.57125 0.5966666671875
8 0.0975 0.7091666671875 0.11187499999999999 0.71 0.405625 0.6799999999999999 0.425625 0.6741666671875 0.425625 0.6641666671875 0.421875 0.6541666671875 0.375625 0.6583333328125 0.3725 0.6525000000000001 0.374375 0.635 0.371875 0.6325000000000001 0.321875 0.62 0.315625 0.615 0.270625 0.615 0.2 0.6216666671875 0.17124999999999999 0.6391666671875 0.15437499999999998 0.6541666671875 0.14250000000000002 0.6575 0.058125 0.6525000000000001 0.058125 0.7125 0.074375 0.7125 0.081875 0.7033333328125 0.093125 0.6975 0.096875 0.7016666671875 0.0975 0.7091666671875
10 0.491875 0.5133333328125 0.49312500000000004 0.5616666671874999 0.49625 0.5866666671874999 0.5 0.5908333328125 0.529375 0.5916666671875 0.6012500000000001 0.5825 0.6 0.5025000000000001 0.5912499999999999 0.5008333328125001 0.49437499999999995 0.51 0.491875 0.5133333328125
10 0.280625 0.5266666671875 0.28500000000000003 0.5983333328125 0.35812499999999997 0.6075 0.37312500000000004 0.6075 0.378125 0.6033333328125 0.379375 0.5883333328125 0.37687499999999996 0.5466666671875 0.37312500000000004 0.5216666671875 0.29 0.5166666671875 0.281875 0.5191666671874999 0.280625 0.5266666671875
10 0 0.6275000000000001 0.047410625 0.6216666671875 0.08499999999999999 0.6208333328125 0.08875 0.6174999999999999 0.0775 0.54 0.074375 0.5341666671875 0.003125 0.5358333328125 0 0.5366666671875 0 0.6275000000000001
10 0.045 0.49833333281250003 0.05437499999999999 0.5233333328125 0.10124999999999999 0.525 0.109375 0.5208333328125 0.109375 0.4808333328125 0.10625 0.4783333328125 0.04625 0.48 0.04375 0.4808333328125 0.045 0.49833333281250003
10 0.23875000000000002 0.5175 0.25875 0.5175 0.28375 0.5125 0.29125 0.5033333328125 0.291875 0.47000000000000003 0.25187499999999996 0.4691666671875 0.23125 0.4733333328125 0.230625 0.49000000000000005 0.23875000000000002 0.5175
10 0.46187500000000004 0.5 0.46624999999999994 0.505 0.5081249999999999 0.5008333328125001 0.515 0.4933333328125 0.51625 0.4658333328125 0.5131249999999999 0.45999999999999996 0.46624999999999994 0.46166666718749994 0.46375 0.46333333281250005 0.4625 0.4733333328125 0.46187500000000004 0.5
5 0.509375 0.6 0.50875 0.6166666671875001 0.5125 0.6233333328125 0.599375 0.62 0.591875 0.5983333328125 0.509375 0.6
5 0.40875000000000006 0.6516666671875 0.41312499999999996 0.6066666671875 0.41187500000000005 0.5966666671875 0.38937499999999997 0.605 0.379375 0.6441666671874999 0.3775 0.6541666671875 0.379375 0.6583333328125 0.40875000000000006 0.6516666671875
8 0.8318749999999999 0.5383333328125001 0.795625 0.5258333328125 0.765 0.5216666671875 0.743125 0.5116666671875 0.7125 0.51 0.701875 0.5125 0.69375 0.5183333328125 0.6950000000000001 0.53 0.70375 0.5391666671875 0.7837500000000001 0.5783333328125 0.8125 0.58 0.8387499999999999 0.5775 0.8706250000000001 0.5691666671875 0.87375 0.5608333328125 0.8706250000000001 0.5549999999999999 0.849375 0.55 0.8318749999999999 0.5383333328125001