8 0.568125 0.6325000000000001 0.6 0.6283333328125 0.6 0.62 0.589375 0.5900000000000001 0.58125 0.575 0.57125 0.575 0.5675 0.5716666671875 0.5675 0.5591666671875 0.5118750000000001 0.5558333328125 0.49203125 0.5591666671875 0.350625 0.5616666671874999 0.311875 0.6033333328125 0.299375 0.6224999999999999 0.3 0.6333333328124999 0.339375 0.6333333328124999 0.364375 0.5991666671875 0.370625 0.5933333328125 0.37687499999999996 0.5933333328125 0.393125 0.63 0.396875 0.6333333328124999 0.4925 0.635 0.502625 0.6316666671875 0.568125 0.6325000000000001
8 0.383125 0.49833333281250003 0.378125 0.4916666671875 0.38 0.4891666671875 0.379375 0.48 0.3675 0.47750000000000004 0.330625 0.5058333328125 0.31625000000000003 0.5108333328125 0.31124999999999997 0.5208333328125 0.294375 0.5358333328125 0.259375 0.5599999999999999 0.344375 0.5625 0.35125 0.5591666671875 0.38 0.5308333328125 0.403125 0.5041666671875 0.40812499999999996 0.49416666718749996 0.40499999999999997 0.4925 0.383125 0.49833333281250003
0 0.594375 0.4966666671875 0.583125 0.5025000000000001 0.5743750000000001 0.5116666671875 0.5725 0.5175 0.584375 0.5258333328125 0.628125 0.5358333328125 0.6331249999999999 0.5349999999999999 0.634375 0.5266666671875 0.6431250000000001 0.5216666671875 0.6425 0.5083333328124999 0.63625 0.49916666718749997 0.619375 0.4925 0.594375 0.4966666671875
4 0.711875 0.5225 0.715625 0.5091666671875 0.711875 0.5033333328125 0.690625 0.4916666671875 0.6756249999999999 0.4725 0.6675 0.4483333328125 0.6675 0.43833333281250003 0.673125 0.4291666671875 0.673125 0.42083333281249996 0.6693749999999999 0.41166666718749995 0.6537499999999999 0.4108333328125 0.6525000000000001 0.4233333328125 0.634375 0.44166666718750003 0.628125 0.4608333328125 0.629375 0.4841666671875 0.635 0.49416666718749996 0.639375 0.49416666718749996 0.650625 0.5175 0.6665625000000001 0.5208333328125 0.6743750000000001 0.5266666671875 0.6837500000000001 0.5516666671875 0.6993750000000001 0.5508333328125 0.69875 0.5425 0.711875 0.5225
12 0.575 0.5758333328125 0.578125 0.5716666671875 0.57875 0.5566666671875 0.57875 0.5366666671875 0.57625 0.5283333328125 0.57125 0.5266666671875 0.5675 0.5383333328125001 0.5662499999999999 0.5725 0.575 0.5758333328125
10 0.428125 0.4525 0.426875 0.4183333328125 0.3975 0.4233333328125 0.40125 0.45999999999999996 0.428125 0.4525
10 0.380625 0.4875 0.3825 0.4883333328125 0.395625 0.4725 0.39625 0.43666666718749997 0.39437500000000003 0.4325 0.390625 0.4325 0.38 0.43916666718749997 0.37875000000000003 0.45083333281250004 0.380625 0.4875
10 0.5756249999999999 0.4725 0.579375 0.47416666718749995 0.576875 0.43 0.5725 0.425 0.5700000000000001 0.4291666671875 0.568125 0.43833333281250003 0.5706249999999999 0.4575 0.5756249999999999 0.4725
10 0.4425 0.4091666671875 0.44125 0.40499999999999997 0.4325 0.40750000000000003 0.4325 0.43833333281250003 0.438125 0.43916666718749997 0.4425 0.42833333281249997 0.4425 0.4091666671875
10 0.5675 0.40833333281249995 0.5662499999999999 0.4033333328125 0.5625 0.40416666718750005 0.5599999999999999 0.425 0.56375 0.43583333281250003 0.5662499999999999 0.43583333281250003 0.5675 0.40833333281249995
10 0.5525 0.4016666671875 0.551875 0.4166666671875 0.5575 0.4175 0.5587500000000001 0.3966666671875 0.55375 0.39416666718750004 0.5525 0.4016666671875
10 0.449375 0.4 0.44875 0.4141666671875 0.45187499999999997 0.42083333281249996 0.45562500000000006 0.41500000000000004 0.45562500000000006 0.3983333328125 0.449375 0.4