4 0.2976707875 0.47114574375 0.2958085140625 0.4872513625 0.3035177828125 0.49575042343750003 0.341489275 0.4999679546875 0.378386253125 0.5371624265625 0.3771447375 0.5478995046875 0.3796836671875 0.5568343515625 0.384993065625 0.5634339265625 0.3923131109375 0.5660314109375 0.40239430625 0.5612254562500001 0.4002352828125 0.5531240203125 0.41152073125 0.5173083171874999 0.40706362812499997 0.4940700859375 0.4016151734375 0.48043515000000003 0.388726246875 0.46730370781249997 0.3773755859375 0.4676422390625 0.3695365734375 0.4571759875 0.35716661250000004 0.4519133125 0.33523442187499997 0.4593253640625 0.3242450359375 0.4503609703125 0.3180926609375 0.46546821875 0.2976707875 0.47114574375
4 0.6578433734375 0.44857727968749994 0.6513756203125001 0.4293411390625 0.6360129765625 0.4427520203125 0.638422165625 0.44971967343749997 0.647901234375 0.46041859374999994 0.656852025 0.458180575 0.6578433734375 0.44857727968749994
10 0.6529877296875 0.414369303125 0.6580283265625 0.411966325 0.6644401828125 0.4007934609375 0.650124103125 0.36602290000000004 0.643415496875 0.35298870937500004 0.640515290625 0.3533567875 0.6356230671875001 0.36786329375000004 0.637031590625 0.3793660765625 0.6529877296875 0.414369303125
10 0.6125238875 0.4265577625 0.60962368125 0.42692584062499994 0.6072331234375 0.43009452187499997 0.609271721875 0.44129693124999997 0.6191493328125001 0.462965596875 0.6272105625 0.457093565625 0.6154334125 0.43125785 0.6125238875 0.4265577625
10 0.4981656671875 0.515568884375 0.49132732187499994 0.500567503125 0.482107734375 0.49380296718750005 0.4800970859375 0.49780505937499997 0.4925043109375 0.523340403125 0.497804390625 0.524871809375 0.4981656671875 0.515568884375
10 0.6124686765625 0.46513590625 0.6053708484375 0.44620014062499996 0.598819934375 0.45033764375 0.6093369359375 0.476774103125 0.6139976234375 0.4735377140625 0.6124686765625 0.46513590625
10 0.467569434375 0.47537069218749994 0.4538002671875 0.46367340312499994 0.4593598296875 0.4691391953125 0.45734917968750005 0.4731412875 0.4664576578125 0.4880749625 0.47491742812500004 0.493172678125 0.47806780312499997 0.49167081562500003 0.467569434375 0.47537069218749994
10 0.499536925 0.5067989984375 0.506514328125 0.5288357421875001 0.5109248515625 0.5267331375000001 0.504077190625 0.5066635859375 0.499536925 0.5067989984375
10 0.6117361234375001 0.409686440625 0.6283223375 0.44438929375 0.6533862703125 0.42533904843750003 0.6341500140624999 0.3898704890625 0.6117361234375001 0.409686440625
8 0.6119010734375 0.2249648515625 0.6029782359375 0.2424073734375 0.5717798765625 0.217714053125 0.5657106640625 0.20944765781250002 0.5610406578125 0.20761587812500001 0.5540818859375001 0.195715471875 0.5504218640625 0.194416728125 0.371860546875 0.2805558359375 0.3591852078125 0.31500509062500004 0.3604546734375 0.3194725125 0.3664034609375 0.3308398828125 0.4028094234375 0.3753700859375 0.41656927499999996 0.38199920625 0.42718806875000004 0.3951983578125 0.43248815 0.3967297640625 0.43877958125000005 0.3886578765625 0.43232114375 0.374489903125 0.43672744375 0.3652876578125 0.48649825625 0.34358973125 0.4944297421875 0.3357505046875 0.6409776734375 0.2618294046875 0.6496410296875 0.2404525 0.6635299390625 0.18006166562499998 0.66225115625 0.170526075 0.6564414249999999 0.166194065625 0.6224173890625 0.1824141625 0.6119010734375 0.2249648515625
12 0.4143729875 0.353625103125 0.4071919984375 0.3580629796875 0.4218879875 0.39366694999999996 0.4307369828125 0.4046662421875 0.4364076578125 0.40196289218750003 0.432719684375 0.38545965 0.41967306875 0.355156509375 0.4143729875 0.353625103125
8 0.6658666546875 0.3534454296875 0.678310459375 0.330266290625 0.6904023031250001 0.3214582453125 0.6970643265625001 0.3091515984375 0.7035966078125 0.2948777625 0.7133624234375 0.2557284171875 0.728947284375 0.2259792515625 0.729317878125 0.22174449531249998 0.7189216453125 0.226700634375 0.662993025 0.2310437109375 0.655293071875 0.22761281875 0.6384573734375001 0.26303089375 0.6205837468750001 0.2827114328125 0.611855865625 0.33759831406249996 0.61391309375 0.3589370609375 0.63406616875 0.34425698437499996 0.6445365890625 0.34535260624999997 0.6521254359374999 0.3569526421875 0.6658666546875 0.3534454296875
0 0.3825366078125 0.4621382875 0.393637103125 0.4629335375 0.41392923593750003 0.45528882031249995 0.43545357031250004 0.4318388578125 0.4361854375 0.418301175 0.4257057015625 0.4121373859375 0.40466306718749995 0.4231834515625 0.3886517171875 0.4267583703125 0.3738912 0.424664378125 0.3657281765625 0.44377371875 0.3730668546875 0.45650753593750004 0.3825366078125 0.4621382875
1 0.40991656875000004 0.39937402187500004 0.4061174875 0.39103991875 0.3893556359375 0.3980161859375 0.38961511875 0.40195057187499994 0.39416470000000003 0.4068833265625 0.40991656875000004 0.39937402187500004