4 0.49521118125 0.836635453125 0.5059290843750001 0.8323723984375 0.516498853125 0.83890784375 0.5158155421874999 0.8460246375 0.5212222765625001 0.84894885 0.5214157953125 0.856188953125 0.5309653890625 0.847433865625 0.5528384156249999 0.8454608406249999 0.5698900625000001 0.8363181859375001 0.5735933078125 0.8310686625000001 0.5711587265625 0.824955978125 0.5448083734375 0.8032181171874999 0.51558621875 0.7688144875 0.484218565625 0.74564975625 0.47281974687500006 0.7440467421875 0.4706264671875 0.7502299031249999 0.47603080625 0.766136978125 0.473495871875 0.775878534375 0.4770987640625 0.7864832500000001 0.4721268515625 0.8030949828124999 0.49521118125 0.836635453125
4 0.4276855109375 0.8790721343750001 0.3846323515625 0.823969946875 0.38098167968749996 0.8083094875000001 0.38605394375 0.775843515625 0.38337805937499997 0.7574349875 0.363454615625 0.7539118703125001 0.3654041953125 0.7484157296875 0.3604848578125 0.74411748125 0.34046105781249997 0.7564486046875001 0.33617485468749997 0.7529606828125 0.3254091703125 0.752167996875 0.3134727765625 0.759866140625 0.308307346875 0.7692377703125 0.30416448749999997 0.780917071875 0.30801107656250004 0.7908347703125 0.30771480625000003 0.81243176875 0.29382404218749997 0.8515917765625 0.28393279374999997 0.8639052625 0.2705796 0.8937641125000001 0.2533822140625 0.9007224046875001 0.24071952031250002 0.884515878125 0.2392597296875 0.8756551234375 0.2298582734375 0.8736117109375 0.21650986875 0.8775048406250001 0.20160372343750002 0.8754085921874999 0.1846500328125 0.8816798671875 0.167259128125 0.8813980562499999 0.1525942796875 0.8915976546875 0.124139021875 0.92510301875 0.11478295000000001 0.9410982062500001 0.113060809375 0.94915084375 0.28750176562499996 0.973682415625 0.584145846875 0.9564048656249999 0.568853115625 0.9119076843749999 0.5735813296875001 0.8959829687499999 0.593994565625 0.8851491890625001 0.61099843125 0.87095079375 0.6084682875 0.854726628125 0.6035489515625 0.850428378125 0.5934164 0.8504460203124999 0.5445049140625 0.8637637015624999 0.48443591250000007 0.8877742140624999 0.4276855109375 0.8790721343750001
8 0.4121035015625 0.31571816406250003 0.42134005625000004 0.41944010625 0.44235767812500004 0.5652109859375 0.4437696875 0.569016 0.458140659375 0.5674305421875 0.4716825796875 0.5707775171875 0.47660192031250004 0.5750757640625 0.4838578796875 0.5883580765625 0.48741059375000007 0.6068899140624999 0.49802814375000004 0.6184811 0.53178978125 0.6037541890625 0.5990669640624999 0.5879702484375 0.6621559 0.5658270062499999 0.68544333125 0.5546761328125001 0.69172929375 0.5447407937500001 0.690807075 0.5265788828125 0.6128981 0.3439558390625 0.5336225046874999 0.175566384375 0.531089965625 0.172325078125 0.522954778125 0.17190231875 0.51311370625 0.1762886828125 0.4440207046875 0.2646674328125 0.430622125 0.27648768281249997 0.41459065624999997 0.3009208671875 0.4121035015625 0.31571816406250003
0 0.3772570046875 0.665691796875 0.3890882515625 0.69981361875 0.40491661875 0.7200717734375 0.420601640625 0.7251627093749999 0.43170898125 0.7223969984374999 0.45772486875 0.708744671875 0.483059840625 0.6892262812500001 0.5277830765625 0.669549296875 0.5436664140625 0.655914609375 0.5351919640625 0.6460673859375 0.5183864109375 0.6415401609375 0.5061609375 0.6318867203125 0.47528786875 0.5683993703125 0.4547312875 0.564065928125 0.4270596953125 0.574600259375 0.4134174203125 0.5871075234375 0.386715825 0.6208595046875 0.3780406703125 0.6427207625 0.3772570046875 0.665691796875
10 0.2769995890625 0.4215015078125 0.2623371359375 0.41871824375 0.21065181093750002 0.416498775 0.188040503125 0.45948143906250005 0.232369515625 0.464272834375 0.2503457765625 0.46030922968750004 0.2769995890625 0.4215015078125
10 0.171961253125 0.47885888125 0.15129713281249998 0.5293282640625 0.1560707296875 0.5314421515625 0.20249506093749997 0.53292176875 0.2253022859375 0.48419634531250005 0.171961253125 0.47885888125
10 0.2177523171875 0.7442411390625 0.235972275 0.7395905171875 0.2357787546875 0.732350415625 0.22866613593750001 0.734235325 0.210008959375 0.7323328609375 0.1461435453125 0.7384985562499999 0.1282150671875 0.7475179 0.125778090625 0.7543880765625001 0.1957335515625 0.744029803125 0.2177523171875 0.7442411390625
10 0.179936328125 0.5549944484375 0.16853750625 0.5533914359375001 0.1345345671875 0.5558225015625 0.12308317656250001 0.5751294734375 0.15148346562499998 0.5755169515625 0.17145708906249998 0.5711129453125 0.179936328125 0.5549944484375
10 0.1348690359375 0.591212690625 0.11338544843750001 0.5946830578125 0.10690356875 0.61036115625 0.15225754687499998 0.6044773609375 0.15225994375000002 0.5914945 0.1348690359375 0.591212690625
5 0.2714947640625 0.686161640625 0.2531792421875 0.6807007796875 0.2345506828125 0.7877169484375 0.23674156562499998 0.79451665 0.2451682328125 0.799308134375 0.2554990953125 0.7805648734374999 0.2714947640625 0.686161640625
1 0.44290469843749997 0.768691353125 0.43745497499999997 0.7347456765625 0.42844295624999995 0.7341996078124999 0.41650656250000007 0.7418977515625 0.4221999828125 0.7751564109375 0.4280941125 0.7767065875 0.44119881562499996 0.7735004765625 0.44290469843749997 0.768691353125
8 0.40586771875 0.3177263828125 0.41337456250000004 0.2913730953125 0.4039826890625 0.23739823750000003 0.395312321875 0.23329377031249998 0.2838732984375 0.3943378921875 0.2920514765625 0.425782115625 0.2802560328125 0.46163034375 0.286004421875 0.46099616093750007 0.40586771875 0.3177263828125
12 0.3433163546875 0.3305684703125 0.31886300625 0.3242444484375 0.304102596875 0.3243325640625 0.30039935156249997 0.32958208906249997 0.3103359875 0.33530720625 0.34063568125 0.3381256640625 0.34760255624999997 0.33405639374999996 0.3433163546875 0.3305684703125