8 0.226875 0.6183333328125 0.2575 0.6166666671875001 0.29 0.625 0.30625 0.625 0.32 0.6183333328125 0.349375 0.6133333328125 0.361875 0.6133333328125 0.36625 0.6166666671875001 0.37124999999999997 0.6116666671875 0.38375 0.6108333328125 0.409375 0.615 0.4175 0.625 0.418125 0.6458333328125 0.42312500000000003 0.6575 0.42125 0.6958333328124999 0.426875 0.7333333328125 0.429375 0.7991666671875 0.43187499999999995 0.8074999999999999 0.43375 0.8041666671875 0.4325 0.7791666671875 0.4375 0.7458333328125 0.43875000000000003 0.7175 0.43937499999999996 0.6691666671875 0.436875 0.6508333328125 0.445 0.6316666671875 0.48187499999999994 0.6316666671875 0.490625 0.6425 0.57375 0.6366666671875 0.589375 0.6458333328125 0.596875 0.6466666671875 0.650625 0.62 0.6599999999999999 0.6083333328125 0.6637500000000001 0.5808333328125 0.65125 0.5549999999999999 0.6325000000000001 0.5375 0.62 0.5183333328125 0.618125 0.5091666671875 0.61 0.5008333328125001 0.55125 0.49583333281249997 0.5387500000000001 0.49833333281250003 0.531875 0.5033333328125 0.509375 0.5 0.44749999999999995 0.505 0.3775 0.5016666671875 0.31875 0.5183333328125 0.3175 0.5225 0.3225 0.53 0.31875 0.5458333328125 0.284375 0.5483333328125 0.213125 0.5458333328125 0.181875 0.5583333328125 0.113125 0.5633333328125001 0.095 0.5700000000000001 0.075 0.5858333328125 0.065625 0.5891666671875 0.056874999999999995 0.5983333328125 0.05625 0.61 0.0625 0.6191666671875 0.093125 0.6174999999999999 0.13374999999999998 0.6208333328125 0.17625 0.6183333328125 0.198125 0.6116666671875 0.209375 0.6116666671875 0.226875 0.6183333328125
10 0.18687499999999999 0.4166666671875 0.205625 0.5166666671875 0.280625 0.5141666671875 0.344375 0.5075000000000001 0.335625 0.41333333281250006 0.33187500000000003 0.40499999999999997 0.1875 0.4108333328125 0.18687499999999999 0.4166666671875
10 0.045 0.3616666671875 0.044375 0.3883333328125 0.050624999999999996 0.41333333281250006 0.10874999999999999 0.4125 0.11625 0.4175 0.12437499999999999 0.4158333328125 0.125 0.40416666718750005 0.115625 0.3616666671875 0.045 0.3616666671875
10 0 0.525 0.034999999999999996 0.5441666671875 0.04375 0.5341666671875 0.039375 0.5116666671875 0.019375 0.45583333281250005 0.001875 0.4216666671875 0 0.4216666671875 0 0.525
10 0.36124999999999996 0.3566666671875 0.31124999999999997 0.3583333328125 0.31124999999999997 0.3708333328125 0.31625000000000003 0.3933333328125 0.34249999999999997 0.3958333328125 0.371875 0.40499999999999997 0.378125 0.4033333328125 0.3775 0.37333333281250003 0.374375 0.3591666671875 0.36124999999999996 0.3566666671875
5 0.27875 0.5208333328125 0.23625 0.5225 0.22625 0.5325 0.215625 0.5466666671875 0.21625 0.5491666671875 0.3225 0.5516666671875 0.335 0.525 0.2975 0.5225 0.288125 0.5258333328125 0.281875 0.525 0.27875 0.5208333328125
5 0.1025 0.5266666671875 0.084375 0.5275000000000001 0.081875 0.5358333328125 0.01125 0.5858333328125 0.01125 0.5900000000000001 0.021249999999999998 0.5908333328125 0.06 0.5825 0.0775 0.5633333328125001 0.10500000000000001 0.5491666671875 0.10874999999999999 0.5425 0.10687500000000001 0.5316666671875 0.1025 0.5266666671875
12 0.50625 0.49000000000000005 0.505625 0.48166666718749995 0.496875 0.48333333281249996 0.496875 0.49083333281249997 0.49375 0.49583333281249997 0.495 0.5441666671875 0.49749999999999994 0.5483333328125 0.506875 0.5491666671875 0.51 0.5458333328125 0.51 0.4966666671875 0.50625 0.49000000000000005
4 0.485 0.3675 0.473125 0.3616666671875 0.4725 0.3491666671875 0.468125 0.33999999999999997 0.4575 0.3375 0.45062499999999994 0.3641666671875 0.441875 0.3725 0.428125 0.3983333328125 0.42874999999999996 0.40833333281249995 0.448125 0.41 0.45499999999999996 0.41500000000000004 0.46312499999999995 0.40083333281250005 0.464375 0.39 0.49749999999999994 0.3891666671875 0.49749999999999994 0.3866666671875 0.485 0.3675
8 0.73 0.5058333328125 0.733125 0.5 0.733125 0.4925 0.721875 0.47750000000000004 0.7075 0.4725 0.634375 0.4258333328125 0.62 0.42000000000000004 0.5806250000000001 0.42000000000000004 0.57125 0.4258333328125 0.56125 0.445 0.56125 0.4583333328125 0.58875 0.495 0.62 0.5158333328125 0.63125 0.5091666671875 0.6475 0.5075000000000001 0.689375 0.5116666671875 0.70125 0.5075000000000001 0.73 0.5058333328125
0 0.55375 0.40499999999999997 0.52125 0.4058333328125 0.5081249999999999 0.4158333328125 0.5075000000000001 0.42083333281249996 0.5118750000000001 0.4233333328125 0.545625 0.42750000000000005 0.5525 0.43166666718749996 0.559375 0.4308333328125 0.5650000000000001 0.4233333328125 0.56375 0.41 0.55375 0.40499999999999997