8 0.7962528468750001 0 0.7586122843750001 0.02095534375 0.739250375 0.0285306015625 0.7247964640625 0.0434983828125 0.7134022843750001 0.05015152656250001 0.6953364093750001 0.050441982812499994 0.5594648203125 0.1204526421875 0.542741565625 0.1320826296875 0.5384824453125 0.141097596875 0.51302265 0.1485031484375 0.3631743140625 0.2462590421875 0.29760321093750003 0.2789510359375 0.2378927140625 0.304490671875 0.22622587031250002 0.30384241562500003 0.1959072609375 0.3206131 0.1897808921875 0.3288532140625 0.1879887109375 0.3382928703125 0.20499843437499998 0.350742603125 0.2749589328125 0.386363428125 0.28435643437499997 0.3836738890625 0.3112744796875 0.36609108749999997 0.3215443390625 0.3703527828125 0.33247515625 0.36770050468750004 0.379850953125 0.340037428125 0.38331278125 0.3342857328125 0.33903728125 0.3219028859375 0.3382602703125 0.30930051718749996 0.37959124375000003 0.2674481015625 0.4179716359375 0.24503750625 0.4388314796875 0.23752017187500002 0.456767925 0.24196817343750002 0.45970512656249995 0.2467811546875 0.458376309375 0.25221994531249997 0.46151110937500006 0.2541198171875 0.474036509375 0.24494099062500002 0.48001964218750004 0.2246610171875 0.48607784374999996 0.21459555312499998 0.5132685546875 0.20431415468749997 0.5295897140625 0.1901212265625 0.537460796875 0.195783584375 0.5380061281249999 0.2103863875 0.5454069515625 0.21166045000000003 0.5989160140625 0.18414641874999998 0.6125182703125 0.1873948796875 0.6369012109375001 0.167562040625 0.695787025 0.1322456015625 0.70934160625 0.138319628125 0.70229541875 0.162950634375 0.7150934828125 0.1610732109375 0.8182476859375001 0.10923389531250001 0.8953083140625001 0.06423762656250001 0.8662260390625001 0 0.7962528468750001 0
8 0 0.511362209375 0.0452012125 0.5102623203125 0.057869846875 0.5131233515625 0.0777960671875 0.505218590625 0.1197746203125 0.4807070015625 0.1193043578125 0.476318709375 0.09736765625 0.47140875781249997 0.1025604 0.462781215625 0.1271478375 0.44842442968749996 0.1484097796875 0.4434700375 0.1634021203125 0.43471589843749997 0.2264312125 0.3913847078125 0.232359984375 0.386057703125 0.2339545671875 0.37953115625 0.17099969375 0.3510106109375 0.160334640625 0.352575134375 0 0.4405234578125 0 0.511362209375
5 0.7168787609375 0.1432443953125 0.723522853125 0.11605044687499999 0.7195225953125 0.11558849687499999 0.6925363828125 0.1313459453125 0.6227743265625 0.17487825625 0.6185290078125 0.20067154375000001 0.6202668234375001 0.20618485468749997 0.6235992234375 0.20517161874999998 0.6713089484375 0.178246134375 0.7125514749999999 0.1504340125 0.7168787609375 0.1432443953125
5 0.22799213593749998 0.4249786078125 0.252572671875 0.4022326609375 0.2477682234375 0.396644825 0.2384319859375 0.39277055625 0.22429820312499998 0.3916976125 0.1512106515625 0.44463231875 0.149813665625 0.4482457578125 0.1543523515625 0.45492134999999995 0.1706873125 0.45750673906249995 0.2119980046875 0.43151996875 0.22799213593749998 0.4249786078125
5 0.521480471875 0.2191032640625 0.5206693765625 0.2055882171875 0.5099361578125 0.205327390625 0.484081165625 0.2185591578125 0.48299135312499997 0.2714197953125 0.4849267640625 0.27401999843749997 0.49439243125 0.273155809375 0.4967981078125 0.28014430625000003 0.5055959125 0.27780493125 0.510720490625 0.2673520390625 0.521480471875 0.2191032640625
10 0.776617709375 0.23332763750000002 0.7739462703125 0.227426896875 0.7324914984374999 0.15930756875000002 0.7233597625 0.16090935 0.6353342328125 0.2076452265625 0.6153467453125 0.222113796875 0.614154259375 0.2312032875 0.6321114078125001 0.260818765625 0.6511454125 0.3028615328125 0.6585462359375 0.304135596875 0.7755546546875001 0.23767866875000002 0.776617709375 0.23332763750000002
10 0.5329307046875 0.361629634375 0.5313904859374999 0.3532032140625 0.5078177937499999 0.3044848546875 0.4932681109375 0.28407065 0.48093340781249994 0.2819472078125 0.4713383109375 0.28754985624999996 0.445626553125 0.312821484375 0.41064672656249995 0.33604419375 0.38666588125 0.358439975 0.40530469374999994 0.4063089578125 0.4207267328125 0.43367439843750005 0.425660615625 0.4345237734375 0.43465601875 0.42927129218750004 0.5329307046875 0.361629634375
10 0.214820425 0.53991596875 0.21887504687499998 0.5254249484375 0.20925234375 0.4974709625 0.199752171875 0.45638935468749997 0.19721706562500002 0.454139315625 0.1905522671875 0.4561657875 0.076876246875 0.5216094828125 0.0738165125 0.52992411875 0.08899349375 0.58354479375 0.0973417421875 0.6019846046875 0.101744096875 0.6050094984375 0.10840889218750001 0.602983025 0.214820425 0.53991596875
10 0.20417607499999998 0.566647965625 0.194976171875 0.5664243984375 0.144601909375 0.5958383031250001 0.14400911562500002 0.6045776296875001 0.1617004984375 0.635280865625 0.21540716249999997 0.6048537265625 0.20945078593750002 0.5766240953125 0.20417607499999998 0.566647965625
10 0.3831306765625 0.5181096421875 0.3877918921875 0.5116576171875 0.3714974921875 0.4773409421875 0.3624951875 0.47420426562499995 0.317852096875 0.5012042734375 0.334882521875 0.538821484375 0.3428830390625 0.539745384375 0.3654737984375 0.5293522015625001 0.3831306765625 0.5181096421875
10 0.6144760765624999 0.3792950453125 0.6023933359375 0.359305528125 0.5907264921875 0.35865727187499996 0.55101038125 0.37811749687499996 0.5478824828125 0.3846067828125 0.5474941875 0.398822159375 0.5606399859375 0.4144606421875 0.5699080546874999 0.41650956250000004 0.61261573125 0.38690935 0.6144760765624999 0.3792950453125