8 0.771875 0.5258333328125 0.770625 0.5225 0.729375 0.5183333328125 0.723125 0.5133333328125 0.7150000000000001 0.5133333328125 0.711875 0.5358333328125 0.708125 0.5433333328125001 0.645 0.5441666671875 0.641875 0.5433333328125001 0.623125 0.5158333328125 0.6168750000000001 0.5008333328125001 0.6 0.49916666718749997 0.576875 0.5008333328125001 0.586875 0.5183333328125 0.590625 0.5308333328125 0.5912499999999999 0.5691666671875 0.5825 0.5766666671875 0.5393749999999999 0.58 0.5118750000000001 0.5791666671875 0.49625 0.5608333328125 0.49874999999999997 0.5549999999999999 0.49749999999999994 0.5433333328125001 0.49375 0.5391666671875 0.4875 0.5416666671875 0.485 0.5366666671875 0.49437499999999995 0.5133333328125 0.49124999999999996 0.5075000000000001 0.39375 0.5075000000000001 0.385625 0.5191666671874999 0.36 0.5991666671875 0.359375 0.6083333328125 0.3625 0.6166666671875001 0.3825 0.6174999999999999 0.593125 0.6091666671875 0.8168749999999999 0.5958333328125 0.821875 0.5933333328125 0.8225 0.5858333328125 0.795625 0.5591666671875 0.770625 0.5541666671875001 0.7618750000000001 0.5475 0.760625 0.5366666671875 0.771875 0.5258333328125
0 0.599375 0.5591666671875 0.598125 0.5441666671875 0.5862499999999999 0.5116666671875 0.58125 0.5041666671875 0.571875 0.49916666718749997 0.548125 0.49583333281249997 0.51125 0.49749999999999994 0.49812500000000004 0.5025000000000001 0.489375 0.5141666671875 0.48 0.5358333328125 0.45625 0.545 0.4575 0.5549999999999999 0.465 0.5599999999999999 0.49124999999999996 0.5641666671875 0.501875 0.5791666671875 0.51625 0.5858333328125 0.5862499999999999 0.5866666671874999 0.59375 0.5841666671875 0.5962500000000001 0.5791666671875 0.599375 0.5591666671875
10 0.803125 0.4783333328125 0.8081250000000001 0.47083333281249995 0.8150000000000001 0.4216666671875 0.8237500000000001 0.3883333328125 0.711875 0.3891666671875 0.7075 0.39249999999999996 0.7068749999999999 0.3975 0.6993750000000001 0.4716666671875 0.70375 0.4791666671875 0.803125 0.4783333328125
10 0.75125 0.38416666718750003 0.76125 0.33166666718750004 0.6900000000000001 0.3283333328125 0.6837500000000001 0.3591666671875 0.6837500000000001 0.38333333281250004 0.75125 0.38416666718750003
10 0.628125 0.3758333328125 0.63375 0.33166666718750004 0.5725 0.3308333328125 0.568125 0.3333333328125 0.5662499999999999 0.3483333328125 0.566875 0.38333333281250004 0.62375 0.38333333281250004 0.62625 0.3825 0.628125 0.3758333328125
10 0.9025000000000001 0.3275 0.8462500000000001 0.3266666671875 0.840625 0.3341666671875 0.8318749999999999 0.3791666671875 0.889375 0.38 0.8931250000000001 0.37666666718749997 0.905 0.32999999999999996 0.9025000000000001 0.3275
10 0.9981249999999999 0.3775 0.999375 0.3775 0.999375 0.3275 0.9737500000000001 0.3291666671875 0.9574999999999999 0.3675 0.9556250000000001 0.3883333328125 0.9731249999999999 0.3933333328125 0.99375 0.39249999999999996 0.9981249999999999 0.3775
4 0.8975 0.36 0.89875 0.3675 0.940625 0.37333333281250003 0.944375 0.3383333328125 0.9356249999999999 0.32999999999999996 0.93875 0.32083333281250004 0.938125 0.3133333328125 0.923125 0.3091666671875 0.9125 0.31416666718749997 0.9075 0.3225 0.9087500000000001 0.3383333328125 0.9012499999999999 0.34750000000000003 0.8975 0.36
4 0.984375 0.4216666671875 0.9793749999999999 0.4158333328125 0.9625 0.4066666671875 0.946875 0.4033333328125 0.9356249999999999 0.4291666671875 0.9331250000000001 0.43916666718749997 0.9737500000000001 0.43833333281250003 0.98375 0.4291666671875 0.984375 0.4216666671875
4 0.9324999999999999 0.4066666671875 0.930625 0.4033333328125 0.8868750000000001 0.40416666718750005 0.889375 0.4183333328125 0.9125 0.42083333281249996 0.9193749999999999 0.42416666718749996 0.923125 0.43166666718749996 0.9324999999999999 0.4066666671875
1 0.42125 0.5291666671875 0.42750000000000005 0.5141666671875 0.41 0.5133333328125 0.40374999999999994 0.5216666671875 0.403125 0.53 0.42125 0.5291666671875
12 0.26749999999999996 0.5016666671875 0.27 0.5058333328125 0.27999999999999997 0.505 0.28250000000000003 0.5016666671875 0.28250000000000003 0.49416666718749996 0.275625 0.4575 0.26875 0.445 0.26437499999999997 0.4441666671875 0.260625 0.44749999999999995 0.259375 0.46333333281250005 0.26749999999999996 0.5016666671875