10 0 0.6799999999999999 0.059375 0.6825 0.07062500000000001 0.6791666671875001 0.07375000000000001 0.6725 0.07125000000000001 0.6475 0.071875 0.6174999999999999 0.06687499999999999 0.5733333328125 0.057499999999999996 0.5666666671875 0.0075 0.5658333328125 0 0.5666666671875 0 0.6799999999999999
10 0.13625 0.5341666671875 0.134375 0.5091666671875 0.13187500000000002 0.5058333328125 0.06999999999999999 0.5066666671875 0.068125 0.51 0.0725 0.5316666671875 0.073125 0.5599999999999999 0.1025 0.5641666671875 0.129375 0.5633333328125001 0.133125 0.5599999999999999 0.13625 0.5475 0.13625 0.5341666671875
10 0.653125 0.5641666671875 0.586875 0.5683333328125 0.590625 0.7133333328125 0.778125 0.7158333328125 0.784375 0.7133333328125 0.7875 0.7066666671874999 0.784375 0.6875 0.784375 0.5758333328125 0.781875 0.5641666671875 0.653125 0.5641666671875
10 0.410625 0.7166666671875 0.403125 0.5783333328125 0.28500000000000003 0.5608333328125 0.286875 0.6141666671875 0.2925 0.6775 0.29500000000000004 0.6816666671875 0.343125 0.6958333328124999 0.36 0.705 0.398125 0.7183333328125 0.40750000000000003 0.72 0.410625 0.7166666671875
10 0.578125 0.4933333328125 0.57875 0.5091666671875 0.57625 0.5208333328125 0.5756249999999999 0.5391666671875 0.58125 0.5441666671875 0.659375 0.5433333328125001 0.6643749999999999 0.5391666671875 0.6625 0.4933333328125 0.658125 0.49083333281249997 0.5806250000000001 0.4916666671875 0.578125 0.4933333328125
10 0.27749999999999997 0.5458333328125 0.338125 0.545 0.33999999999999997 0.5391666671875 0.339375 0.49916666718749997 0.334375 0.49749999999999994 0.27749999999999997 0.49749999999999994 0.27749999999999997 0.5458333328125
4 0.8025 0.5358333328125 0.8306250000000001 0.5349999999999999 0.8318749999999999 0.5316666671875 0.8018750000000001 0.4875 0.8 0.47083333281249995 0.7943749999999999 0.4608333328125 0.76625 0.45499999999999996 0.76 0.465 0.75125 0.4933333328125 0.73875 0.505 0.724375 0.5416666671875 0.72375 0.5558333328125 0.7262500000000001 0.5625 0.780625 0.5608333328125 0.784375 0.5691666671875 0.790625 0.5691666671875 0.79375 0.5633333328125001 0.7975 0.5416666671875 0.8025 0.5358333328125
8 0.961875 0.8216666671875 0.890625 0.7341666671875 0.8775000000000001 0.73 0.7112499999999999 0.725 0.7106250000000001 0.7283333328125 0.7212500000000001 0.7325 0.7631249999999999 0.7375 0.76875 0.7474999999999999 0.774375 0.7691666671874999 0.7681250000000001 0.7808333328125 0.61375 0.7666666671875 0.5974999999999999 0.75 0.59375 0.7508333328125001 0.585 0.7666666671875 0.49749999999999994 0.7641666671875 0.489375 0.7716666671875 0.4725 0.8216666671875 0.4725 0.8333333328125001 0.480625 0.8366666671875 0.713125 0.8574999999999999 0.999375 0.8783333328125 0.999375 0.8616666671875001 0.9974999999999999 0.8574999999999999 0.9862500000000001 0.8491666671875 0.961875 0.8216666671875
8 0.228125 0.7033333328125 0.215 0.7066666671874999 0.21375000000000002 0.7108333328125 0.205625 0.7158333328125 0.193125 0.7125 0.174375 0.7133333328125 0.159375 0.7241666671875 0.15625 0.7424999999999999 0.1525 0.7483333328125 0.123125 0.7491666671874999 0.0775 0.7825 0.055625 0.795 0.053125 0.7991666671875 0.205 0.8141666671875001 0.44125 0.8291666671875 0.45062499999999994 0.8141666671875001 0.4575 0.7883333328125001 0.328125 0.7133333328125 0.316875 0.7041666671875 0.228125 0.7033333328125
8 0 0.7941666671875 0.028749999999999998 0.7983333328125 0.043125000000000004 0.7908333328125 0.090625 0.755 0.08875 0.75 0.065 0.7491666671874999 0.059375 0.745 0.06375 0.7383333328125 0.0775 0.7316666671875 0.078125 0.7275 0.036875000000000005 0.7183333328125 0 0.7233333328125 0 0.7941666671875
8 0.06875 0.9475 0.06875 0.9175000000000001 0.065 0.9025000000000001 0.065625 0.875 0.061250000000000006 0.8416666671874999 0.061250000000000006 0.8241666671875001 0.065625 0.82 0.06687499999999999 0.8116666671875 0.064375 0.8091666671875 0.042499999999999996 0.8108333328124999 0.0375 0.8125 0.034999999999999996 0.8191666671875 0.035625000000000004 0.8466666671875 0.03875 0.8591666671875 0.0375 0.8925000000000001 0.042499999999999996 0.9091666671875 0.042499999999999996 0.9241666671875001 0.038125 0.945 0.028125 0.9475 0.06875 0.9475
8 0.44312500000000005 0.8316666671874999 0.44125 0.8341666671875 0.44437499999999996 0.8558333328125001 0.44125 0.9475 0.4725 0.9475 0.47437500000000005 0.9058333328125 0.46687500000000004 0.8525 0.4625 0.8358333328124999 0.44312500000000005 0.8316666671874999
5 0.711875 0.7308333328125001 0.6900000000000001 0.7141666671875 0.671875 0.7141666671875 0.66875 0.72 0.6587500000000001 0.7224999999999999 0.623125 0.7241666671875 0.618125 0.7266666671875 0.61375 0.7358333328125 0.6131249999999999 0.7558333328125 0.6212500000000001 0.7641666671875 0.75 0.7791666671875 0.7693749999999999 0.7783333328125 0.771875 0.7725 0.77125 0.7608333328125 0.7631249999999999 0.7391666671875 0.711875 0.7308333328125001
5 0.4625 0.7041666671875 0.44125 0.7041666671875 0.43 0.7141666671875 0.416875 0.735 0.399375 0.7791666671875 0.39875 0.7833333328125 0.40125 0.7866666671875 0.44375 0.7825 0.449375 0.76 0.456875 0.745 0.45999999999999996 0.7266666671875 0.465625 0.7150000000000001 0.4625 0.7041666671875
5 0.12 0.6983333328125 0.071875 0.6908333328125 0.059375 0.6916666671875 0.0375 0.7008333328125 0.03625 0.7075 0.041875 0.7125 0.099375 0.7291666671875 0.12062500000000001 0.7266666671875 0.13874999999999998 0.7166666671875 0.14625 0.7091666671875 0.14375 0.705 0.12 0.6983333328125