4 0.4961643015625 0.221678990625 0.48912538593750005 0.222635196875 0.4651437203125 0.23537968125000003 0.420080559375 0.244211796875 0.38159378125 0.2328157890625 0.3655328328125 0.23734668281250001 0.33389696875 0.26115973124999997 0.32964072031249997 0.268062378125 0.3264387875 0.2886452453125 0.31655845312499997 0.29495665781249997 0.29996447187499997 0.29377760468749997 0.2852478578125 0.310323034375 0.286639190625 0.3132962546875 0.3228998375 0.3199351109375 0.3305187875 0.315647534375 0.3427075 0.29827096875 0.3483550828125 0.29434154375 0.39473907812500003 0.30204461875 0.43075670781250003 0.301307846875 0.44906728906250004 0.2970134453125 0.470521053125 0.283437825 0.48185146874999996 0.268797984375 0.49067748437500003 0.24880635 0.502262665625 0.23928181406250001 0.503132715625 0.23428475624999998 0.4961643015625 0.221678990625
8 0.424588390625 0.45953429687499997 0.387555428125 0.38496731875 0.318522353125 0.4042835921875 0.3092103046875 0.40952396406249997 0.3066001546875 0.4245151296875 0.301520853125 0.427373515625 0.3009055734375 0.43748587343749995 0.294979721875 0.44082065625 0.294109671875 0.4458177109375 0.3745404796875 0.615409465625 0.40666237499999996 0.606347678125 0.44016385468749997 0.602519440625 0.4463444703125 0.6042999609375 0.43663665468749996 0.6315489796875 0.419309890625 0.6630855734375001 0.4365741703125 0.69769316875 0.4489824015625 0.692212890625 0.45691486875000004 0.6817389703125001 0.468268784375 0.6625784718750001 0.4867908640625 0.6175981484374999 0.4874178984375 0.6052254609375 0.433803775 0.48836892968749995 0.424588390625 0.45953429687499997
12 0.3728388125 0.40151274687500005 0.37729107968750003 0.41102704843750004 0.40127274531249996 0.3982825640625 0.4136927265625 0.390541959375 0.42387482343749994 0.38030453125 0.421926959375 0.376142025 0.40078671093749996 0.383531303125 0.3728388125 0.40151274687500005
0 0.4110665421875 0.30036869843749997 0.397243478125 0.30739641406249996 0.3906905953125 0.323103884375 0.39234844375 0.3289320765625 0.3976942609375 0.3289286640625 0.40917369375 0.3397470890625 0.4225422421875 0.36602966718749996 0.430125940625 0.3685230765625 0.430948990625 0.3725673375 0.43799965625 0.369350803125 0.4445642890625 0.351383003125 0.443568721875 0.3264011359375 0.439406475 0.3152211484375 0.425410890625 0.301311259375 0.4110665421875 0.30036869843749997
8 0.556576490625 0.6158881093749999 0.559997940625 0.6072015328125 0.564881221875 0.5879262 0.5618437921874999 0.5768644593750001 0.5686396890625 0.568532621875 0.571818121875 0.5524704125000001 0.5617887734375 0.5333235625 0.550517109375 0.53666175625 0.5459943421875 0.5407094296875 0.5378423609375 0.539287059375 0.5306544265625 0.5147850015625 0.527268228125 0.5166905921875 0.5102197296875 0.5488218328125 0.49227768125000004 0.5904707874999999 0.4835339171875 0.5946401171875 0.48964403125 0.6099826125 0.48421596562499997 0.625808328125 0.517180678125 0.6711126859375 0.52832309375 0.6926381125 0.5399905265625 0.6672912703125 0.545140325 0.6508709109375 0.5409663265625 0.6419512515625 0.5421263921875 0.6352885125000001 0.546986175 0.6205338375 0.556576490625 0.6158881093749999
10 0.5996324875 0.45192783125 0.56352085625 0.4707472375 0.567867375 0.5006045 0.606506903125 0.4826162328125 0.5996324875 0.45192783125
10 0.548000959375 0.5335702906249999 0.549960575 0.53547246875 0.5973673703125 0.5087942109375 0.5991427218750001 0.49201911249999997 0.5844848546875 0.49726289531249995 0.557673525 0.5131022578125 0.5511676421875 0.519768409375 0.548000959375 0.5335702906249999
10 0.48148721875 0.33886818750000003 0.48738956875 0.3400540640625 0.5321862125 0.328366971875 0.54629929375 0.319673571875 0.551958628125 0.31348381718749996 0.547749378125 0.31134514687500003 0.522631146875 0.3262317140625 0.5029409828125 0.325292565625 0.48148721875 0.33886818750000003
10 0.6056523375 0.430510415625 0.5703755078125 0.451113753125 0.57708915625 0.45860421875 0.6072866859375 0.44085926718749996 0.6056523375 0.430510415625
10 0.6065811359375 0.41421171562500003 0.58061635625 0.42957468125 0.5882000546875 0.4320680890625 0.60796071875 0.41944526406250005 0.6065811359375 0.41421171562500003
10 0.566001209375 0.318352390625 0.5643316078125 0.314784528125 0.5584175109375 0.3158589796875 0.5409064781249999 0.3287183 0.5448257109375 0.33252265625 0.566001209375 0.318352390625