4 0.31689365468749997 1 0.31494195 0.9954573953124999 0.3087994703125 0.9529556421875001 0.30301180625 0.9532873203125 0.27068995625 0.9695745640625001 0.258131696875 0.961949040625 0.23606339062499998 0.9099848375 0.23277887812500003 0.8960989859374999 0.2395338765625 0.8874568828125 0.26975144218749997 0.8746734234375 0.26738280312499996 0.8646595874999999 0.26401524374999996 0.8628226625 0.2375680015625 0.8708791296875 0.2286771359375 0.882891496875 0.21842006875000003 0.913928034375 0.2049178703125 0.939511890625 0.19867598125000002 0.9585899281250001 0.20029055625 0.9695491609375001 0.196520234375 0.9742761515625 0.1724061484375 0.9880631125000001 0.1613360015625 1 0.31689365468749997 1
4 0.344733734375 0.9312738171875001 0.35024105625 0.9338903046875 0.36074649999999997 0.9328371687500001 0.37867015937500004 0.92594580625 0.3848605828125 0.919050209375 0.376230553125 0.9073652843750001 0.3738264328125 0.89306810625 0.3798589484375 0.8855049203125 0.390084053125 0.88739995 0.3931712734375 0.8921850453125 0.406570546875 0.8909660703125001 0.410498778125 0.88690666875 0.408165621875 0.8811761765625 0.38187276875 0.8526853234375 0.36554418437499997 0.8497867937500001 0.3562665359375 0.8518972953124999 0.35051435625 0.8565123171875 0.3454807578125 0.8558985968749999 0.3327645875 0.8476054859375 0.3305893390625 0.8425425843750001 0.323293546875 0.8447650578125 0.30282735625 0.85744078125 0.30302075 0.8623917140625 0.344733734375 0.9312738171875001
4 0.3283786078125 0.8331963375000001 0.348528978125 0.819185434375 0.34666954843750003 0.8154577109375 0.322255625 0.8114437109375 0.30841810937499997 0.8149432593749999 0.300719553125 0.8237296546874999 0.299230925 0.8463695781249999 0.3283786078125 0.8331963375000001
4 0 0.3214582953125 0.004149296875 0.3221948484375 0.03475364375 0.319313253125 0.0562737359375 0.3234930921875 0.065306528125 0.3286140984375 0.0844934625 0.3270634453125 0.0970162421875 0.3304056234375 0.10871399374999999 0.3261265125 0.1080113921875 0.314889471875 0.1043280171875 0.31171736562499996 0.07254733906250001 0.3013591515625 0.0676521484375 0.2806638921875 0.059531328125000005 0.27526507968749997 0 0.27741750625 0 0.3214582953125
10 0.195810878125 0.5207435234375 0.204930615625 0.51796543125 0.20885884843750002 0.513906028125 0.2051045078125 0.5021672359375 0.18926563125 0.4848056875 0.1647807453125 0.4722249984375 0.086122115625 0.48688232343750004 0.0764062234375 0.491273403125 0.0978428875 0.5405672499999999 0.1024382390625 0.5434615468749999 0.195810878125 0.5207435234375
10 0.18592623125000002 0.7806880453125 0.1927128125 0.7721794625 0.190659990625 0.7635008062499999 0.17013881875 0.7511440578124999 0.1558950171875 0.72399261875 0.12774625312500001 0.7289889515625 0.12004770000000001 0.73777534375 0.1077537921875 0.7436674421875 0.107702328125 0.7558498828125 0.1254910984375 0.8062549671875001 0.18592623125000002 0.7806880453125
10 0.0747366640625 0.4552817 0.1161267921875 0.448398803125 0.14178448593749998 0.43700438906250005 0.145554809375 0.432277396875 0.1406081578125 0.42376457968750003 0.10591766875 0.4300379890625 0.05140860781249999 0.43519169375000005 0.046007726562500004 0.44542523593750005 0.04592078125 0.45332433437499997 0.0747366640625 0.4552817
10 0.11326653906249999 0.6181734125 0.1155287328125 0.6153372187499999 0.10849377812500001 0.5938624 0.1026706328125 0.589910734375 0.05980785937500001 0.60296776875 0.0595984890625 0.6144826218749999 0.067825753125 0.6327314656249999 0.11326653906249999 0.6181734125
10 0.060803259374999995 0.5575759515625001 0.07963889375 0.5504067796875 0.0909498625 0.5362258046874999 0.0881429765625 0.528492546875 0.057258292187500004 0.534322309375 0.038422659375 0.54149148125 0.0409846890625 0.5564562484375 0.04573795 0.560018134375 0.060803259374999995 0.5575759515625001
10 0.070978803125 0.40632799375 0.064768878125 0.3924744671875 0.037058359375 0.3951902234375 0.0188188796875 0.40074640937500006 0.0247129890625 0.4132647609375 0.058369078124999994 0.4108849140625 0.070978803125 0.40632799375
8 0.17978755468750002 0.4075354375 0.18464725937499998 0.423947353125 0.210782203125 0.451770615625 0.2366173109375 0.46179291874999995 0.2488952359375 0.47236660625000004 0.250422865625 0.4912249375 0.2372010046875 0.5138606265625 0.23683372343750003 0.5247078875 0.2933121796875 0.57334685 0.3182193296875 0.60011274375 0.471693396875 0.7322838328125 0.48670724375 0.7420240921875 0.49233699687500004 0.741024825 0.50313875625 0.720557740625 0.52032433125 0.6981459906249999 0.5235499640625 0.682849546875 0.56440785625 0.611716503125 0.5667215140625 0.5966978671875001 0.5937259109374999 0.54553015625 0.6067189 0.5136601921875 0.60685730625 0.493578653125 0.5867743812499999 0.4789413296875 0.505534221875 0.4578847578125 0.3820594046875 0.41534066718749996 0.2674080109375 0.3894324328125 0.209792225 0.36905191875 0.1950072515625 0.368545934375 0.1887813453125 0.37115818749999996 0.18259091875 0.3780537859375 0.17996144375 0.3917372421875 0.17978755468750002 0.4075354375
12 0.300027796875 0.5562715796875 0.3625157484375 0.5393833156250001 0.371161759375 0.5346024546875 0.373984628125 0.5258699296875 0.36872215625 0.516021934375 0.348939065625 0.5191855734375 0.295570853125 0.53329574375 0.2762969734375 0.5427454921875 0.27359653281249996 0.5478622640624999 0.276561328125 0.5562631109375 0.300027796875 0.5562715796875
0 0.4000974390625 1 0.39526661875 0.9795768656250001 0.376008721875 0.9725608328125 0.3644848578125 0.9610417453125001 0.339313353125 0.9207582328124999 0.3269484828125 0.9180836421875 0.322546521875 0.920140278125 0.31181572812499997 0.9491740484375001 0.3204023984375 1 0.4000974390625 1