8 0.5265102609375 0.6619961109375 0.4365738484375 0.6753940218750001 0.42929552812500005 0.6692183734375 0.43271216562500003 0.6503393234375 0.45898875781250004 0.6443235031250001 0.46616039843749996 0.6385982234375 0.461847075 0.6374512265625001 0.252409328125 0.6634521609374999 0.24437436250000003 0.6757321859375 0.235119378125 0.6662041046875 0.1849211828125 0.6723603453125 0.111228103125 0.7262607156249999 0.07603489062499999 0.7547812734375 0.0649982671875 0.769372578125 0.1499197015625 0.7622734484375 0.6231633734375001 0.7007013390625 0.63831499375 0.69370593125 0.631414996875 0.678302446875 0.6149183515625001 0.6552587859375001 0.6028050484375 0.6526029828125 0.5554285140624999 0.6592268781249999 0.5466402015625 0.656041853125 0.5265102609375 0.6619961109375
8 0.839816021875 0.5937937484375 0.7991078 0.5956892359375 0.7372629749999999 0.6055327296875 0.7299296656250001 0.6103669796875 0.7314029984375 0.614716290625 0.725543025 0.6238998484375 0.7133747328125 0.632253940625 0.7141647375 0.6403790578125 0.7184597312500001 0.6451960203125 0.7142530859375 0.6559499515625 0.6994614593749999 0.657387490625 0.6886231640625 0.6655298953125001 0.6563799218749999 0.6688283484374999 0.6522099359375 0.672242346875 0.6569349421874999 0.6907422984375 0.6717082375000001 0.6929747265625 0.9025692609375 0.668147778125 0.977875715625 0.657078434375 0.9775707125 0.651626409375 0.9217324984375 0.62292661875 0.9034725437500001 0.6203323796875 0.8889159046874999 0.607981084375 0.8725076078124999 0.60050831875 0.839816021875 0.5937937484375
8 0.9688557156250001 0.633761521875 0.982902134375 0.64002333125 0.9841840875000001 0.5959654453125001 0.9620473671875001 0.600008209375 0.95803905 0.6043132375 0.9634840421875 0.6116974484375 0.956275740625 0.624762659375 0.9688557156250001 0.633761521875
10 0.40231215000000004 0.550667046875 0.4119054984375 0.5922279453125 0.4166821921875 0.6336387218749999 0.4224871796875 0.6354650609375 0.537028521875 0.6181509203125 0.53970684375 0.614057578125 0.538001825 0.5895763796875 0.5295951343749999 0.543242796875 0.5250134671875 0.5293038421875 0.5192084796875001 0.5274775046875 0.46669195781250006 0.5321692140625001 0.40633879687499996 0.542692053125 0.40231215000000004 0.550667046875
10 0.96706565 0.55978870625 0.985207209375 0.56080304375 0.9869805968750001 0.499855659375 0.98134406875 0.46878986093749997 0.9666788937499999 0.470924340625 0.9618406109375 0.5083649078125 0.9626456453125 0.54674078125 0.96706565 0.55978870625
8 0.6681130703125 0.514778340625 0.6664414078124999 0.516877934375 0.6709097984375 0.5867574062500001 0.6744664765625 0.606360075 0.6794264671875 0.61107119375 0.6897247734375 0.61126559375 0.7587962296875 0.584686921875 0.761026209375 0.5705805578125 0.7544862046875 0.549619203125 0.7468845515625 0.541661496875 0.7352745796875 0.5380088171875 0.7186345968750001 0.5104041609375 0.7110146140625 0.50611641875 0.6681130703125 0.514778340625
10 0.7137112640625001 0.498353109375 0.7690677734375 0.4904590875 0.7639677453125 0.4472662515625 0.7581627609375 0.4454399109375 0.707622903125 0.4534840578125 0.70444125 0.45857427343749996 0.7092362734375001 0.49631508281250003 0.7137112640625001 0.498353109375
10 0.9391456265624999 0.4624719875 0.943495609375 0.4562790546875 0.944197265625 0.44883327968750003 0.9446122484374999 0.4322655109375 0.9418272484375001 0.424457925 0.88381074375 0.43277532343749997 0.88230075 0.435765946875 0.8878157640625 0.462391015625 0.8987607375 0.46614953750000004 0.9391456265624999 0.4624719875
10 0.4840368984375 0.5184073734375 0.52276845625 0.5131594515625 0.5274601031249999 0.5050786109375001 0.5285584125 0.484735034375 0.5264384125 0.476821603125 0.5158167703125 0.474845140625 0.47291522812500003 0.4835070640625 0.4700752375 0.4867093765625 0.469623596875 0.5106170750000001 0.4840368984375 0.5184073734375
10 0.7402829609375 0.5995514828124999 0.743806278125 0.5925733609375 0.7616178890625 0.5851545781249999 0.7628994953125 0.5281113421875 0.7574028140625 0.4978163078125 0.663638078125 0.512740315625 0.67241649375 0.617687503125 0.707984728125 0.61385983125 0.7341363109375 0.59961305 0.7402829609375 0.5995514828124999
4 0.367147165625 0.473755471875 0.3656522015625 0.506996853125 0.368077209375 0.5203623078125 0.3720305390625 0.527067175 0.3902721640625 0.5333313796875 0.4108687765625 0.53372018125 0.4321487171875 0.5303331734375 0.428213715625 0.519958340625 0.40657708281250005 0.4949824953125 0.39414044375 0.49054462968749996 0.3807887921875 0.4697506859375 0.3729888140625 0.4682418796875 0.367147165625 0.473755471875
0 0.28584583124999996 0.5875395796875 0.3011407875 0.5851051671875 0.30931909218750003 0.5773861375 0.345085653125 0.5671095640625 0.348267303125 0.562019346875 0.346793971875 0.5576700390625 0.2996524234375 0.5505051 0.2878441234375 0.553301325 0.28081581875 0.5635876015625 0.28104750625 0.583719490625 0.28584583124999996 0.5875395796875
0 0.5942799484375 0.5301969921875 0.5987915984375001 0.5248950875 0.593221596875 0.509279915625 0.568131665625 0.510523053125 0.5504633937500001 0.5225028359375 0.550265065625 0.5289517359375 0.5676616953125 0.53810071875 0.5942799484375 0.5301969921875
12 0.2468510578125 0.7120084671875 0.26052934375 0.700663753125 0.2540443296875 0.6686924999999999 0.2409276640625 0.6341097203125 0.23109602968749998 0.6402583765625 0.2311293890625 0.6668391687499999 0.24124439843749998 0.7037332296875001 0.2468510578125 0.7120084671875
5 0.5269802328125001 0.63441844375 0.4305555046875 0.6497658265624999 0.4309305296875 0.6744587125 0.5305185796874999 0.6576910812500001 0.5326935703125 0.6545946140625001 0.5269802328125001 0.63441844375
5 0.687994825 0.6582958062500001 0.652018209375 0.610849803125 0.6257782765625 0.6095256921875001 0.65474491875 0.6635880078125 0.6879581671875 0.6656357390625 0.687994825 0.6582958062500001
10 0.65002138125 0.4452336859375 0.6524830484375 0.4512592140625 0.6677780046875 0.44882479999999997 0.663934653125 0.42010013749999997 0.6270364234375 0.4241394984375 0.6302147765624999 0.4529700046875 0.6337380921875 0.445991884375 0.6390580781249999 0.44514513281249996 0.65002138125 0.4452336859375
10 0.6192881328125 0.4455415171875 0.61722311875 0.4266181890625 0.58913153125 0.43017260625000003 0.592651546875 0.45711520937500005 0.59662320625 0.46015011093749997 0.6174181453124999 0.4540900109375 0.6192881328125 0.4455415171875
10 0.39932039218750004 0.45121615937500004 0.40449373906249997 0.47972913437500003 0.4199503625 0.4781857515625 0.414777015625 0.4496727765625 0.39932039218750004 0.45121615937500004
10 0.179996021875 0.494375646875 0.17474935625000002 0.48054253906250005 0.1506477546875 0.483461890625 0.15964942499999998 0.5104487718749999 0.183409359375 0.5094173234375 0.179996021875 0.494375646875
10 0.12839781249999999 0.48150271718750004 0.0855146 0.48649467343749997 0.09235960625 0.51290805625 0.0941746046875 0.5153694578125 0.13606948593749998 0.5087012843750001 0.12839781249999999 0.48150271718750004
8 0.16376625312499998 0.683978315625 0.2818375125 0.591844609375 0.2800958328125 0.5747033421875 0.2779391703125 0.57412984375 0.22175599531249998 0.5812386796875 0.045506565625 0.68079875625 0.035494934374999995 0.6897263484375 0.0464215796875 0.6971548375000001 0.16376625312499998 0.683978315625