8 0 0.7317478484375 0.0107574296875 0.725433728125 0.0349610828125 0.7158817078124999 0.0427592109375 0.709375040625 0.04909976875 0.7085256125 0.05771723125 0.7135865031249999 0.0680912578125 0.701178603125 0.0777968671875 0.701196775 0.0911464015625 0.687071846875 0.12609350625 0.6644974046875001 0.1667400953125 0.5984995234375 0.20438099375 0.5294199453124999 0.1994376390625 0.51501468125 0.20467714843749998 0.4578095875 0.2232992140625 0.4510771015625 0.2311476453125 0.45256831093749994 0.24075264375 0.4365907296875 0.2377368953125 0.43190945625 0.2194339453125 0.43002954375 0.204915775 0.4364005875 0.1966476140625 0.42752602343749996 0.1775756359375 0.42207643125 0.17751526875 0.41247897812499995 0.2059910203125 0.3699594859375 0.20484250624999997 0.36540475156249996 0.1977228578125 0.3610849234375 0.1671082171875 0.36028934375 0.154887075 0.3757698546875 0 0.67584555 0 0.7317478484375
8 0 0.8114020656250001 0.013202725000000002 0.8179342703125 0.028764223437500003 0.7989239968749999 0.055550999999999996 0.7252715125 0.0536435171875 0.718746671875 0.0238582734375 0.7311182281249999 0 0.74519594375 0 0.8114020656250001
8 0.34364617656249996 0 0.1817644015625 0.316513546875 0.180696378125 0.3247554171875 0.1889343546875 0.3288312515625 0.247218315625 0.3369381640625 0.25466714375 0.3342451703125 0.299337140625 0.255089240625 0.2989174109375 0.2477058859375 0.291787703125 0.241786484375 0.2891313109375 0.23489111093749998 0.29168708906249996 0.2257907296875 0.3718418140625 0.0908398109375 0.392200321875 0.0634393828125 0.4033735640625 0.05939989062499999 0.41647440781249995 0.0650843890625 0.4314927953125 0.07889330312500001 0.43158334531250003 0.09328948125 0.4175653953125 0.1198404796875 0.411694871875 0.1360711375 0.41286350625 0.1438250234375 0.43357131718749997 0.11261092343750001 0.496290075 0 0.34364617656249996 0
4 0.7004582874999999 0.169710325 0.7030341875 0.16380909375 0.6857489578125 0.1456894359375 0.668503971875 0.13396808124999998 0.6552924531250001 0.110688253125 0.650809071875 0.11006464687499999 0.6345544609375 0.13710362812500002 0.6061865390625 0.137419640625 0.5699830859375 0.1976428296875 0.5715412703125 0.2079813421875 0.585780565625 0.216621 0.62609075625 0.215835175 0.6566349687499999 0.2054337265625 0.6850230140625 0.208316865625 0.7054921937499999 0.198511765625 0.7106339328125 0.18510972812499998 0.70872645 0.1785848890625 0.7004582874999999 0.169710325
10 0.4022810375 0.18244065 0.36500956093750003 0.25090570625 0.3621044828125 0.26381976093750004 0.370003221875 0.27330884843750003 0.39547612656250003 0.28750646406249997 0.47973320781249995 0.3299909484375 0.4842065296875 0.3290149828125 0.49051690312499996 0.323366828125 0.5599162453125001 0.2063071109375 0.5906808359375 0.16482915468749998 0.6017534625 0.14479390781249998 0.47290119218750004 0.0746643359375 0.46175813593750004 0.0835025546875 0.4022810375 0.18244065
10 0.22864217656250002 0.46966656875 0.219705596875 0.47321807812500005 0.216380790625 0.47874877812500005 0.2153027046875 0.4853910734375 0.22095472031250002 0.4937685640625 0.22327187343750002 0.506077184375 0.20829656875000002 0.5584653796875 0.2079875125 0.568677353125 0.2361067453125 0.5881707656249999 0.295670015625 0.621626890625 0.3072428625 0.621771603125 0.31057773125 0.6178404765625001 0.336417215625 0.5716247625 0.36400320625 0.506340684375 0.25834693125 0.44449841250000005 0.24637447968749998 0.44016949531250005 0.22864217656250002 0.46966656875
10 0.1389815265625 0.814387671875 0.1132894203125 0.8048653937499999 0.086547965625 0.786850953125 0.0779606875 0.7865887890625001 0.06278416249999999 0.8069854781249999 0.0489416984375 0.8356165499999999 0.15119183593750002 0.8862060125 0.16837000468750002 0.8576307234374999 0.173092015625 0.8368453328125 0.151004284375 0.8267144656250001 0.1389815265625 0.814387671875
10 0.544724309375 0.276835103125 0.500762975 0.349963259375 0.503798846875 0.3578436828125 0.5206542890625 0.3669804109375 0.540844596875 0.3721860125 0.5464261890625 0.369366478125 0.5903975828125 0.297837896875 0.59147566875 0.291195603125 0.5592626015625 0.273663209375 0.5510447453125 0.2727865234375 0.544724309375 0.276835103125
10 0.195687184375 0.8089569203125 0.18580331562500002 0.8399452015625 0.2101780109375 0.8575859609375 0.22852120625 0.8658641749999999 0.2326251015625 0.86550273125 0.24522572812500001 0.8510072718749999 0.2714346359375 0.8041770343750001 0.24892717812499998 0.786662815625 0.2238639421875 0.7782489765625 0.2138090296875 0.782044478125 0.195687184375 0.8089569203125
10 0.3174989953125 0.649967609375 0.31939641406249997 0.6548928734375 0.328772846875 0.66192386875 0.3493627625 0.6713136734375 0.355333896875 0.6710787687499999 0.3649892015625 0.663099065625 0.395990546875 0.6066804640625 0.39447261093749997 0.6027402515625 0.3622796640625 0.5884070078125 0.352244878125 0.595401659375 0.3174989953125 0.649967609375
5 0.4022451734375 0.05804430625 0.39153190625 0.07586545312500001 0.32558629375 0.21465730624999999 0.3267750515625 0.225610340625 0.3365108453125 0.230427240625 0.35482385625 0.23390672812500002 0.3615338359375 0.23244277812499997 0.393942446875 0.16236905937499999 0.43084449999999996 0.09451852656250001 0.43187227968749997 0.0798783546875 0.40523073906249996 0.057926854687499994 0.4022451734375 0.05804430625
5 0.17866378125 0.41703371406249995 0.17944287187500002 0.42220296875 0.1869218828125 0.4243087015625 0.2660444484375 0.42199599218749995 0.2786651953125 0.41069968437500004 0.2826886046875 0.3975416375 0.256117490625 0.3867871625 0.20715965625 0.377713371875 0.1978838359375 0.3866781265625 0.17866378125 0.41703371406249995
5 0.0629696421875 0.7177797906250001 0.0529751 0.73117274375 0.0280253765625 0.8001530421874999 0.028824590625 0.80852145 0.0377913546875 0.8097686671875 0.04709735625 0.8056026375 0.0711702171875 0.7752561375 0.0933054109375 0.7335860703125 0.09247601562499999 0.7204189375000001 0.0979871765625 0.7064023749999999 0.09572033125 0.7020916328125 0.0629696421875 0.7177797906250001