8 0.499934240625 0.6616878890625 0.53477040625 0.666202253125 0.5492691625 0.6642420687499999 0.5859238906249999 0.6710126546875 0.6006617359375 0.6672649515625 0.613291125 0.6317233484375 0.62744705 0.5462697828125 0.62715715625 0.5167321015625 0.6235676375 0.5095991093750001 0.6167726328125 0.50831444375 0.34311055 0.502553175 0.334976225 0.50675250625 0.34033670312500003 0.518762271875 0.3377532734375 0.5244891578125 0.31942804375 0.543734365625 0.29526309375 0.5432295921875 0.25348804375 0.5339769734375001 0.2271702359375 0.5382446 0.20037318593750003 0.5347720140625001 0.151231878125 0.555681371875 0.1249130046875 0.54863375 0.12007937500000002 0.5417436453125 0.1237154296875 0.5349408328124999 0.1403670453125 0.5282082453125 0.141658759375 0.525344803125 0.136586040625 0.520242215625 0.12739909062500002 0.5255174703125001 0.10084219375 0.531572615625 0.0913674859375 0.5299406921875 0.0906491546875 0.5239879937499999 0.08758648125 0.5219746609375 0.0556952125 0.5299045484375 0.05576634375 0.5305813125000001 0.066345659375 0.57660588125 0.12419894218750001 0.587942053125 0.1379328296875 0.593964971875 0.197747484375 0.599695703125 0.21784580625 0.60795776875 0.3799208953125 0.6372451046875 0.393654784375 0.6432680234375 0.44595717187500006 0.6530766421875 0.48270817343749994 0.6659213687500001 0.499934240625 0.6616878890625
8 0.76262454375 0.5207493875 0.8017674921875001 0.527034190625 0.82846826875 0.5244326359375 0.8517720750000001 0.5268463734375 0.859475828125 0.5236015234375 0.8627289156250001 0.515132640625 0.8584686703125 0.49942639531250005 0.8497101578124999 0.48111666875000003 0.8389902703125 0.4684123828125 0.81453649375 0.4496851765625 0.7700287984374999 0.3861296015625 0.7521309390625001 0.3704745765625 0.72375548125 0.374273503125 0.6984416296875 0.3687705109375 0.68643109375 0.370244915625 0.6743253515625 0.3769604296875 0.6654748296874999 0.3978375625 0.645187159375 0.41137296093750003 0.63963733125 0.42116065625 0.635671246875 0.48025309531250004 0.6310799046875 0.505521221875 0.6362488984375 0.5166979546875 0.6572083625 0.523051059375 0.7231949015625 0.5188726499999999 0.76262454375 0.5207493875
10 0.3053946578125 0.4063365109375 0.28596706250000004 0.4066476984375 0.2144783046875 0.41799325 0.2482693109375 0.5027902937500001 0.33028647499999997 0.503315990625 0.34110050468750003 0.4994639171875 0.3053946578125 0.4063365109375
10 0.418128421875 0.3651781640625 0.45554801874999995 0.36396564374999996 0.46928084062500003 0.35867331406249997 0.460424984375 0.3229741921875 0.409655534375 0.3311451171875 0.409751809375 0.33721925937499997 0.4160697046875 0.353394209375 0.4156878046875 0.3630433875 0.418128421875 0.3651781640625
10 0.130456428125 0.47095454999999997 0.1553429109375 0.5113577765625 0.16237700156249998 0.5108549250000001 0.166635115625 0.503930671875 0.1657729046875 0.49452438125000003 0.1514148265625 0.46599240468750003 0.1327499640625 0.435689984375 0.11920755937500001 0.43050010156249996 0.11423111875 0.43147165625 0.130456428125 0.47095454999999997
10 0.2545733359375 0.37186698749999997 0.2649589296875 0.39159989687499996 0.272806559375 0.3918086375 0.282280203125 0.382125309375 0.2887885125 0.3878180453125 0.29936345625 0.3857534890625 0.2967302875 0.371470428125 0.287397321875 0.3506615921875 0.2523231359375 0.3592499984375 0.2545733359375 0.37186698749999997
10 0.1989237171875 0.3870836078125 0.18858573125 0.364730146875 0.16164586718750001 0.3691192203125 0.16968711718750001 0.3927914953125 0.1761478265625 0.4011047859375 0.20040798437500001 0.396368453125 0.1989237171875 0.3870836078125
4 0.6031211484375001 0.3612674109375 0.6093417 0.3600529671875 0.60986748125 0.35385737968750003 0.6064207749999999 0.3388627234375 0.5935469624999999 0.3196155921875 0.58885614375 0.3048638265625 0.58368821875 0.305002346875 0.5792375546875 0.29977831093749996 0.5726805703125 0.2853908796875 0.5523442281250001 0.2902315828125 0.5497131953125 0.29857901875000004 0.55124613125 0.3165585609375 0.5331145187499999 0.3592673078125 0.5364649499999999 0.36818781875 0.5573281406249999 0.36846677968749997 0.556418325 0.36168104218749997 0.55077115625 0.3540793453125 0.5574698875 0.34928986875 0.594362634375 0.3429576859375 0.59866941875 0.344728128125 0.6031211484375001 0.3612674109375
5 0.2787510890625 0.50815476875 0.2651621484375 0.5169006875 0.2537747359375 0.5295689015625 0.254732153125 0.533734084375 0.2666474796875 0.5375007828125 0.31483456875 0.5463719953124999 0.332251053125 0.531656303125 0.34076727500000004 0.5178077921875001 0.338135175 0.51483998125 0.31148200312499996 0.5148209828125 0.2787510890625 0.50815476875
5 0.192429278125 0.5284891296875001 0.1935771125 0.5221720984375 0.1903705609375 0.516705175 0.187260284375 0.5173123984375 0.13582330781250002 0.55085581875 0.136397759375 0.5533549296875 0.14175717031249999 0.554049446875 0.1564950140625 0.550301746875 0.192429278125 0.5284891296875001
12 0.4469060546875 0.5667198203125 0.45887005 0.579181215625 0.47236378593749995 0.5756764046875 0.47408607187499996 0.5718584796874999 0.47260180625 0.562573634375 0.453743328125 0.5088076796875 0.44307104375 0.4934828390625 0.434553753125 0.4960161 0.43445961093749996 0.5125724546875 0.4469060546875 0.5667198203125
0 0.60388815 0.3759148078125 0.6072861859375001 0.382214765625 0.6479610046875 0.3951638625 0.6610241671875 0.3926135296875 0.6757609453125 0.37755057812500004 0.6766696921875 0.3730210625 0.672983896875 0.359813925 0.6566655124999999 0.348202640625 0.6065667875 0.36494681562500003 0.60388815 0.3759148078125