10 0.5589044640624999 0.45007416874999995 0.55594501875 0.4456314015625 0.4780474375 0.40336560625000006 0.4719091609375 0.4035813765625 0.4568626546875 0.43584506718749993 0.43476688125 0.4983282921875 0.43376671875 0.5112615046875 0.5097830453125 0.5510880515625 0.515118253125 0.5504365531250001 0.5589044640624999 0.45007416874999995
10 0.6376208421875 0.24028873750000002 0.6349142249999999 0.23314612031249998 0.5942328859375 0.21249168906250002 0.55813941875 0.20141912187500002 0.53615156875 0.2334628515625 0.5183538578125 0.25004865 0.50515516875 0.278350134375 0.6014675796875 0.319968621875 0.634222621875 0.2540485796875 0.6376208421875 0.24028873750000002
10 0.7271191046875 0.050538496875000005 0.7022944203125 0.10161146562500001 0.7052650109374999 0.10818805312499999 0.743273175 0.1281013265625 0.748608384375 0.127449828125 0.77078305 0.07422975000000001 0.7271191046875 0.050538496875000005
10 0.6761047640625 0.300178540625 0.6985536828125001 0.2541998359375 0.6998401125 0.24496823124999997 0.678696371875 0.234205284375 0.65651903125 0.22997409531250002 0.63595136875 0.2783920484375 0.6383828671875 0.2839668734375 0.6761047640625 0.300178540625
10 0.5706789015625 0.5068200109375 0.5891271703125 0.512574159375 0.6105090468750001 0.4667257546875 0.5866809843749999 0.45308782968749994 0.5658569546875001 0.45242794843749995 0.549754553125 0.48695575937499996 0.557554696875 0.49828054374999997 0.5706789015625 0.5068200109375
8 0.4081101125 0.3008765140625 0.320243821875 0.547543534375 0.31210521875 0.57362573125 0.3145255671875 0.5770667390625001 0.29972074531250004 0.6044967625 0.27919766875 0.661449990625 0.248446490625 0.7532812890625 0.24823825 0.7645164125 0.313435715625 0.7261286296875 0.34800867812499997 0.7016226078125001 0.3686209234375 0.661739928125 0.425449775 0.5032025984375 0.4251189203125 0.4909657140625 0.405889878125 0.489043475 0.39866226718750003 0.48512190625 0.39650589062499997 0.4811148671875 0.4373883875 0.3869788109375 0.4352097203125 0.378704134375 0.453093059375 0.3274112046875 0.4519702828125 0.316872409375 0.42939521249999996 0.287601421875 0.4229595234375 0.28198176406250003 0.4176243140625 0.2826332640625 0.4081101125 0.3008765140625
8 0.51524606875 0 0.42497099374999997 0.25824915625 0.4247739015625 0.2716181015625 0.44164947187500003 0.282902246875 0.44751262656249996 0.2811186875 0.46067787656250003 0.24641574687499998 0.47183165625 0.23544541406250002 0.4754715546875 0.21685190312499997 0.48668106718750004 0.21655066562499997 0.50033321875 0.223958071875 0.5056572828125 0.22117275468750003 0.5098808625 0.21211628125 0.5202873046875001 0.2113793125 0.5232913359375 0.2243573546875 0.5310134546875 0.22074540781250002 0.56265686875 0.146420390625 0.5694533078124999 0.1189007046875 0.5643263421875 0.10831708124999999 0.5687247234374999 0.081624025 0.562750103125 0.06206939375 0.55041781875 0.051831839062499996 0.555849803125 0.0186070265625 0.5516768562500001 0 0.51524606875 0
5 0.43478209218749997 0.3990405640625 0.3967921578125 0.48481647343749995 0.40749601406249997 0.48991493437500006 0.422456890625 0.4923583734375 0.45700401562500004 0.41180702968749994 0.44039241875 0.3999568546875 0.43478209218749997 0.3990405640625
5 0.45258385937499995 0.28103321875 0.50085710625 0.324247559375 0.505883753125 0.315626815625 0.5071367421875 0.299993753125 0.46710241874999997 0.2499015859375 0.459874809375 0.2459800171875 0.45258385937499995 0.28103321875
4 0.5464900890625 0.5263214281249999 0.5430026984375 0.5230107187499999 0.5328713765625 0.525315478125 0.516241028125 0.5609753468750001 0.5277702453125 0.5707771734375 0.526275575 0.591243903125 0.5529516140624999 0.5879864046875001 0.5556024984375 0.584459928125 0.5788468828125 0.58856081875 0.5849517171875 0.5819435921875 0.5817171531249999 0.575933034375 0.566975665625 0.564388290625 0.5634436875 0.5525423046875 0.5464900890625 0.5263214281249999
0 0.5659648765624999 0.42198845625 0.5758656640625001 0.42665118281250003 0.5864914953125 0.41681290937500004 0.595972259375 0.392168203125 0.5932767875 0.3871594046875 0.5793495140625 0.37818420937499997 0.573486359375 0.3799677671875 0.5650503437500001 0.40021453593749995 0.561057296875 0.40230352343750003 0.5605739359374999 0.41197085937500005 0.5659648765624999 0.42198845625
0 0.483065959375 0.597587953125 0.45737133124999996 0.6354222828125 0.45580977968749997 0.6430860968750001 0.472663059375 0.65010260625 0.4817161921875 0.645794328125 0.4914943703125 0.62698505 0.4937363765625 0.59628495625 0.4899850109375 0.5935402765625 0.483065959375 0.597587953125
12 0.3963863015625 0.6626197703125001 0.3706546890625 0.642274959375 0.340402084375 0.6251511953125 0.3345389296875 0.626934753125 0.32897318593749997 0.6345537390625 0.334077859375 0.640869728125 0.36165728750000004 0.65725233125 0.374506375 0.664224009375 0.39054543750000004 0.6686709671875 0.3963863015625 0.6626197703125001