8 0.3320935859375 0.3804426984375 0.340648878125 0.3951915765625 0.35868324375 0.4069015625 0.36485174374999996 0.40579495468750004 0.367793975 0.38786814375 0.3595596875 0.3833226171875 0.3475333203125 0.36540435000000004 0.38459976875 0.3219492140625 0.399634190625 0.3154600078125 0.41589265312499996 0.24071671249999999 0.42716158281250005 0.1659762640625 0.4118616046875 0.125446621875 0.41004062656249995 0.106143671875 0.4011931875 0.099254440625 0.40082484375 0.0832599171875 0.3892799796875 0.08064668124999999 0.3841299453125 0.075547853125 0.38179049374999996 0.0654835359375 0.3667456984375 0.0416379109375 0.35326447031249997 0.010278946875 0.33527100781249997 0.009755390625 0.33489284218750004 0.0107697109375 0.24221616875000002 0.38697462968749996 0.24201869843749999 0.4064166171875 0.2704663 0.42763476718750004 0.280105878125 0.42969754687500006 0.28448225781250003 0.42735099375 0.2896588875 0.3775713234375 0.2967326875 0.370948775 0.3180776265625 0.3807264703125 0.3320935859375 0.3804426984375
8 0.36731763906250003 0.0106878515625 0.38282744218750003 0.04700626875 0.40089066406249996 0.07677925468749999 0.4073986515625 0.0736041703125 0.43301886874999995 0.0125995625 0.36731763906250003 0.0106878515625
8 0.2313142734375 0.739140765625 0.2570495453125 0.5884170765625 0.261378584375 0.5802793515625 0.268839215625 0.5773794953125 0.279657759375 0.5783385187500001 0.2854394328125 0.5735092203125001 0.30266901874999996 0.48676932031250003 0.2978584703125 0.4796020140625 0.238879 0.44378541875 0.2283999453125 0.440757915625 0.22334458906250002 0.4472414265625 0.1123159546875 0.8892796625000001 0.2511141625 0.9293798203125 0.2680953703125 0.9223697812499999 0.2738297046875 0.9117493124999999 0.30342288281249996 0.7679177 0.307402059375 0.7315136203125 0.300667746875 0.7360676921875 0.294141275 0.751514609375 0.2874831578125 0.7799228484375 0.27687245625 0.7898566734375 0.25310375625 0.7887671578125001 0.2370220125 0.783398796875 0.2298061921875 0.7726478359375 0.2313142734375 0.739140765625
4 0.6021204250000001 0.917766759375 0.6086284125 0.9145916749999999 0.6137495890625 0.9016275 0.602289034375 0.8802617703125 0.574341425 0.8620768203125 0.5541465921875 0.8331323656249999 0.5180305187500001 0.803921228125 0.4987513640625 0.7997956640624999 0.48977227812499996 0.8058677578125 0.478682334375 0.8734380484375001 0.5042720125 0.8938305171875 0.49929285312499994 0.9241681984375001 0.503829734375 0.9269233218749999 0.5328801125 0.920150340625 0.557148803125 0.92427305625 0.5861333609375 0.9239807390625 0.5881044656250001 0.9180505312499999 0.6021204250000001 0.917766759375
10 0.39665368437500004 0.6193616484375 0.3630849046875 0.611107675 0.348955784375 0.6120809406250001 0.34215565 0.623115671875 0.3260103484375 0.697169475 0.307791153125 0.8081778125 0.3114700734375 0.8222400484374999 0.4800402859375 0.8651641359375001 0.48461413281250004 0.84337559375 0.48694573593749996 0.792691640625 0.5093863921875 0.66204184375 0.5077732562499999 0.6536317390625 0.504415340625 0.649772859375 0.39665368437500004 0.6193616484375
10 0.5280455953125001 0.4449992015625 0.5506804015625 0.38004214531249997 0.5609597234375 0.329570134375 0.5607992203125 0.3244684578125 0.5501596609375 0.31633927812499996 0.4714772421875 0.2972180921875 0.4316268 0.290760215625 0.42443983437500005 0.29807225625 0.399757728125 0.3451053484375 0.3886470328125 0.3520059734375 0.3773758390625 0.353804921875 0.37349945 0.359184675 0.3724809859375 0.36539010781250003 0.37801785 0.374211628125 0.3725860390625 0.40730728125000004 0.3866493375 0.412814678125 0.5280455953125001 0.4449992015625
10 0.56582625 0.016463862500000002 0.47602688125 0.013850967187499999 0.47374180781249997 0.021997071875 0.4726390375 0.046955000000000004 0.480646996875 0.0528795109375 0.5181617640625 0.0593847734375 0.5485108703125 0.0710416734375 0.5684690046875 0.0710302796875 0.5959824453125 0.07970137031249999 0.6068852953125 0.0619078984375 0.6121473609375 0.029846484375 0.56582625 0.016463862500000002
10 0.5939163046875 0.66985306875 0.590897878125 0.6639257109375001 0.5687134578124999 0.65318329375 0.5466895390625 0.64754255625 0.5381631046875001 0.650856678125 0.5246967453125 0.7329063203125 0.5274888437499999 0.7402126640625 0.53560996875 0.74544768125 0.577752521875 0.7561787046874999 0.5816289109375 0.750798953125 0.5939163046875 0.66985306875
10 0.6719963 0.1211615546875 0.671127965625 0.10213383125 0.6676568859375 0.09896444374999999 0.6449066515624999 0.0916694921875 0.60981941875 0.086587753125 0.5961533234374999 0.11513788124999999 0.592966284375 0.146715509375 0.5993426281249999 0.15650175156249999 0.6283087 0.16848126562500002 0.6616038171875 0.17232305625 0.6719963 0.1211615546875
10 0.64358435625 0.33683090625 0.6406317515625 0.324422884375 0.635368553125 0.320013546875 0.6097603921875 0.311892915625 0.596083921875 0.310108209375 0.590754903125 0.312179534375 0.5824755421875001 0.374784340625 0.5864939515625001 0.386778096875 0.626278571875 0.399716634375 0.6305417890625 0.3980595734375 0.64358435625 0.33683090625
5 0.27793826093749996 0.789442409375 0.28770948281250003 0.7785438640625 0.303741621875 0.7051795546874999 0.32548960937500004 0.633466609375 0.32045273750000003 0.6276782890625 0.3012394015625 0.6170720625 0.2888550609375 0.6134941046875 0.279762815625 0.6202556921875 0.23828528593749998 0.7635425453125 0.23500356875 0.7835378359375 0.23763516875000001 0.785742503125 0.27793826093749996 0.789442409375
5 0.2985248078125 0.372188721875 0.2940352640625 0.3752247703125 0.2893297703125 0.40997463593749994 0.29121657343749996 0.4227969234375 0.34241440624999997 0.4513100234375 0.37446473125 0.462736234375 0.3804253875 0.4507367828125 0.37719911875 0.433916575 0.30687225625000003 0.3760447546875 0.2985248078125 0.372188721875
5 0.409369759375 0.06767396249999999 0.4086722984375 0.0840827515625 0.4270091890625 0.11826792187499999 0.432225046875 0.1168860890625 0.4374593875 0.103232421875 0.44784376562499995 0.09467758281250001 0.45817042812500003 0.04999674375 0.4584408609375 0.0133392671875 0.43264383281249996 0.012588650000000002 0.409369759375 0.06767396249999999