8 0.94375 0.6416666671875 0.9481249999999999 0.6366666671875 0.945625 0.6308333328125 0.9331250000000001 0.6216666671875 0.8393750000000001 0.5691666671875 0.8231249999999999 0.5625 0.803125 0.5608333328125 0.60625 0.5683333328125 0.5856250000000001 0.5741666671875 0.58875 0.5933333328125 0.584375 0.6025 0.428125 0.605 0.415625 0.61 0.41 0.6233333328125 0.401875 0.6466666671875 0.40437500000000004 0.6516666671875 0.4625 0.6525000000000001 0.6643749999999999 0.6433333328125 0.725625 0.6433333328125 0.734375 0.6491666671874999 0.79375 0.6516666671875 0.8324999999999999 0.6458333328125 0.936875 0.6433333328125 0.94375 0.6416666671875
8 0.35125 0.6291666671875 0.34187500000000004 0.6241666671874999 0.319375 0.6241666671874999 0.31625000000000003 0.6191666671875 0.31875 0.6125 0.316875 0.6041666671875 0.2975 0.6016666671875 0.29375 0.5908333328125 0.29812500000000003 0.5866666671874999 0.291875 0.5833333328125 0.21937500000000001 0.5858333328125 0.20437500000000003 0.595 0.17375000000000002 0.5991666671875 0.159375 0.6083333328125 0.145 0.6441666671874999 0.145 0.6583333328125 0.15125 0.6616666671875 0.21000000000000002 0.6625 0.365625 0.6533333328125 0.38125 0.6516666671875 0.38687499999999997 0.6408333328125 0.38625 0.6316666671875 0.38125 0.6283333328125 0.35125 0.6291666671875
8 0 0.67 0.03875 0.6691666671875 0.05375 0.665 0.1025 0.6341666671875 0.100625 0.63 0.09125 0.63 0.0875 0.62 0.09375 0.6183333328125 0.093125 0.6133333328125 0.0775 0.61 0.006875000000000001 0.615 0 0.6158333328125 0 0.67
10 0.5587500000000001 0.47583333281250006 0.48187499999999994 0.4783333328125 0.47375 0.49083333281249997 0.473125 0.5008333328125001 0.48250000000000004 0.5599999999999999 0.5193749999999999 0.5625 0.57625 0.5591666671875 0.588125 0.5558333328125 0.5900000000000001 0.545 0.588125 0.5041666671875 0.590625 0.48666666718749996 0.588125 0.4783333328125 0.5587500000000001 0.47583333281250006
10 0.274375 0.4858333328125 0.265625 0.4858333328125 0.26187499999999997 0.4891666671875 0.2625 0.5183333328125 0.26937500000000003 0.5599999999999999 0.2725 0.5658333328125 0.325 0.5733333328125 0.349375 0.5733333328125 0.354375 0.5683333328125 0.355 0.5583333328125 0.346875 0.49083333281249997 0.334375 0.4875 0.274375 0.4858333328125
10 0 0.58 0.0675 0.5783333328125 0.083125 0.575 0.0775 0.53 0.06999999999999999 0.49749999999999994 0.06625 0.4933333328125 0.051875000000000004 0.4925 0 0.495 0 0.58
10 0.078125 0.4483333328125 0.078125 0.46166666718749994 0.0875 0.4875 0.11187499999999999 0.4875 0.128125 0.4791666671875 0.13187500000000002 0.4733333328125 0.134375 0.4525 0.134375 0.4458333328125 0.13187500000000002 0.4441666671875 0.08375 0.44333333281250004 0.078125 0.4483333328125
10 0.29375 0.4725 0.30062500000000003 0.4683333328125 0.301875 0.44333333281250004 0.246875 0.445 0.24874999999999997 0.4583333328125 0.255625 0.4716666671875 0.29375 0.4725
10 0.480625 0.4683333328125 0.515 0.4725 0.525625 0.4683333328125 0.525625 0.4525 0.5225 0.44333333281250004 0.475 0.44333333281250004 0.4725 0.4458333328125 0.47562499999999996 0.46333333281250005 0.480625 0.4683333328125
4 0.6025 0.40833333281249995 0.5974999999999999 0.4258333328125 0.585 0.44000000000000006 0.578125 0.44333333281250004 0.5775 0.44749999999999995 0.5856250000000001 0.4583333328125 0.595625 0.4641666671875 0.60375 0.465 0.61 0.4583333328125 0.61875 0.4575 0.621875 0.44666666718750003 0.61625 0.41 0.60875 0.4066666671875 0.6025 0.40833333281249995
12 0.76476 0.6044733328125 0.769766875 0.5565541671875 0.766125625 0.5359308328125 0.7579318749999999 0.5357866671875 0.751103125 0.5541283328125 0.747461875 0.6026533328125 0.76476 0.6044733328125