4 0.3780134921875 0.35926841249999997 0.360692184375 0.358735515625 0.323185496875 0.3651216515625 0.307506765625 0.371389421875 0.29035714218750003 0.39125581875000004 0.2816187671875 0.410734703125 0.28255605781250004 0.42067330468749997 0.287999996875 0.42996064375 0.3277339078125 0.44188274375000003 0.3489168984375 0.4375795625 0.356786425 0.4307843015625 0.3761203515625 0.42412631562499997 0.417755525 0.4011354890625 0.4264938984375 0.38165660468749996 0.4212564421875 0.367923403125 0.396478571875 0.3652940484375 0.3780134921875 0.35926841249999997
8 1 0.43342572031250004 0.955094234375 0.43360866875 0.8853101984375 0.4301691640625 0.8674471640625001 0.42322852187500004 0.86601106875 0.4119819953125 0.8609626953125 0.406225509375 0.83763831875 0.402420103125 0.8236195671875001 0.403065959375 0.7864052015625 0.4152058796875 0.74875235625 0.41871512343750006 0.7510746984375001 0.40485545156249997 0.767002834375 0.399241640625 0.7711139171875 0.395059528125 0.7681640062499999 0.39231180625 0.74988800625 0.39426288593750003 0.737365671875 0.3988325171875 0.731964653125 0.3946449984375 0.6831397234375001 0.4037707484375 0.593901115625 0.4216347390625 0.577869740625 0.429471475 0.574695946875 0.44359219375 0.58818805625 0.5687410734375 0.606987225 0.6579328484375 0.6057483312499999 0.6846080140625 0.6162232453125001 0.71207441875 0.614649109375 0.7278959796875 0.6192415984374999 0.7374443640624999 0.648337034375 0.7314457437499999 0.6646004109375 0.73668554375 0.6939359703125 0.7737084390625 0.7062089015625 0.7684848484375 0.699767353125 0.756581659375 0.702175540625 0.752921634375 0.7159019671875 0.746521990625 0.7261796781250001 0.736066703125 0.7656560671875 0.7173898640624999 0.8235546140625001 0.6996388375 0.87193178125 0.7242499625 0.9316271890625 0.7461214703125 0.9366755625 0.7518779578125 0.9485355328124999 0.7555460875 0.9626401265625001 0.7650998765625 0.9733215218750001 0.788120421875 0.9846397640625 0.7853808046874999 0.9957863250000001 0.76224189375 1 0.7462287437499999 1 0.43342572031250004
4 1 0.7382792499999999 0.9968442546875 0.757534990625 0.9786192984375001 0.79453086875 0.9584768406249999 0.806549721875 0.965563359375 0.822637728125 0.980209678125 0.838599265625 0.9913643593750001 0.8454053328125 0.9947098359375 0.8516839078125 0.9929036968749999 0.854428928125 0.9864876671875 0.8600481390624999 0.9610474312499999 0.8656565437499999 0.9161015828125001 0.857523640625 0.9056951109375 0.8526794593749999 0.89915031875 0.8429992000000001 0.8801435124999999 0.8305658171875001 0.8557786078125 0.8190447375 0.8498184625 0.82087205 0.8424906640625001 0.834075059375 0.8432817921875 0.84113676875 0.85965653125 0.8740986156250001 0.8626319640625001 0.8943687359375 0.860249296875 0.9155511640625 0.8540223499999999 0.9291470890625 0.8547791015625 0.9347584859375001 1 0.8902354359375 1 0.7382792499999999
10 0.6680062078125 0.7356413671875 0.6615043375 0.7310609312499999 0.649291725 0.7289617703125 0.551503825 0.77428135625 0.5445286687500001 0.7859153953125 0.5549861828125 0.8258043781250001 0.593746846875 0.9249455624999999 0.6044282437499999 0.94796610625 0.615479684375 0.9569951031249999 0.6225406812500001 0.955560709375 0.66243003125 0.92799215 0.6893840859375 0.9138849390624999 0.71394735 0.8910151796875001 0.7191163656249999 0.8821261578125 0.7131481015625 0.85400849375 0.687021134375 0.7780197281250001 0.6680062078125 0.7356413671875
10 0.5611180124999999 0.8443763593750001 0.5512706640625 0.8335173484375 0.5440635078125 0.8320748515625 0.5178147421875 0.843044121875 0.48639695937500005 0.862902415625 0.4819332328125 0.8686534984375 0.4818729125 0.875976253125 0.5065637828125 0.94071849375 0.50744075 0.9579798484375001 0.5239366234375 0.9949897171875 0.663624425 0.993364303125 0.717190803125 0.9769414703124999 0.7138858734375 0.9706504625000001 0.696384759375 0.9197732999999999 0.683570103125 0.91858914375 0.6651908625 0.9227631546874999 0.62395125625 0.9492848359374999 0.6162882140625 0.9516342375000001 0.6099325015625 0.94993069375 0.5961979546875 0.926385359375 0.5611180124999999 0.8443763593750001
5 0.8509088765625 0.935945053125 0.8446738093749999 0.9195960031249999 0.823955984375 0.8777397312499999 0.815106246875 0.8694965671875 0.810014953125 0.8586402578125 0.798103940625 0.8199273281250001 0.7945519828125 0.8180946125 0.7544306265625 0.8325866359375 0.750921590625 0.8358537437500001 0.758653075 0.8561265656250001 0.7847116 0.909493109375 0.8425301234375 0.9385138812499999 0.8509088765625 0.935945053125
5 0.6887170703125001 0.6752401296875 0.694677215625 0.6734128187499999 0.6944452125 0.6603362796875001 0.6642071609375 0.588529628125 0.6582040984375 0.5852571171875 0.64102895 0.5876011140624999 0.6713528421875 0.6696074109375 0.6756530093750001 0.6734020109375 0.6887170703125001 0.6752401296875
1 0.8146155984375 0.5726338625 0.8445700015625001 0.547995834375 0.7947759890625 0.50936835 0.7704209093750001 0.5374421171875 0.8146155984375 0.5726338625
1 0.691528715625 0.5103120109375 0.72156594375 0.48505329374999995 0.6943451109375001 0.4569418625 0.6719477390625 0.48203715 0.691528715625 0.5103120109375
1 0.6538734359375 0.5367164718749999 0.66874798125 0.5250234984375 0.6522241906249999 0.495216771875 0.63261290625 0.50598516875 0.6538734359375 0.5367164718749999
1 0.7021184484375 0.6091058375 0.7201334546875 0.5948650093750001 0.6977512625 0.560514303125 0.67552855 0.5752526515625 0.7021184484375 0.6091058375
12 0.5515502203125 0.5624435875 0.55429365 0.56963716875 0.5513866578125 0.5719892703125 0.565551571875 0.57422030625 0.6220998640625 0.5554224015625 0.6260647875 0.54836339375 0.62062085 0.53907605 0.6047530359375 0.53736710625 0.558920940625 0.5543404015625 0.5515502203125 0.5624435875
10 0.221469790625 0.24803003124999998 0.2245229421875 0.248554821875 0.257772384375 0.24347390781249997 0.239669225 0.19351175 0.2023690203125 0.1954520234375 0.221469790625 0.24803003124999998
10 0.21261309062499997 0.137529359375 0.205466253125 0.12876410625 0.17142568281249998 0.126783309375 0.186725090625 0.176874640625 0.2105053484375 0.1768881484375 0.226786125 0.169705371875 0.21811735156249998 0.13949394531249998 0.21261309062499997 0.137529359375
10 0.27346619843750003 0.36940862343749997 0.284784440625 0.3666690078125 0.27015552187499997 0.3382848953125 0.27241754375 0.331747975 0.24402739687500002 0.3346086578125 0.25604164687500003 0.371098659375 0.27346619843750003 0.36940862343749997
10 0.23364760312500002 0.2749743484375 0.25362650000000003 0.2725011765625 0.2463509 0.24843645468750003 0.22732669374999998 0.24842565 0.2188261203125 0.2410980328125 0.2144865140625 0.22971909375 0.20607526250000002 0.23010660781249997 0.2213317484375 0.2750981140625 0.23364760312500002 0.2749743484375
0 0.345630584375 0.4962907625 0.35389567187500004 0.49302635625 0.34836589375 0.47353936875 0.3462674296875 0.470530603125 0.332747484375 0.47248438437500007 0.338526665625 0.4926253359375 0.345630584375 0.4962907625