0 0.5706249999999999 0.5349999999999999 0.583125 0.5191666671874999 0.58875 0.5041666671875 0.595 0.45583333281250005 0.5862499999999999 0.445 0.57375 0.44000000000000006 0.54125 0.43499999999999994 0.48687500000000006 0.4341666671875 0.469375 0.4408333328125 0.45437500000000003 0.4625 0.416875 0.47000000000000003 0.4175 0.47583333281250006 0.43 0.47750000000000004 0.43624999999999997 0.4858333328125 0.438125 0.5125 0.44125 0.52 0.44875 0.5258333328125 0.489375 0.54 0.529375 0.55 0.546875 0.5508333328125 0.5706249999999999 0.5349999999999999
10 0.83625 0.32999999999999996 0.8306250000000001 0.35750000000000004 0.82125 0.4566666671875 0.820625 0.4691666671875 0.8231249999999999 0.4783333328125 0.835625 0.48666666718749996 0.9356249999999999 0.5033333328125 0.9506249999999999 0.5091666671875 0.999375 0.515 0.999375 0.3225 0.85125 0.31916666718750003 0.840625 0.3233333328125 0.83625 0.32999999999999996
5 0.740625 0.4266666671875 0.703125 0.425 0.6793750000000001 0.43 0.678125 0.44333333281250004 0.6799999999999999 0.45416666718750004 0.70375 0.5058333328125 0.7056250000000001 0.5158333328125 0.786875 0.5158333328125 0.770625 0.48666666718749996 0.76 0.47416666718749995 0.75 0.45416666718750004 0.75 0.4458333328125 0.740625 0.4266666671875
8 0.343125 0.4058333328125 0.425 0.4166666671875 0.43187499999999995 0.4216666671875 0.48187499999999994 0.43166666718749996 0.5225 0.42833333281249997 0.535625 0.4166666671875 0.54 0.4091666671875 0.540625 0.3708333328125 0.53625 0.365 0.5349999999999999 0.35750000000000004 0.5349999999999999 0.31 0.54 0.3016666671875 0.5225 0.2966666671875 0.41937499999999994 0.28500000000000003 0.38 0.3025 0.37 0.3158333328125 0.348125 0.3175 0.221875 0.3775 0.220625 0.3808333328125 0.246875 0.5825 0.255 0.5908333328125 0.258125 0.5875 0.258125 0.5658333328125 0.23562500000000003 0.4025 0.23562500000000003 0.3933333328125 0.240625 0.38333333281250004 0.27875 0.3891666671875 0.343125 0.4058333328125
8 0.5375 0.9099999999999999 0.541875 0.9125 0.5493750000000001 0.9116666671875 0.55375 0.9066666671875 0.560625 0.8808333328125 0.558125 0.8266666671875 0.56125 0.7983333328125 0.5575 0.7841666671875 0.5575 0.7675 0.561875 0.7508333328125001 0.56375 0.6091666671875 0.5743750000000001 0.6016666671875 0.714375 0.65 0.900625 0.7075 0.91375 0.705 0.9181250000000001 0.6716666671875 0.925 0.6475 0.9225 0.6375 0.88125 0.6275000000000001 0.8699999999999999 0.6141666671875 0.868125 0.5883333328125 0.8731249999999999 0.5700000000000001 0.866875 0.5575 0.868125 0.5158333328125 0.8637499999999999 0.5141666671875 0.8012499999999999 0.5016666671875 0.7943749999999999 0.5091666671875 0.7825 0.5700000000000001 0.78125 0.5725 0.7675 0.5725 0.66875 0.5441666671875 0.665625 0.5408333328125 0.666875 0.505 0.66875 0.49083333281249997 0.6756249999999999 0.4791666671875 0.67625 0.4733333328125 0.62625 0.4625 0.5974999999999999 0.47583333281250006 0.591875 0.48250000000000004 0.584375 0.5175 0.575 0.5341666671875 0.56875 0.54 0.561875 0.5366666671875 0.541875 0.5458333328125 0.5131249999999999 0.5433333328125001 0.45062499999999994 0.5241666671874999 0.43937499999999996 0.5116666671875 0.43875000000000003 0.4925 0.426875 0.4875 0.425208125 0.46333333281250005 0.4525 0.4641666671875 0.458125 0.46166666718749994 0.473125 0.44000000000000006 0.47437500000000005 0.4341666671875 0.47125000000000006 0.43 0.456875 0.42416666718749996 0.399375 0.41500000000000004 0.375 0.4175 0.28125 0.47750000000000004 0.26687500000000003 0.4916666671875 0.265 0.5025000000000001 0.270625 0.5091666671875 0.34562499999999996 0.5333333328125 0.381875 0.5391666671875 0.535625 0.595 0.535625 0.7708333328125 0.531875 0.8583333328125 0.534375 0.8708333328125001 0.5337500000000001 0.8983333328124999 0.5375 0.9099999999999999
10 0.8012499999999999 0.2916666671875 0.804375 0.2966666671875 0.93 0.31083333281250003 0.9493750000000001 0.20916666718750002 0.81125 0.1983333328125 0.8087500000000001 0.2008333328125 0.805625 0.2233333328125 0.805 0.2616666671875 0.8025 0.2683333328125 0.8012499999999999 0.2916666671875
12 0.3537 0.3905708328125 0.35024 0.32997 0.342330625 0.31482 0.334420625 0.31547833281250004 0.33244375000000004 0.3339225 0.3368925 0.3932058328125 0.3537 0.3905708328125
8 0.834375 0.35 0.836875 0.3341666671875 0.834375 0.3233333328125 0.843125 0.31083333281250003 0.843125 0.30333333281249997 0.8393750000000001 0.3008333328125 0.59375 0.2733333328125 0.5806250000000001 0.2741666671875 0.5493750000000001 0.2975 0.5475 0.30583333281249997 0.55125 0.3083333328125 0.6793750000000001 0.3258333328125 0.70125 0.3258333328125 0.709375 0.3158333328125 0.7150000000000001 0.3291666671875 0.748125 0.3333333328125 0.751875 0.34249999999999997 0.821875 0.3525 0.834375 0.35
8 0.7068749999999999 0.4033333328125 0.70625 0.4066666671875 0.7068749999999999 0.4233333328125 0.74 0.42833333281249997 0.75875 0.4533333328125 0.8018750000000001 0.4625 0.818125 0.4625 0.8231249999999999 0.4308333328125 0.8237500000000001 0.4225 0.821875 0.42000000000000004 0.713125 0.4016666671875 0.7068749999999999 0.4033333328125
8 0.548125 0.3758333328125 0.5443749999999999 0.3775 0.5431250000000001 0.39 0.5431250000000001 0.40499999999999997 0.556875 0.4125 0.666875 0.4341666671875 0.675 0.4341666671875 0.6793750000000001 0.42833333281249997 0.68875 0.425 0.693125 0.40416666718750005 0.693125 0.4 0.688125 0.3983333328125 0.548125 0.3758333328125
1 0.420398125 0.4264558328125 0.40216062499999994 0.4207383328125 0.381509375 0.4328691671875 0.40108812499999996 0.4407508328125 0.420398125 0.4264558328125