8 0.31247488125 0.54603841875 0.3120988609375 0.5388326218749999 0.30518358125 0.529398928125 0.1706381453125 0.412783046875 0.157836459375 0.40553462187499995 0.14833045 0.4112362125 0.113565696875 0.41876255 0.09393221406249999 0.41663676406250005 0.07534330312500001 0.4215720390625 0.052988518750000005 0.433698903125 0.0240944765625 0.4435978734375 0.00265396875 0.4561784609375 0.0031123265625 0.534963403125 0.039134271875 0.7784633609375 0.0822672390625 0.7388882015625 0.1217746453125 0.712117103125 0.1363993265625 0.6943765484375 0.144568228125 0.6889644359375 0.1539750578125 0.6732644140625 0.180779959375 0.6492433234375 0.2788224890625 0.5797400500000001 0.29344716718749997 0.5619994968750001 0.31247488125 0.54603841875
8 0.8000396953125 0.1526393609375 0.755899503125 0.1667499171875 0.74364080625 0.19581995624999998 0.72306193125 0.19663154375 0.7159532937499999 0.20454681875 0.7137699765625001 0.2177721 0.714683978125 0.2239505265625 0.718549028125 0.2267573703125 0.7185176359375001 0.2358731734375 0.695509996875 0.24358687343750002 0.6895765046875 0.259445840625 0.670402525 0.27908218749999997 0.6534118624999999 0.28549325312499996 0.6410696796875001 0.300006959375 0.6193677531249999 0.31654698593749997 0.6168084171875 0.32256646718750004 0.6010399859375 0.3232475265625 0.5877317078125001 0.307910671875 0.57597459375 0.307723309375 0.403012053125 0.44445668749999995 0.3648103609375 0.48005411093749994 0.3282383078125 0.5080115265625 0.314428446875 0.5219320734374999 0.31131543281249996 0.5335368265625 0.3403450546875 0.561866321875 0.4049592578125 0.6161953109375 0.4330905734375 0.6337884796875 0.45786343125 0.6566632359375 0.499856703125 0.684007990625 0.5031994671875 0.683284303125 0.538366625 0.6365021296875 0.5495336656250001 0.61404473125 0.5891509421875 0.55536833125 0.6298491890625 0.531983028125 0.648030690625 0.5289577546875 0.6639667703125001 0.440793959375 0.6951540031250001 0.385764409375 0.74202618125 0.31549746875 0.7710771828125 0.2600194984375 0.8301766703125001 0.169798315625 0.8383926609374999 0.1507125015625 0.8372018234375 0.147326709375 0.8307931312499999 0.145981446875 0.823553925 0.153014090625 0.8000396953125 0.1526393609375
4 0.8858969953125 0.052070790624999995 0.8802089515624999 0.074252921875 0.8753828140625 0.0789413515625 0.87173181875 0.0915734734375 0.8509281984375001 0.118849828125 0.8424510656249999 0.136170378125 0.831628653125 0.17494937500000002 0.8307824421875001 0.18788517968750001 0.8336707078125001 0.2027451984375 0.8428841828125 0.20439414218750002 0.852628515625 0.19408645625 0.873277296875 0.18597253125 0.8891555999999999 0.153386171875 0.9158299296875001 0.1284824484375 0.92688209375 0.10058451875 0.924907825 0.091902928125 0.9158563140625 0.082020815625 0.9252788375 0.061762892187499994 0.9229285515625 0.045875506249999996 0.912132525 0.0381928703125 0.8944733093749999 0.0447486734375 0.8858969953125 0.052070790624999995
4 0.1820933921875 0.229033878125 0.17224275625000002 0.21841386875 0.15567519999999999 0.21835703281250002 0.1485665640625 0.22627230781250002 0.1505772296875 0.2631839296875 0.1431917546875 0.273891840625 0.1444817734375 0.287276065625 0.15715789375 0.33098769375 0.1664705484375 0.34263507031249996 0.1780970921875 0.341939803125 0.185597440625 0.33667242656249996 0.1814191546875 0.30842818437499997 0.18329424218749998 0.3071113390625 0.244294525 0.2857070828125 0.25176348437499996 0.2895555046875 0.25514264531249997 0.31706185468750003 0.2578011609375 0.321040803125 0.2647635296875 0.3168007953125 0.2685607921875 0.30049340625 0.266717096875 0.29269445156249996 0.25313198125 0.28015023125 0.19057553124999999 0.2490591640625 0.1820933921875 0.229033878125
0 0.1573562546875 0.35098455781250004 0.0967790765625 0.3659209125 0.0911381203125 0.3744293453125 0.08882423125 0.38677199375 0.0817155953125 0.39468726875 0.0826295953125 0.40086569687500007 0.0888606296875 0.41500202656249996 0.10073261874999999 0.4206299234375 0.12745904218749998 0.419398334375 0.156875371875 0.413029896875 0.15690676406249998 0.4039140953125 0.19871236406249998 0.3693582484375 0.2012717 0.3633387671875 0.19836773593749998 0.35303665156249997 0.1903607953125 0.35021559999999996 0.1640260890625 0.35409508437500004 0.1573562546875 0.35098455781250004
10 0.586556565625 0.299966978125 0.5965848609375 0.2977959203125 0.61466718125 0.28477221406250003 0.6436240078125001 0.25664164375 0.64862780625 0.23916214687499998 0.6497979421875 0.209760009375 0.6470509359375 0.153878890625 0.610541665625 0.163604703125 0.5808171062499999 0.18188157656249998 0.586556565625 0.299966978125
10 0.3483904265625 0.2431312046875 0.366033946875 0.24113330312499998 0.40335803593749997 0.22758748281250002 0.403337334375 0.1947995515625 0.39964994374999996 0.1792016375 0.386555721875 0.179303746875 0.34054044375000003 0.1947311515625 0.3483904265625 0.2431312046875
10 0.7792574531249999 0.0961082484375 0.776436975 0.100362465625 0.769767140625 0.0972519375 0.768591996875 0.0893082421875 0.7510633531249999 0.096746678125 0.7455579734375 0.1434835796875 0.749292453125 0.145407790625 0.7709629859375 0.1379835640625 0.7927483953125 0.1359998703125 0.79558456875 0.127187753125 0.79338055 0.1076251 0.7965249562500001 0.0869045453125 0.7945506875 0.07822295781250001 0.788941121875 0.0776155890625 0.77889713125 0.08434454999999999 0.7792574531249999 0.0961082484375
10 0.6858163187499999 0.1873878625 0.6892111765625 0.210336309375 0.6929142640625 0.2213763203125 0.696779315625 0.224183165625 0.709220678125 0.21966789375 0.7098842249999999 0.1821773203125 0.7188786375 0.13104146875 0.7182257812499999 0.12662830625 0.710756821875 0.1227798828125 0.70007566875 0.12053777968749999 0.6886004 0.1549036140625 0.6858163187499999 0.1873878625
10 0.6082748640625 0.16227365 0.6154983765625001 0.1597989078125 0.6117902828124999 0.1114130609375 0.5899891765625 0.11795465624999998 0.5933369484375 0.15457680468749999 0.6082748640625 0.16227365
10 0.537293375 0.17217526562500002 0.545739115625 0.1639705171875 0.54237565 0.13190626875 0.514150159375 0.1416605015625 0.5211175328125 0.1747663265625 0.537293375 0.17217526562500002
12 0.5193666546875 0.372810771875 0.522145053125 0.41957608906250005 0.5256704812499999 0.44340716875 0.529128121875 0.44812401562500004 0.540754665625 0.4474287484375 0.546395621875 0.4389203140625 0.5419668828125 0.36700707499999996 0.536811815625 0.350816003125 0.5257232515625 0.3504839 0.5193666546875 0.372810771875