4 0.24187685 0.57607780625 0.2289781046875 0.556937978125 0.248041934375 0.5426111828125 0.24911544062500002 0.533039053125 0.23308447656250003 0.5269791890625 0.2166285328125 0.5339254203125 0.19768889843749998 0.5573855875 0.149469090625 0.57413218125 0.1115925390625 0.57699295 0.10826160781250001 0.5754595171875 0.10689003593749999 0.5631115515625 0.1131406984375 0.5580680703125 0.121588046875 0.5375336828124999 0.12752686562499999 0.531686553125 0.10753022187500001 0.49954283750000006 0.10249103749999999 0.48303111562499995 0.0921367234375 0.47397382343750005 0.0650146234375 0.4710591125 0.052303003125000004 0.47124095937500005 0.0628010171875 0.5658262484375001 0.154526409375 0.8022101765625 0.161170321875 0.792892146875 0.195282625 0.734501359375 0.22630404531249998 0.6258412 0.2479757609375 0.60413384375 0.27063268906250004 0.5884907796875 0.27264172656249996 0.5813295968750001 0.2701469734375 0.5749004125 0.24903820625 0.5716185953124999 0.24187685 0.57607780625
4 0.21152607968749998 0.734058175 0.1754930328125 0.7839737234374999 0.1586115703125 0.8127379687499999 0.179370728125 0.8662360390625 0.22250970312499999 0.8557850171875 0.239503759375 0.8220229375000001 0.25167945937499997 0.8322487734375 0.25752998125 0.8420380640625 0.2733236203125 0.8527743062500001 0.302192590625 0.851377534375 0.30839357500000003 0.8426807015625 0.3135845109375 0.8260929062500001 0.309555375 0.817472153125 0.2344176171875 0.757798303125 0.21758909218750003 0.7373444171875 0.21152607968749998 0.734058175
4 0.3233260109375 0.6573046453125 0.2558023265625 0.737113971875 0.25207125625 0.7504133140625 0.300724384375 0.78766330625 0.307099240625 0.7917531984374999 0.3106923375 0.7904369296875 0.3283017390625 0.6912794625 0.3311607328125 0.658106078125 0.32900266093749997 0.6543072171875 0.3233260109375 0.6573046453125
4 0.31773728125 0.24630289218749998 0.30881799375 0.23213046718750002 0.302156134375 0.22906360312500001 0.29348523437499996 0.2331579203125 0.295717821875 0.24243680781250002 0.3003209671875 0.24901150625000001 0.31148661875 0.2513463734375 0.3275038046875 0.278522684375 0.3359622140625 0.280931415625 0.3392434671875 0.2788115 0.3284034390625 0.2561638359375 0.31773728125 0.24630289218749998
4 0.3140007734375 0.3477213625 0.31446165000000004 0.35948505937499997 0.311042425 0.373588046875 0.32781021093749996 0.3674454609375 0.3200141078125 0.3473542578125 0.3140007734375 0.3477213625
8 0.70973280625 0.3275844875 0.6808638328125001 0.3289812609375 0.64257608125 0.3237316828125 0.6149296468750001 0.3265163734375 0.6032893390625 0.3335342578125 0.5388978765625 0.40026362187500003 0.4591847140625 0.4909635609375 0.4551418 0.5034592531250001 0.44352633125 0.5123038109375 0.4500750578125 0.529180421875 0.44996192500000004 0.5429901703125 0.42885044062500005 0.58376791875 0.42863795156249995 0.5902709703125 0.43235524375 0.5980880734375 0.45785466562500005 0.6144476390625 0.48040951875 0.63555744375 0.4926597359375 0.651263303125 0.5041869109375 0.6580551671875 0.5133683640625 0.6693778921875 0.527315775 0.6771189171875001 0.5322307640624999 0.6844972671875 0.5529393921875 0.7026118546875 0.5650405765625 0.7073576671875 0.57459733125 0.7020209453125 0.5852275890625 0.6871120953125 0.674389809375 0.5167660515625 0.72287721875 0.40905062656249996 0.7511003796875 0.36016031875 0.757489015625 0.34313376406249996 0.7525243484375 0.3321020671875 0.70973280625 0.3275844875
0 0.35914094375 0.5028298984374999 0.3404137953125 0.5197870124999999 0.317456084375 0.5575695484375001 0.31358704375 0.5828519640625001 0.317928021875 0.5922763640625 0.340195871875 0.61440919375 0.3468080546875 0.613822709375 0.373742503125 0.6250671453125001 0.4144615546875 0.6542090015625 0.41846585000000003 0.66100308125 0.42888362031250005 0.6525972796875 0.4277742171875 0.6373996140625 0.41805736875 0.6088331703125001 0.42387199375 0.5938526671875 0.43134519375 0.5901971046875001 0.454153871875 0.5414545234375 0.4491146875 0.5249428046875 0.44269015312500004 0.5171995640625 0.44415001875 0.5139111062499999 0.457735909375 0.5171951375 0.46492210468749995 0.5145626 0.46160495 0.491912721875 0.43233584062499997 0.50814226875 0.4156811875 0.5004751062499999 0.37502287500000003 0.49792971562500005 0.35914094375 0.5028298984374999
0 0.1828637859375 0.4187082703125 0.143726078125 0.439470890625 0.1321106078125 0.44831545000000006 0.1283298625 0.457961440625 0.1220792015625 0.463004921875 0.12215371875 0.46848494531249996 0.1303996375 0.4773967265625 0.138234359375 0.4781981609375 0.16731581874999998 0.4702983359375 0.19442685937499998 0.450269928125 0.1948269984375 0.4354371546875 0.190174175 0.42520910624999997 0.1828637859375 0.4187082703125
8 0.5596781156249999 0.268736421875 0.49897076250000005 0.27445352968750003 0.489601659375 0.2714605296875 0.47585295937499994 0.27833289843750003 0.47761088906250004 0.296964534375 0.46630726562499997 0.3066127421875 0.4694008671875 0.3128225484375 0.49561227499999994 0.3151529890625 0.5159345421875 0.3269839078125 0.5595622625 0.3266057328125 0.6017549578125 0.331342690625 0.6232638640625 0.3197917328125 0.6548924734375 0.27791488124999997 0.6535705796875 0.2692202640625 0.5596781156249999 0.268736421875
1 0.305377021875 0.598709975 0.3029816234375 0.5995874859375 0.27867718125 0.62684873125 0.2790387015625 0.631305728125 0.290927396875 0.6425545875 0.29452049375 0.6412383203124999 0.3176024 0.6125891593749999 0.3160183390625 0.6067442437499999 0.305377021875 0.598709975
12 0.5446958171875 0.2512777515625 0.546428909375 0.2680827125 0.5557593953125 0.2903654859375 0.5594021703125 0.2927025671875 0.5629952671875 0.2913862984375 0.56260890625 0.2851026296875 0.5525553765625 0.2539058625 0.5488877624999999 0.2497421046875 0.5446958171875 0.2512777515625
10 0.443269415625 0.22785300312499998 0.4405621734375 0.22792686718750002 0.4018494421875 0.2356833890625 0.4287314953125 0.2873340390625 0.43961014374999996 0.2906919328125 0.4491917359375 0.287181884375 0.469651975 0.287029728125 0.4460511734375 0.2332591625 0.443269415625 0.22785300312499998
10 0.3798548203125 0.233643978125 0.334916265625 0.248270653125 0.35748218125000003 0.292323578125 0.40247041250000004 0.2813502484375 0.38292358437499996 0.238027109375 0.3798548203125 0.233643978125
10 0.3099522375 0.24915480625000003 0.2898286796875 0.25193728437499996 0.3049600125 0.280356 0.3050096890625 0.28400934843750003 0.3014165921875 0.28532561562500003 0.3116963890625 0.2889028890625 0.32973639062500004 0.287801571875 0.3259694234375 0.2763311171875 0.3099522375 0.24915480625000003
10 0.2715265109375 0.25588830156250003 0.256530434375 0.25954607812499997 0.2740074859375 0.283433934375 0.2823527625 0.2996524125 0.2889401078125 0.2972392546875 0.294829246875 0.2877387765625 0.28161865937499997 0.2677952984375 0.2715265109375 0.25588830156250003