8 0.5122380875 1 0.5357490859375 0.9610048578124999 0.547917246875 0.948063534375 0.5575394515625 0.9538865390625 0.564595184375 0.9499870312500001 0.5777390921875 0.931420365625 0.5876933546875 0.89855098125 0.6011160453125 0.878377071875 0.6158137859374999 0.879457415625 0.6293758703125001 0.8584798859375 0.644721346875 0.8149614484375001 0.6683934625 0.7275249203125 0.6649250343750001 0.7148294453124999 0.65836126875 0.70771978125 0.580276675 0.651171715625 0.5479703359375 0.63310106875 0.5368230031250001 0.619724896875 0.5181361625 0.60486440625 0.483226453125 0.5813704015625001 0.452100853125 0.564665478125 0.44119541093750003 0.5539812171875 0.39575335312500004 0.538084240625 0.36937122968749997 0.5553290468750001 0.32691382343750003 0.5467437187499999 0.339307496875 0.569280303125 0.33191151875 0.6282651953125 0.3325633984375 0.64493924375 0.3232979078125 0.6901835203125 0.31561081562500004 0.7058958203125 0.30469718281249997 0.71160455625 0.299203475 0.7187580765625 0.234763034375 0.7551798375 0.20244031875 0.7698951843749999 0.1874637953125 0.7704220828125 0.18037116875 0.77862074375 0.1793585265625 0.78854524375 0.1878286984375 0.8050963671875 0.2758380796875 0.9225029171875001 0.457844959375 1 0.5122380875 1
5 0.1191570828125 0.54716875 0.172241146875 0.5680455765625 0.18877969375 0.5707726921875 0.23866592656250002 0.5937398 0.2420031515625 0.5908458999999999 0.24765263124999998 0.5501027640625 0.2467506765625 0.5471298015625 0.17386463125 0.5178214453125001 0.117873846875 0.54230749375 0.1191570828125 0.54716875
5 0.39893895 0.6300527875 0.4011610375 0.6335878515625 0.490409340625 0.670726096875 0.4957267640625 0.66867535 0.5032088625 0.645971984375 0.50178623125 0.6419143468749999 0.421258178125 0.6076261421875 0.41316110000000006 0.6093563078125 0.40057476249999996 0.6247084921875 0.39893895 0.6300527875
10 0.29940423437499997 0.52553765625 0.3098915015625 0.538632778125 0.31137973125 0.5504851000000001 0.317041540625 0.5546217999999999 0.3245810515625 0.5561061171875 0.3274344984375 0.5478283921875 0.3350478 0.5407144015625 0.37663195781250003 0.55842060625 0.3796903984375 0.5571339484375 0.383921296875 0.43466734687499997 0.2162645328125 0.36328042968749996 0.214144940625 0.3632408984375 0.21302980312500003 0.3696698640625 0.21371038750000002 0.3984377546875 0.2159079078125 0.45115180625000006 0.2206144890625 0.48940069062499997 0.2559792703125 0.506184678125 0.27692509374999996 0.5202810796875 0.284362109375 0.518269865625 0.29940423437499997 0.52553765625
10 0.099227 0.23299224999999998 0.078124603125 0.3546512578125 0.08566991093750001 0.388793721875 0.149762725 0.408317175 0.209975503125 0.4322293515625 0.21519042968750002 0.426683071875 0.2159119578125 0.37348598125 0.2222563734375 0.367557653125 0.33823735 0.416078459375 0.3478964515625 0.417602309375 0.34807678750000004 0.33483370625000003 0.3450921359375 0.32752205624999997 0.12323616875000001 0.2416872765625 0.099227 0.23299224999999998
1 0.4854814796875 0.7972108 0.47888081875 0.794400290625 0.43815353281249997 0.8003592015625 0.4342587390625 0.8064675843750001 0.44226565156250003 0.8461217203125001 0.49626804843750005 0.8371855203124999 0.4854814796875 0.7972108
1 0.590280253125 0.7978216703125 0.57935429375 0.7586505734375 0.54957753125 0.7546015921875 0.5472816546875 0.7596648375 0.55570674375 0.7969081109375 0.590280253125 0.7978216703125
1 0.49969948906250006 0.715241490625 0.49703870781250004 0.6856304484375 0.45468379687500005 0.68054065625 0.4552987796875 0.7015138578125 0.4601242359375 0.7104722812500001 0.49969948906250006 0.715241490625
1 0.5787843953125 0.7169852203125 0.575697246875 0.7061780359375 0.5416157046875 0.69425530625 0.5384834749999999 0.7041402734375 0.5411155484375 0.7216574734375001 0.5783949234375 0.7314899234375 0.5787843953125 0.7169852203125
12 0.537290403125 0.6578947140625 0.539094315625 0.6638406421874999 0.5465969296875001 0.669624115625 0.554415225 0.669501190625 0.55789184375 0.6658036703125 0.5665710578125001 0.6116800359375001 0.56261885 0.5936007328125 0.5552187328125 0.59131279375 0.54690846875 0.6024448890625 0.537290403125 0.6578947140625
4 0.7710397046875 0.5157909265625 0.7662060609375 0.5232255015625 0.7632050328125 0.5486998421875 0.75593611875 0.5620012812499999 0.778890846875 0.5890346765625 0.791952775 0.595459315625 0.7961181640625 0.6041366874999999 0.8052565921875001 0.604575865625 0.807441784375 0.6124100859375 0.79531051875 0.6210522546874999 0.788570465625 0.619045365625 0.786135196875 0.62491223125 0.7951629375 0.638248871875 0.8069785234375001 0.6355131 0.8112914953124999 0.6269938546875 0.8299578203125 0.61336750625 0.8350702484375001 0.6043256921875 0.83246688125 0.598902334375 0.8179823234375 0.5884200625 0.8129149765625 0.5767697234375 0.7992298796874999 0.5657648828124999 0.794925096875 0.55789113125 0.7913254640625 0.5296062781249999 0.7991806546875 0.525184203125 0.8025547749999999 0.517991146875 0.8040224890625 0.50135663125 0.7992995281249999 0.49589374218750004 0.7891197531249999 0.4932852203125 0.78181394375 0.5108858125 0.7710397046875 0.5157909265625
10 1 0.588460521875 0.9863032031250001 0.5824222031249999 0.977956046875 0.5978534515625 0.9749263109375 0.611233953125 1 0.623149246875 1 0.588460521875
10 0.8859649796875001 0.5560954687499999 0.894906603125 0.533150584375 0.8561021015625 0.5157649625 0.848480609375 0.53927195 0.8799218890624999 0.550070478125 0.8859649796875001 0.5560954687499999
0 0.7350804609375 0.5065205781250001 0.73605620625 0.50089523125 0.7331740531250001 0.49707911562499996 0.7154916640625 0.4886871234375 0.7088541078125 0.49017576875 0.7065582296875 0.4952390125 0.7111417984374999 0.5015055234375 0.7322639093750001 0.51049915 0.7350804609375 0.5065205781250001
0 0.872886675 0.5824568218749999 0.8774046421874999 0.5809286453125 0.8777203203124999 0.5750222515625001 0.8714353406249999 0.566305346875 0.838432040625 0.552252803125 0.8340165718750001 0.5572765140625 0.835160415625 0.5629413890625 0.8603454218750001 0.57711685625 0.872886675 0.5824568218749999