4 0.3619623421875 0.3861564796875 0.3636219015625 0.40512312968749997 0.3608139390625 0.41805572343749997 0.363631184375 0.44637185625000003 0.37016313749999996 0.466296290625 0.3770337453125 0.46447403125 0.3714393265625 0.44711352031249996 0.372781734375 0.44460116875000005 0.4144718375 0.42463739375 0.42421662343750005 0.42655295937500004 0.42690607812500003 0.44215261874999995 0.44467451562500004 0.4309710421875 0.4460169234375 0.42845869218750005 0.4425485109375 0.4210346109375 0.399629865625 0.394354125 0.3866013890625 0.3731526453125 0.3758574953125 0.3726271015625 0.36367883437500004 0.3805448234375 0.3619623421875 0.3861564796875
8 0.799869553125 0.4067976125 0.7548434671875001 0.45267814531250006 0.746317940625 0.45615811562499997 0.71773939375 0.45014372812500003 0.7128977875 0.44720897031250006 0.7111458671875 0.43417323437500005 0.7000586734375001 0.434770021875 0.634169821875 0.4813087453125 0.6105914578125 0.488968615625 0.5956664078125 0.5058649890625 0.45733060937500003 0.6016193359375 0.44608948281250005 0.6121009843749999 0.4482462734375 0.62006044375 0.522816290625 0.7065044 0.5526803109375 0.7345847421875 0.5598018578125 0.73757106875 0.5752287828125 0.7302918671875 0.6062981390625 0.701894659375 0.6338113625 0.6926286484374999 0.7064168890625 0.6541525265625 0.7252152234375 0.6396039578125 0.7228074921875 0.6268359140624999 0.7384807125 0.6037409359375 0.7504037953125 0.5703902624999999 0.7699195140625 0.551620059375 0.782252109375 0.533817475 0.8718378343750001 0.45108663125000004 0.8894476953125 0.429165553125 0.9270751515625 0.3980914453125 0.9463707187500001 0.372535684375 0.9520395562499999 0.36742687812499997 0.9282610203124999 0.302398490625 0.8784604453125 0.3187326375 0.8754323328125 0.3248796734375 0.8830249671875 0.3394601421875 0.8930822656249999 0.3422303484375 0.9133507953125 0.3378859046875 0.916194184375 0.3436007 0.9104196859375 0.35872638437500004 0.8982410234374999 0.366644109375 0.8964937453124999 0.3742327359375 0.843588659375 0.3820768234375 0.8231354078124999 0.3982831046875 0.799869553125 0.4067976125
8 0.225685096875 0.7472475015625 0.22899957343750002 0.76455644375 0.2940478921875 0.730147240625 0.3386075296875 0.6932969296875 0.38326417031250004 0.6711400624999999 0.44094000468749994 0.62893595 0.44212383749999995 0.6156840953125 0.3880163546875 0.554282584375 0.3832671109375 0.5454169140625 0.35858799218750004 0.5191489953125 0.354371409375 0.5179235203125 0.306963740625 0.5284346734375001 0.234014915625 0.568033128125 0.225685096875 0.7472475015625
12 0.6236646453125 0.5700662109375 0.63906078125 0.5647639812499999 0.64049555 0.5563207109375 0.6278980921875 0.5074416234375 0.6178361515625 0.48404705156250005 0.6126512468749999 0.48223462968749997 0.6050940421875 0.48630155 0.6041611484375 0.5043619890625 0.6160720093750001 0.555485740625 0.6236646453125 0.5700662109375
10 0.7290066671875 0.41706074531250004 0.7813744484375 0.3809520984375 0.780964934375 0.365404009375 0.7680811109375 0.29306894375 0.7648944234374999 0.2884764765625 0.698314334375 0.31663550156250003 0.6762677375 0.330545546875 0.6998077359375 0.4299614359375 0.7073033671875 0.42984845937499994 0.7290066671875 0.41706074531250004
10 0.5388863359375 0.3650137578125 0.544158959375 0.340270903125 0.53853375625 0.324887365625 0.5175786296875 0.33147647343750003 0.4886614234375 0.347208778125 0.50078779375 0.384493725 0.513873203125 0.381116896875 0.5388863359375 0.3650137578125
10 0.8658153359374999 0.33568058125 0.8681568499999999 0.3317782078125 0.8668359484374999 0.2910648609375 0.8609243781249999 0.252225346875 0.8621082093749999 0.23897349375000002 0.8586705828125 0.22957243906250002 0.85305001875 0.23481326406249997 0.845840753125 0.2583822171875 0.8483239812500001 0.3290694078125 0.8560089765625 0.33771895937499996 0.8658153359374999 0.33568058125
10 0.695364659375 0.25497853125000003 0.6606067390625 0.2691661015625 0.6713907031249999 0.3089634015625 0.7068044328124999 0.29450814062499997 0.7035207421874999 0.2752222265625 0.695364659375 0.25497853125000003
10 0.788648228125 0.22770605000000002 0.7839605578125 0.21488643437500002 0.756073246875 0.22725174374999998 0.762389690625 0.2610149859375 0.7744759906249999 0.25902817968749997 0.7889653812499999 0.249185053125 0.788648228125 0.22770605000000002
0 0.3487816328125 0.521187371875 0.3549348578125 0.5235867468750001 0.3596794625 0.5118280578125 0.38643987343749997 0.48813629374999995 0.385938 0.47851912187499995 0.3759730625 0.4698179984375 0.31804165 0.48658916249999995 0.30805056875000003 0.5004893734375 0.3139267109375 0.5206814984375 0.3291689125 0.525264128125 0.3487816328125 0.521187371875
5 0.7125852765625 0.4463543296875 0.7437254890625 0.455251903125 0.7499402890625 0.453697334375 0.7731399265625 0.42851240625000003 0.7965597171875001 0.410113034375 0.7943413500000001 0.40610751875 0.7790991484374999 0.4015248890625 0.756581465625 0.403840790625 0.7314143953125 0.42982879062499996 0.7126468499999999 0.44240038593750003 0.7125852765625 0.4463543296875