8 1 0.5854793890625001 0.9746239156250001 0.5787366390625001 0.8330871609375 0.505116634375 0.8285793203124999 0.5002441625 0.7495842984375 0.49695655156249996 0.7245780828124999 0.4909192015625 0.5924747640625 0.4791119421875 0.5866360234375 0.48832892812499995 0.5689002703125 0.6468680234375 0.5644814031250001 0.7306588953125 0.5685996624999999 0.755239178125 0.5831253125 0.7923626828125 0.587986146875 0.7993420359375001 0.597431953125 0.8006376640624999 0.6058593125 0.806871140625 0.618445471875 0.8489433906249999 0.6235213671875 0.8516980859375 0.62753828125 0.8481321359375 0.6256353781249999 0.8312661921875 0.6302102140625 0.82276784375 0.693752353125 0.8192014046875 0.7926574265624999 0.8201424234375001 0.8634277765625 0.8734890156249999 0.936295821875 0.9338476484375 0.9462730921875 0.9548401906249999 0.953759134375 0.955455315625 0.9622636234374999 0.9511325953125 0.9832489750000001 0.9276627124999999 1 0.9021360875 1 0.5854793890625001
5 0.7444727296875 1 0.7436668671875 0.9959397140625 0.7351989703124999 0.9784477484374999 0.72984325625 0.9299567921874999 0.7266094562500001 0.9271803046875 0.678832653125 0.9284491859375 0.6773840875 0.94183635 0.689622621875 1 0.7444727296875 1
5 0.6485241546875 0.6649255953125001 0.6162874921875 0.6653069515625 0.6326023281250001 0.7516672890625 0.6410296875 0.757900765625 0.6607449484375 0.7654080796875 0.6665065609374999 0.766747290625 0.6705234765625 0.7631813421875 0.6530319953125 0.6697980671875 0.6485241546875 0.6649255953125001
10 0.501135246875 0.9805130140625 0.50566335625 0.99101473125 0.5128166765625 0.995152221875 0.5239869140625 0.9957237671874999 0.5866749953125 0.9787974 0.6263571640625 0.9677726796874999 0.634508659375 0.9613430781250001 0.6323096203125 0.92618480625 0.613836284375 0.8159246890625 0.609993890625 0.8040074859375 0.60156653125 0.7977740109375 0.5857910609375 0.7972569484375 0.49131670156249996 0.8117445968749999 0.4768355390625 0.818952765625 0.48562379375000003 0.8934394859375001 0.501135246875 0.9805130140625
10 0.5799174875 1 0.5749569796875 0.98597288125 0.5627480328125001 0.9847099406250001 0.5145411078125 0.9944281374999999 0.5020491171875 0.9804592781249999 0.483700625 0.87094429375 0.47870185468750004 0.8576333999999999 0.394241353125 0.8712989015625 0.3885000109375 0.8755889375000001 0.4167806953125 1 0.5799174875 1
1 0.82444816875 0.6959176578124999 0.8319342140625 0.6965327859375 0.8664228187499999 0.6820510734375 0.8654815031249999 0.6764327234375 0.8243226046875 0.6290690031249999 0.7896189375 0.6477753703125 0.7920696234375 0.6568942953125 0.82444816875 0.6959176578124999
1 0.7171770640624999 0.545894240625 0.6893711171875 0.5617042671875 0.70479754375 0.5931876296875 0.7122835890625 0.59380275625 0.744694771875 0.57793825 0.7252311625 0.5443915890625 0.7171770640624999 0.545894240625
1 0.684972521875 0.6511243859375 0.6643970218749999 0.66051570625 0.6859583234375 0.7010744078125 0.6942477515625 0.7009763453125 0.7130988203124999 0.6923091109375 0.6931442828125001 0.650324028125 0.684972521875 0.6511243859375
1 0.66107424375 0.569075871875 0.6493359578125 0.57062210625 0.637382609375 0.576393 0.6449902671875 0.610783603125 0.6482240671875 0.6135600875 0.6566311609375 0.61416431875 0.673993128125 0.6076257578125001 0.6659350796875 0.5760552265625 0.66107424375 0.569075871875
12 0.57585485 0.6277862390625 0.6103839953125 0.62456301875 0.6160076765625 0.619570690625 0.6138897140624999 0.6069294046875 0.6058153468749999 0.6028028078125 0.5665430296875 0.5997489671875 0.5285852921874999 0.610049603125 0.5291938843749999 0.6191903187500001 0.550751240625 0.626675840625 0.57585485 0.6277862390625
4 0.3768646296875 0.42607142031249995 0.3838800171875 0.423877371875 0.388838246875 0.4259297734375 0.3928551609375 0.42236382499999997 0.3962229484375 0.3983986703125 0.4031003984375 0.3898730828125 0.41150749218750005 0.3904773140625 0.41862027343749997 0.3833563125 0.422166528125 0.3769811890625 0.41971584218749997 0.3678622671875 0.38151882656249997 0.3436851359375 0.3679181734375 0.339623915625 0.363901259375 0.3431898625 0.36166958125000004 0.36291946406250003 0.353518090625 0.369349065625 0.35230485625 0.3841408171875 0.3443886890625 0.3919750078125 0.31436738750000004 0.4000707 0.3107805921875 0.39518733125 0.3028238890625 0.39176303125 0.28244318125 0.391300446875 0.27752548906249996 0.4005065375 0.281935934375 0.41030595937500003 0.3422380890625 0.4342215921875 0.3758461859375 0.4310092671875 0.3768646296875 0.42607142031249995
10 0.23682986874999998 0.1300689671875 0.2417279234375 0.1648118 0.23928450781250002 0.172261071875 0.2339935515625 0.17373103437499998 0.24154435156249998 0.22430707968750002 0.2685103265625 0.23102493124999998 0.2767997546875 0.2309268671875 0.27477918749999997 0.213358628125 0.2864769359375 0.20055390156250003 0.2765931140625 0.141561228125 0.2713995515625 0.1381042390625 0.23682986874999998 0.1300689671875
10 0.2689083296875 0.11772682500000001 0.270397428125 0.11559815312499999 0.26657135625 0.076237015625 0.25906504375 0.06999264375 0.2524595078125 0.058108128125000005 0.22110335625 0.047220096875 0.2155460265625 0.047285840625 0.22477517656249998 0.10769363125 0.256817046875 0.11716617968750001 0.2689083296875 0.11772682500000001
10 0.2624481046875 0.338056871875 0.289629140625 0.340550065625 0.285685403125 0.30048663750000004 0.2543495203125 0.29522784999999996 0.2624481046875 0.338056871875
0 0.3243688734375 0.4597656671875 0.32023429531250003 0.462629321875 0.31980417499999997 0.47107863749999995 0.3231961796875 0.4858159125 0.3285074046875 0.48997519531249994 0.3369144953125 0.49057942499999996 0.339089315625 0.48703526874999997 0.3353240484375 0.46456186875 0.3243688734375 0.4597656671875