8 0.3975 0.6516666671875 0.45875000000000005 0.6516666671875 0.46687500000000004 0.6575 0.5775 0.6575 0.58875 0.6458333328125 0.58875 0.6416666671875 0.59875 0.6341666671875 0.59875 0.6241666671874999 0.5875 0.585 0.5825 0.5775 0.576875 0.5808333328125 0.568125 0.58 0.564375 0.5641666671875 0.5125 0.5625 0.35 0.5683333328125 0.319375 0.5983333328125 0.29812500000000003 0.6283333328125 0.2975 0.6375 0.3 0.6408333328125 0.339375 0.6416666671875 0.36 0.6116666671875 0.370625 0.6 0.37625000000000003 0.6 0.38937499999999997 0.625 0.3975 0.6516666671875
8 0.40750000000000003 0.5058333328125 0.40875000000000006 0.5 0.385625 0.5041666671875 0.3775 0.48333333281249996 0.368125 0.48333333281249996 0.27625 0.5575 0.27625 0.5625 0.27875 0.5641666671875 0.34187500000000004 0.5716666671875 0.351875 0.5658333328125 0.38 0.5383333328125001 0.38687499999999997 0.525 0.39375 0.5216666671875 0.40750000000000003 0.5058333328125
12 0.565625 0.5783333328125 0.568125 0.5816666671874999 0.5756249999999999 0.5816666671874999 0.578125 0.5566666671875 0.5756249999999999 0.5341666671875 0.569375 0.5349999999999999 0.5662499999999999 0.5475 0.565625 0.5783333328125
4 0.70875 0.5316666671875 0.7162499999999999 0.5191666671874999 0.71375 0.51 0.684375 0.49083333281249997 0.6825 0.48333333281249996 0.678125 0.4808333328125 0.6675 0.45416666718750004 0.6675 0.445 0.673125 0.4341666671875 0.6725 0.42416666718749996 0.6675 0.4166666671875 0.659375 0.4175 0.6368750000000001 0.4441666671875 0.631875 0.4516666671875 0.6287499999999999 0.46666666718750005 0.629375 0.4875 0.640625 0.5016666671875 0.6443749999999999 0.5133333328125 0.651875 0.5233333328125 0.66125 0.5258333328125 0.6775 0.5416666671875 0.685625 0.5316666671875 0.70875 0.5316666671875
0 0.63375 0.5025000000000001 0.6212500000000001 0.49833333281250003 0.600625 0.5008333328125001 0.584375 0.5075000000000001 0.5743750000000001 0.5166666671875 0.5725 0.5241666671874999 0.58375 0.5308333328125 0.61875 0.5341666671875 0.628125 0.54 0.63375 0.5383333328125001 0.6431250000000001 0.5275000000000001 0.64 0.5091666671875 0.63375 0.5025000000000001
10 0.4 0.4291666671875 0.403125 0.4658333328125 0.43 0.4583333328125 0.42874999999999996 0.42416666718749996 0.4 0.4291666671875
10 0.3825 0.4916666671875 0.384375 0.4933333328125 0.395625 0.4841666671875 0.398125 0.47750000000000004 0.398125 0.4591666671875 0.39625 0.43833333281250003 0.38375 0.445 0.3825 0.4916666671875
10 0.44125 0.4441666671875 0.44375 0.43916666718749997 0.44375 0.4125 0.440625 0.41 0.43375 0.4141666671875 0.434375 0.4441666671875 0.44125 0.4441666671875
10 0.5756249999999999 0.47750000000000004 0.58 0.48 0.578125 0.44000000000000006 0.575 0.43499999999999994 0.57125 0.4375 0.571875 0.46166666718749994 0.5756249999999999 0.47750000000000004
10 0.56875 0.41166666718749995 0.564375 0.40833333281249995 0.56125 0.4175 0.56125 0.4325 0.5662499999999999 0.43666666718749997 0.56875 0.41166666718749995
10 0.55625 0.4225 0.56125 0.40833333281249995 0.5599999999999999 0.4025 0.555625 0.4 0.553125 0.41 0.553125 0.42083333281249996 0.55625 0.4225
10 0.4575 0.4175 0.456875 0.40499999999999997 0.45125000000000004 0.40499999999999997 0.45125000000000004 0.4233333328125 0.45437500000000003 0.4266666671875 0.4575 0.4175