8 0.6130875687499999 0.5627962906249999 0.6118857046875 0.5474847031250001 0.606405459375 0.5445253453125 0.56070339375 0.5346125734375 0.556371784375 0.5363290890625 0.5564250125 0.5469648031250001 0.561610025 0.5551722109375 0.590280890625 0.566703 0.594647984375 0.5720769578125 0.5882643015625 0.5813165078125 0.562847375 0.5775742765625 0.542337971875 0.5908327359375 0.4766814828125 0.5765918546875 0.4709915234375 0.5638481875 0.476884809375 0.5208590703125 0.46540163124999995 0.5068588562499999 0.43514815156250003 0.5002968812499999 0.4292516703125 0.5105274515625 0.420712653125 0.53877715 0.41511140468749996 0.543759671875 0.352360396875 0.5319196828125 0.35055032656249996 0.523558953125 0.35362684375 0.4958951328125 0.34894677500000004 0.492223984375 0.3370473625 0.49141369843750005 0.3173558796875 0.5075056078125 0.3003069390625 0.505578390625 0.3032301609375 0.5115245203125001 0.2989695234375 0.527421990625 0.289506128125 0.5315668125 0.2677948625 0.529513684375 0.253252909375 0.5467225250000001 0.2464529921875 0.5691520046874999 0.250055390625 0.5823282265625 0.2542482546875 0.585008353125 0.29544448125 0.5939438078125 0.59804705625 0.640985965625 0.6139651046875 0.641782546875 0.6176175359375 0.6328359359375 0.622905809375 0.6295562234375 0.6690773375 0.6369147796875 0.67356543125 0.6343468578125 0.6741736375 0.6273959984374999 0.6476549140625 0.5640965125 0.6383125234375 0.5602994546875 0.634329375 0.5674036359375 0.6182548406249999 0.5674584609375 0.6130875687499999 0.5627962906249999
8 0.6337179734375 0.5415959484374999 0.6714924203125 0.6055661046874999 0.6863682828125001 0.6229582359375 0.6961269109375 0.6135653640625 0.751765025 0.6495376421875 0.7368778046875 0.6941173640625 0.7452457906250001 0.695932378125 0.777751478125 0.6064799953125 0.7803085015625 0.6034932234375 0.791720709375 0.6033124875 0.7940857593749999 0.594086646875 0.7657779015624999 0.5587302109375 0.6916082968749999 0.48155386718750004 0.6095465578125 0.46552538437499996 0.617604759375 0.5018017546875 0.6337179734375 0.5415959484374999
8 0.5858186984375 0.4780857625 0.5790365234375 0.5040604796875 0.49375632812500003 0.4873339109375 0.48953117500000004 0.51032185625 0.584797453125 0.5309850953125 0.6011430875 0.45661989375 0.59092955 0.4393536734375 0.5043619734375 0.422347875 0.5017194328125 0.440367003125 0.5847555796874999 0.45837753125 0.5858186984375 0.4780857625
8 0.4319119546875 0.49605355937500006 0.43128600468749995 0.4994591828125 0.4802065265625 0.5100700359375 0.4853883453125 0.48551889687500005 0.43324936875000003 0.47420996249999997 0.43277990624999996 0.47676417656250003 0.440834915625 0.48028200312499997 0.443445165625 0.48793094375 0.4319119546875 0.49605355937500006
8 0.4832766546875 0.41688912499999997 0.44529888125 0.4086517515625 0.4412302140625 0.4307882890625 0.4775898890625 0.436904003125 0.4820602421875 0.4307908421875 0.4832766546875 0.41688912499999997
0 0.5480893203125 0.51948171875 0.5176793515625 0.513771146875 0.48295552031250005 0.513322334375 0.47512796562500004 0.5231340546875 0.4694766859375 0.550239409375 0.46956539687500004 0.5679655984374999 0.477517146875 0.5829705406250001 0.5405988703125 0.5966529578124999 0.5534372078125 0.5923548109375 0.5737546375 0.57285728125 0.5980584109375 0.5790141125 0.6010494109375 0.566382646875 0.5987698781249999 0.560576134375 0.565593175 0.548068028125 0.565347975 0.53119324375 0.5596935000000001 0.5255400531250001 0.5480893203125 0.51948171875
10 0.33122043125 0.3228191859375 0.2507767890625 0.3089123609375 0.247806728125 0.357847609375 0.2507654359375 0.3708842140625 0.249915225 0.393718834375 0.2432927296875 0.451600690625 0.3582004546875 0.4782948546875 0.360600990625 0.47615948750000003 0.36666850625 0.43586420312499996 0.37193584375 0.396280709375 0.3707694640625 0.38805959687499997 0.32908603125 0.37813311875 0.326893134375 0.36821347968749996 0.33122043125 0.3228191859375
10 0.0648419796875 0.319047928125 0.06760871406249999 0.3258454671875 0.146139025 0.342878678125 0.148973534375 0.33109861875 0.1485863984375 0.2858619359375 0.146306865625 0.280055421875 0.06795078437499999 0.265716040625 0.0687186734375 0.290672321875 0.0648419796875 0.319047928125
10 0.3884798375 0.39367166875000004 0.3913853203125 0.3960725625 0.46090395468749995 0.4111511421875 0.465182334375 0.3987989125 0.46731992812499995 0.37624352499999997 0.46422247656250004 0.3676035625 0.4648129390625 0.3571074640625 0.46206394531250006 0.3538551671875 0.3949635875 0.34018645625 0.3884798375 0.39367166875000004
3 0.6331129609375 0.581305353125 0.6295815328125001 0.5823100828125 0.6236850515625 0.5925406515625 0.627113221875 0.60302304375 0.632611209375 0.6095276390625 0.65560985625 0.6118600015625 0.65707146875 0.6148330671875 0.660236696875 0.6048954359375001 0.6582346546875 0.5902956359375 0.6562858390625 0.586331546875 0.648561546875 0.5846561484375 0.640542021875 0.5882288 0.6382624890625 0.582422284375 0.6331129609375 0.581305353125
1 0.6314416359374999 0.56854798125 0.631580378125 0.5641513375 0.6241335765625 0.553682653125 0.61239065 0.5520209625 0.6163237671874999 0.5670396109375 0.629354075 0.5689805375 0.6314416359374999 0.56854798125
12 0.68928511875 0.5633872765625 0.7006763921875 0.5269027562499999 0.7025010109375 0.5060501796875 0.6962205890625001 0.5038026109375 0.6887237515625 0.5154567578125 0.6776631953125001 0.5537837031249999 0.67754219375 0.5617255859375 0.68928511875 0.5633872765625
5 0.3676670421875 0.5069085765625 0.392301534375 0.514907834375 0.42646719375000003 0.500184678125 0.4408881453125 0.49091771562500003 0.4455149828125 0.48395315156249996 0.4379294359375 0.477881109375 0.41684411875 0.472422359375 0.36246428750000004 0.4951559296875 0.358306909375 0.4995662796875 0.3676670421875 0.5069085765625