8 0.3782066515625 0.3843821 0.37518992500000004 0.38936172343750003 0.3559440109375 0.665713553125 0.3546727234375 0.7287198953125 0.347369015625 0.7438213109375 0.342475959375 0.79662735 0.3337654046875 0.9421212156250001 0.365437140625 0.9450688812499999 0.3913951625 0.9050728984375 0.43061260937499996 0.840337790625 0.43467150937500004 0.8216466421874999 0.445452228125 0.5872476171875001 0.4418800890625 0.5763943828125 0.421974115625 0.5837474265625 0.41194193125 0.5768958015625001 0.4207059234375 0.473161240625 0.41960563906250004 0.4066464359375 0.414812871875 0.40028243906250005 0.39285315 0.38837543281250003 0.3782066515625 0.3843821
8 0.3953201875 0 0.39320672968750003 0.03661986875 0.3963818515625 0.052696540624999996 0.4011746203125 0.059060537499999996 0.3904772234375 0.07253100625 0.3823393625 0.121747309375 0.3843931109375 0.141007359375 0.376572040625 0.232336253125 0.3820395359375 0.24139324062499998 0.377472784375 0.35932695468750003 0.3820670421875 0.36830267031249997 0.39491744375 0.372786390625 0.40142711249999996 0.368131853125 0.40288636406249995 0.33736288124999997 0.4101108765625 0.31173332187499997 0.4150229578125 0.304957453125 0.42622613906250006 0.30797277031250003 0.4369531078125 0.30568338125 0.44929772031250004 0.2936813140625 0.45274103749999994 0.294659328125 0.458050134375 0.2826600203125 0.46157368125 0.23630200937499998 0.460105946875 0.1861917171875 0.436082965625 0.1320095796875 0.42842235312500004 0.12866641875 0.42482064062499997 0.10663210625 0.44185876718749995 0.10229989531250001 0.45054253125 0.045901365625 0.44581944531250006 0.02705043125 0.44748671875 0.016684826562499998 0.4556436078125 0.0134986921875 0.4637804375 0.0221465640625 0.46994271562499995 0.022062534375 0.4699801078125 0 0.3953201875 0
8 0.4018634484375 0.9408972468749999 0.40789945312500003 0.949020821875 0.4397514953125 0.951985271875 0.44382839531249996 0.9441453484375 0.46542169843750003 0.9145926921875001 0.5200807125 0.7855398671875 0.521916925 0.761381465625 0.5176404890625 0.736654165625 0.51212336875 0.72825010625 0.504313871875 0.7268657328125 0.497953084375 0.7295614828125 0.46591052031249997 0.7693199578125001 0.449854396875 0.7954426640625 0.4006237921875 0.8993563140624999 0.4018634484375 0.9408972468749999
10 0.5445048406249999 0.6030418625 0.5473726828125 0.600021028125 0.5487738281250001 0.489025728125 0.5457771578124999 0.48217134375 0.537243309375 0.47874691093750005 0.46127179218750003 0.47167629218749996 0.4575307125 0.4746158546875 0.4510390359375 0.5831647359375001 0.45223960625000004 0.5905095078125 0.45635765 0.5941805140625 0.5445048406249999 0.6030418625
10 0.48313619374999994 0 0.4805208 0.021731934375 0.47765192343749996 0.08261694375 0.4800234953125 0.0861254078125 0.5285477390625 0.084066040625 0.56170113125 0.07597327968749999 0.5649094406249999 0 0.48313619374999994 0
10 0.4588230859375 0.341911328125 0.46206789375 0.3455010640625 0.4741939390625 0.347944721875 0.5051542109375 0.3455657875 0.5454719421875 0.3473454859375 0.5570932359375 0.27543918437500003 0.557986528125 0.2636864484375 0.5555157015625001 0.2614838453125 0.5424667921874999 0.2596118421875 0.4761800671875 0.2639633578125 0.4604607890625 0.320364646875 0.4588230859375 0.341911328125
10 0.5668212328125 0.0896007734375 0.5626630796875001 0.10959778281250002 0.562950296875 0.1405292953125 0.5855551765625 0.1439482140625 0.603168771875 0.143614853125 0.6064336359375 0.1353705828125 0.6079129453125 0.092767603125 0.591470346875 0.08926465624999999 0.5668212328125 0.0896007734375
10 0.5734460921875 0.303263075 0.582128821875 0.30472871874999996 0.6006156578125 0.30447663125 0.6045362203125 0.25289517968749997 0.57464769375 0.25274366875 0.5700830031249999 0.2549490296875 0.57102489375 0.300407540625 0.5734460921875 0.303263075
10 0.5683514328125 0.5322733625 0.5833949515625 0.53104325625 0.5866407890625001 0.476768815625 0.5798037859375 0.4741598546875 0.5655342484375 0.4767770890625 0.5579032046875 0.48461500468749996 0.5608397015625 0.5269714078125001 0.5683514328125 0.5322733625
4 0.5738073515625 0.6340436171875 0.5793445312500001 0.630613665625 0.6064644703125001 0.632480153125 0.6122001609375001 0.6264384828125 0.61202170625 0.6172161953125 0.60101703125 0.6115891578125 0.5905878296875 0.6099609703125 0.5848922562500001 0.592334625 0.566673615625 0.5774880578125 0.56061059375 0.5762662265625 0.5575241796875 0.5937327875 0.54887101875 0.60344821875 0.5426591140625 0.6041851796875 0.5404659953125 0.6098990046874999 0.5601037734375 0.6176446171875 0.5609569515625 0.62955989375 0.5659482296875 0.6333121734375 0.5738073515625 0.6340436171875
5 0.42145984687500004 0.4863823796875 0.41309287499999997 0.5848935015625 0.43711689062500003 0.5812114640625 0.44678368593749995 0.488739253125 0.44081991875000004 0.4862115625 0.42345445625 0.4832802734375 0.42145984687500004 0.4863823796875
5 0.45703649999999996 0.3654168 0.4091478984375 0.3359729953125 0.40298561875 0.3360570234375 0.405743665625 0.369191140625 0.41874295000000006 0.371716071875 0.44177441406250006 0.381092628125 0.45432705 0.3894939296875 0.46043969999999995 0.3900628296875 0.46128336562500005 0.37896302187500003 0.45703649999999996 0.3654168
5 0.439992984375 0.11527721875000001 0.4526047609375 0.146040675 0.45749678437499997 0.1510988109375 0.46445310156249997 0.14056790624999999 0.46971360625 0.0713573515625 0.46571487500000003 0.0545464796875 0.462321184375 0.052915534374999997 0.45189198125 0.051287346874999994 0.439992984375 0.11527721875000001
12 0.45116476875 0.7666324828125 0.43307495156250003 0.7616611328125 0.4008644796875 0.7573482281249999 0.39196318125 0.7703283109375 0.3924890265625 0.7749800890625 0.427944303125 0.7828827296875 0.44628225625000006 0.7845894296875 0.4605021671875 0.782625125 0.4621198140625 0.7729124515625 0.45116476875 0.7666324828125