4 0.5455940171875 0.20426280624999998 0.5712220171875 0.176538140625 0.5734910328125 0.1697163578125 0.56968934375 0.16499263749999998 0.552546284375 0.15884215937499999 0.5307908796875 0.16107803125 0.52110256875 0.15386055625 0.5210848421875001 0.1614136828125 0.5157893390625 0.165507934375 0.51663885625 0.1727613390625 0.5063062484375 0.1816152390625 0.49556660937499997 0.17928930781250002 0.4734641703125 0.2186254265625 0.4787985359375 0.23489464999999998 0.4754781921875 0.246607978125 0.478228553125 0.256223240625 0.4732480375 0.2737932359375 0.47557364062499996 0.2797817984375 0.48684780781250003 0.2758853921875 0.5174208703125001 0.24569698906249998 0.5455940171875 0.20426280624999998
4 0.24060791875 0.18891544375 0.24184333125 0.1794320765625 0.254020196875 0.160129690625 0.271255296875 0.16398425781249998 0.28522664531249997 0.1923625 0.2953397125 0.20320668125000002 0.3100685328125 0.24113423906250003 0.3108825953125 0.2634939 0.3073038515625 0.2745418328125 0.311696659375 0.2858535625 0.3170487484375 0.29456965625 0.329080390625 0.300222565625 0.33974571249999996 0.297291278125 0.3439155734375 0.2928313546875 0.36408511875 0.301709365625 0.3688638234375 0.296284321875 0.36679662031250004 0.2909611546875 0.386484821875 0.28340211875 0.38869725 0.2637699875 0.3828815375 0.2310637171875 0.38612756406250004 0.21409317187500002 0.4275289015625 0.1484650546875 0.48364133125000003 0.1283176296875 0.5438349859375 0.141475921875 0.5926978875 0.1457202703125 0.6027543671875 0.143754103125 0.6075330671875 0.1383290609375 0.609653453125 0.120992840625 0.5924360796875 0.1095851453125 0.5719160875 0.1023376484375 0.5668401234375 0.08673382187499999 0.5762860125 0.053798610937500005 0.39372171875 0.0367555015625 0.11276464374999999 0.133855621875 0.1154950875 0.1453645203125 0.12516566875 0.160135125 0.1542128734375 0.18934067968749999 0.1690126 0.1970557265625 0.18626542968749998 0.193357165625 0.2032421296875 0.19654633906250002 0.21798527031249998 0.1914510390625 0.2313266390625 0.192877796875 0.24060791875 0.18891544375
8 0.5391067046875 0.8638487125 0.547170296875 0.8618165984375 0.54960566875 0.8579561203124999 0.6242281640625 0.667641584375 0.6971516296875 0.46282023906249997 0.6976295703125001 0.4437875578125 0.6911518328125 0.4347057921875 0.6677717109375 0.42769207031249995 0.604625884375 0.41706346562499996 0.5374765515625 0.41385609062500006 0.5036151921875 0.4051818359375 0.4933569015625 0.419292953125 0.49027723125 0.43922480625000004 0.4833958703125 0.454432940625 0.47861716562499995 0.459857984375 0.465258071875 0.4659843546875 0.45095741718750004 0.46715322812500004 0.4496476875 0.47137937812499997 0.4322987203125 0.6268059015625 0.42562939218749996 0.736278278125 0.4284540703125 0.7511507609375 0.44495283125 0.7733726140625 0.45853487499999995 0.7830179 0.5292343078124999 0.8612230593750001 0.5391067046875 0.8638487125
0 0.5319158328125 0.34634548593750003 0.487056434375 0.33467990312499996 0.4614427515625 0.319381709375 0.435294540625 0.3103058546875 0.4242044609375 0.3096104375 0.408760434375 0.31796676874999996 0.3935393546875 0.3420947515625 0.3826190375 0.37983037343750004 0.3839499015625 0.403520825 0.39308595625 0.42451376874999996 0.420398671875 0.45431877187499997 0.43423911562499995 0.46462945156249996 0.461955453125 0.4701445546875 0.48225249843749995 0.46162039843749997 0.511363796875 0.3896739765625 0.5232645312499999 0.3772593234375 0.5398342015625001 0.369268665625 0.5480075640625001 0.3573875109375 0.5319158328125 0.34634548593750003
10 0.2745135734375 0.6586962015625 0.2889983140625 0.65293550625 0.2616112828125 0.6178732874999999 0.2436752953125 0.61727975 0.1997963171875 0.6309351359375001 0.2232718890625 0.671122675 0.2745135734375 0.6586962015625
10 0.1616485140625 0.5656303796875 0.18337187187499998 0.6139704953125 0.23618168437499998 0.597983271875 0.21237339843749997 0.5518731140625001 0.16633517343749998 0.5625012468749999 0.1616485140625 0.5656303796875
10 0.13090296875000001 0.33701623125 0.133486971875 0.3436701890625 0.15149727500000001 0.34952094375 0.2150289984375 0.3434127765625 0.23349951406249997 0.337783978125 0.240603821875 0.33834749531249997 0.2406215484375 0.3307943671875 0.2224271609375 0.329535434375 0.2005797140625 0.334067215625 0.13090296875000001 0.33701623125
10 0.17817932187500002 0.5372762468750001 0.1894534875 0.5333798421875 0.18065015 0.5183095125 0.1607212734375 0.5176500265625 0.13254472343749998 0.5236144781250001 0.1443745484375 0.5414123375 0.17817932187500002 0.5372762468750001
10 0.12244938125 0.5052171703125 0.14385434218749998 0.5046118140625 0.1611071703125 0.5009132562499999 0.16079218281250002 0.4874375125 0.11563892812500001 0.49021279218749997 0.12244938125 0.5052171703125
5 0.25911660468750003 0.388551903125 0.27716236250000004 0.3792964 0.25901433906250004 0.28443861875 0.2483101578125 0.2670064328125 0.24006247812499998 0.273630371875 0.2380518640625 0.28111755 0.25911660468750003 0.388551903125
1 0.4434822234375 0.2554018390625 0.43039925468750007 0.25464047343749996 0.42458695 0.257403934375 0.4197373390625 0.29304149218750003 0.43176897968750005 0.2986944015625 0.44069981562500005 0.29636256250000004 0.44529102343750004 0.260059609375 0.4434822234375 0.2554018390625
8 0.41094965468750005 0.8251233875 0.4194557328125 0.8191648453125 0.42747705625 0.761299525 0.4193923296875 0.7354150374999999 0.29698418437499996 0.6101764421875 0.291263921875 0.6106439921875 0.303833496875 0.6455442953125 0.2964741984375 0.6797851109375 0.41094965468750005 0.8251233875
12 0.361173834375 0.729875821875 0.3541615703125 0.7270163937499999 0.324158490625 0.7358762015625 0.3144347265625 0.743764984375 0.3182364171875 0.748488703125 0.3328875140625 0.7456893140624999 0.357003975 0.7343357484374999 0.361173834375 0.729875821875