8 0.6140101015625 0.399804840625 0.618068459375 0.4217889515625 0.6426731953125 0.47876044687499997 0.6557168703125 0.47417221718749997 0.660619440625 0.47687194999999993 0.6644174484375001 0.48733397500000003 0.6831557421875 0.490328496875 0.7184959515625 0.4904326484375 0.7271917343750001 0.48737382812499996 0.7194334765625 0.4524967078125 0.6936869453125001 0.3842763171875 0.693319775 0.3724599859375 0.6552621640625 0.27302862031249997 0.650359596875 0.2703288890625 0.6059263796875001 0.2667869046875 0.6035526265625 0.2602481359375 0.6072659203125 0.2515681953125 0.6334236171875001 0.212871965625 0.6184689609375 0.17167773749999998 0.6069270640625 0.175000328125 0.5916742703125 0.19511314531249999 0.562912628125 0.2509475984375 0.6140101015625 0.399804840625
8 0.48861320937499997 0.3110023625 0.49841594999999994 0.30829153593749997 0.5003125578125001 0.305412259375 0.5091681875 0.3081962171875 0.5113892828125 0.333223075 0.51431531875 0.33588069531250003 0.52285125625 0.32697909687500004 0.5418948718750001 0.2929974375 0.56054126875 0.252519121875 0.5614084515625 0.2441029515625 0.5265166453125001 0.15609337031249998 0.5145918984375 0.20158104062499999 0.5053486234375 0.22474158906250002 0.49681268437500004 0.23364318437499998 0.49705485312500003 0.2505176421875 0.481494340625 0.2994963515625 0.48861320937499997 0.3110023625
0 0.592809084375 0.5575027718750001 0.60617485 0.572710384375 0.61811396875 0.57588445 0.6322646 0.5716442140625 0.6341588140625001 0.5606546484375 0.6423798484375001 0.5562880765625 0.6413504203125 0.55075118125 0.61429919375 0.508650396875 0.6010932765625 0.4992855609375 0.5957183515625 0.5033883640625 0.5894762453125 0.5159073390625 0.5876619562500001 0.5298182953125 0.592809084375 0.5575027718750001
4 0.5206460453124999 0.6234424234375 0.5274500125 0.6394834578124999 0.5384396265625 0.640042015625 0.5471354140625 0.6369831953125 0.5545643953125 0.6277336046875 0.5649993375 0.6240630203124999 0.5933029953125 0.6236928390625 0.6190003140625 0.6323505921875 0.6392451796875 0.6503000515624999 0.6467564828125 0.6520821359375 0.659245484375 0.643264765625 0.6751304828125 0.6221921890625 0.6840636421874999 0.61978724375 0.678998834375 0.6031344453124999 0.649350846875 0.6025027546875 0.640296603125 0.596470471875 0.6307652140625 0.58102014375 0.6021442578125 0.577815059375 0.6004826296875 0.5732379234375 0.5879113078125 0.5710236171874999 0.5630883578125 0.578280559375 0.5454618109375 0.5918546124999999 0.533214971875 0.6175464390625 0.5206460453124999 0.6234424234375
12 0.6234673359375 0.498789040625 0.6443372187499999 0.49144787343749996 0.6597522546875 0.4852881203125 0.6629132703125 0.480489328125 0.6561116984375001 0.4725585828125 0.62093373125 0.4864074984375 0.6101838875000001 0.49461310625 0.613822046875 0.49923235625 0.6234673359375 0.498789040625
10 0.47605146875 0.3412292125 0.43636576250000003 0.3507647625 0.442304940625 0.38333225625 0.478432409375 0.37209884843749996 0.47605146875 0.3412292125
10 0.4498042671875 0.3445628953125 0.48695876718750003 0.3307560921875 0.498495871875 0.31121292500000003 0.49691416874999994 0.3095571765625 0.4579405859375 0.32105435625 0.4462412390625 0.3266444578125 0.44331999531250005 0.34020741718749997 0.44474424843750004 0.344130675 0.4498042671875 0.3445628953125
10 0.558486325 0.52238406875 0.5553229140625 0.5190725734375 0.5377714984375 0.519347434375 0.5168216890624999 0.5237672156250001 0.5079684546875 0.529093546875 0.5045700625 0.5332384640625001 0.5114491640625001 0.5359803078125001 0.558486325 0.52238406875
10 0.4586742703125 0.39600858906249997 0.4683171625 0.3874549859375 0.4653112015625 0.38187597812499996 0.43313680000000004 0.3931936125 0.43385132187500003 0.40326553125000003 0.43867396562499994 0.4030438765625 0.4586742703125 0.39600858906249997
10 0.513500828125 0.5227232296875 0.512551325 0.5201077234375 0.499822553125 0.52016093125 0.47903259374999996 0.5304234859375 0.4795872671875 0.534652628125 0.48527948906249996 0.5341250890625 0.513500828125 0.5227232296875
10 0.49104684374999996 0.5202983609375 0.48804088749999996 0.5147193546875 0.47262585 0.5208791046875 0.46527439531250003 0.5249397984375 0.46978213281250003 0.5292531640625 0.49104684374999996 0.5202983609375
10 0.45440869531250005 0.40856967656250004 0.44626519218749994 0.4077473484375 0.43171973281250003 0.4136012203125 0.4323543296875 0.42075175 0.44974590000000003 0.4146341109375 0.45440869531250005 0.40856967656250004