8 0.44000000000000006 0.9383333328125 0.458125 0.875 0.546875 0.7224999999999999 0.55 0.6783333328125 0.556875 0.6483333328125 0.56375 0.5441666671875 0.556875 0.5358333328125 0.536875 0.5291666671875 0.45062499999999994 0.5116666671875 0.433125 0.5041666671875 0.40499999999999997 0.49833333281250003 0.34249999999999997 0.4883333328125 0.318125 0.4891666671875 0.29125 0.49833333281250003 0.27875 0.5133333328125 0.271875 0.515 0.26625 0.5208333328125 0.2725 0.6041666671875 0.27 0.67 0.220625 0.7191666671875 0.18687499999999999 0.7591666671875 0.18 0.7616666671875 0.1525 0.7591666671875 0.14937499999999998 0.765 0.14875 0.7741666671874999 0.15687500000000001 0.7858333328125 0.18812500000000001 0.8033333328125 0.224375 0.8300000000000001 0.274375 0.8566666671875 0.36625 0.9158333328125 0.4325 0.9483333328124999 0.44000000000000006 0.9383333328125
5 0.153125 0.5608333328125 0.095625 0.5658333328125 0.05375 0.61 0.053125 0.6141666671875 0.061250000000000006 0.615 0.113125 0.61 0.125 0.605 0.17375000000000002 0.605 0.17250000000000001 0.5650000000000001 0.16999999999999998 0.5608333328125 0.153125 0.5608333328125
5 0.405625 0.5391666671875 0.334375 0.5425 0.328125 0.5458333328125 0.321875 0.5599999999999999 0.31875 0.5683333328125 0.31875 0.5716666671875 0.321875 0.5733333328125 0.40499999999999997 0.5691666671875 0.409375 0.5650000000000001 0.41187500000000005 0.5466666671875 0.41 0.54 0.405625 0.5391666671875
10 0.216041875 0.5175 0.2225 0.5225 0.224375 0.5291666671875 0.23937499999999998 0.5325 0.24375 0.5183333328125 0.285625 0.515 0.28875 0.5116666671875 0.26937500000000003 0.3958333328125 0.26687500000000003 0.39249999999999996 0.09875 0.3958333328125 0.0975 0.40083333281250005 0.10625 0.4408333328125 0.11499999999999999 0.46166666718749994 0.114375 0.47750000000000004 0.11750000000000001 0.49083333281249997 0.1275 0.4966666671875 0.13374999999999998 0.5183333328125 0.216041875 0.5175
10 0 0.4808333328125 0.01875 0.48333333281249996 0.03125 0.4783333328125 0.0775 0.4733333328125 0.10375000000000001 0.46666666718750005 0.11187499999999999 0.46166666718749994 0.10124999999999999 0.4066666671875 0.11695312499999999 0.3966666671875 0.213125 0.395 0.230625 0.3908333328125 0.21875 0.3275 0.21000000000000002 0.30333333281249997 0.029375000000000002 0.31 0 0.3116666671875 0 0.4808333328125
1 0.395 0.7308333328125001 0.436875 0.7033333328125 0.42125 0.6766666671875 0.414375 0.6775 0.383125 0.6975 0.381875 0.7033333328125 0.395 0.7308333328125001
1 0.48 0.6483333328125 0.506875 0.6358333328125 0.5025000000000001 0.6224999999999999 0.49312500000000004 0.6066666671875 0.468125 0.615 0.468125 0.6241666671874999 0.48 0.6483333328125
1 0.41937499999999994 0.6016666671875 0.41312499999999996 0.5783333328125 0.37687499999999996 0.5908333328125 0.38 0.6066666671875 0.38687499999999997 0.6141666671875 0.41937499999999994 0.6016666671875
1 0.488125 0.585 0.48375 0.5650000000000001 0.45187499999999997 0.5691666671875 0.45187499999999997 0.5791666671875 0.456875 0.5900000000000001 0.488125 0.585
12 0.44625000000000004 0.46749999999999997 0.44125 0.48250000000000004 0.4425 0.5383333328125001 0.44749999999999995 0.545 0.45437500000000003 0.545 0.45875000000000005 0.5425 0.46125 0.5358333328125 0.45999999999999996 0.485 0.453125 0.46749999999999997 0.44625000000000004 0.46749999999999997
4 0.66875 0.39249999999999996 0.665625 0.3641666671875 0.66625 0.34500000000000003 0.67 0.3375 0.6793750000000001 0.3358333328125 0.680625 0.3275 0.655 0.305 0.655625 0.2791666671875 0.646875 0.27749999999999997 0.6431250000000001 0.2808333328125 0.64 0.3025 0.6287499999999999 0.3083333328125 0.618125 0.3291666671875 0.6168750000000001 0.3391666671875 0.6212500000000001 0.3466666671875 0.620625 0.3741666671875 0.63375 0.4025 0.639375 0.4016666671875 0.640625 0.3966666671875 0.6643749999999999 0.3958333328125 0.66875 0.39249999999999996
10 0.860625 0.2858333328125 0.8377775 0.2858333328125 0.83125 0.2783333328125 0.81875 0.27749999999999997 0.7887500000000001 0.27749999999999997 0.78625 0.2866666671875 0.7825 0.30583333281249997 0.7875 0.3116666671875 0.798125 0.3125 0.805 0.32083333281250004 0.829375 0.3225 0.85375 0.32083333281250004 0.8625 0.2891666671875 0.860625 0.2858333328125
10 0.87625 0.2941666671875 0.869375 0.3183333328125 0.905 0.32166666718750003 0.9112500000000001 0.3133333328125 0.9181250000000001 0.3116666671875 0.929375 0.2816666671875 0.884375 0.27999999999999997 0.8800000000000001 0.2833333328125 0.87625 0.2941666671875
10 0.69625 0.2783333328125 0.69375 0.30333333281249997 0.7004168749999999 0.30333333281249997 0.7068749999999999 0.3091666671875 0.723125 0.3083333328125 0.7275 0.30416666718749996 0.7318749999999999 0.2766666671875 0.6975 0.2758333328125 0.69625 0.2783333328125