4 0.6837500000000001 0.49416666718749996 0.6675 0.4491666671875 0.6725 0.4408333328125 0.67375 0.4325 0.671875 0.425 0.666875 0.42000000000000004 0.656875 0.42000000000000004 0.655625 0.42750000000000005 0.6331249999999999 0.4525 0.628125 0.4733333328125 0.6275000000000001 0.48666666718749996 0.6331249999999999 0.5025000000000001 0.6425 0.5066666671875 0.645 0.5183333328125 0.653125 0.5275000000000001 0.67375 0.53 0.6793750000000001 0.5416666671875 0.6900000000000001 0.5316666671875 0.70875 0.5349999999999999 0.7162499999999999 0.5225 0.713125 0.5125 0.6837500000000001 0.49416666718749996
4 0.406875 0.4125 0.40499999999999997 0.4308333328125 0.4225 0.4258333328125 0.42312500000000003 0.41916666718749995 0.41937499999999994 0.4066666671875 0.41125 0.40499999999999997 0.406875 0.4125
10 0.395 0.4875 0.398125 0.47750000000000004 0.398125 0.4425 0.393125 0.4425 0.38375 0.4491666671875 0.3825 0.48333333281249996 0.383125 0.4966666671875 0.385625 0.49749999999999994 0.395 0.4875
10 0.44375 0.4375 0.44375 0.4158333328125 0.43499999999999994 0.4175 0.43499999999999994 0.44333333281250004 0.43562500000000004 0.4483333328125 0.438125 0.4491666671875 0.44125 0.44749999999999995 0.44375 0.4375
10 0.561875 0.42000000000000004 0.561875 0.43499999999999994 0.566875 0.4441666671875 0.5700000000000001 0.44166666718750003 0.569375 0.4158333328125 0.565625 0.4125 0.561875 0.42000000000000004
10 0.45562500000000006 0.4341666671875 0.456875 0.40833333281249995 0.45187499999999997 0.4091666671875 0.45 0.4166666671875 0.44875 0.43499999999999994 0.45562500000000006 0.4341666671875
10 0.579375 0.47083333281249995 0.5775 0.45499999999999996 0.5725 0.44749999999999995 0.569375 0.44749999999999995 0.571875 0.465 0.57875 0.48 0.57625 0.4733333328125 0.579375 0.47083333281249995
10 0.555625 0.4058333328125 0.55375 0.425 0.5575 0.4266666671875 0.5599999999999999 0.4058333328125 0.555625 0.4058333328125
10 0.401875 0.43333333281249997 0.40437500000000004 0.47000000000000003 0.43 0.4625 0.429375 0.42750000000000005 0.401875 0.43333333281249997
8 0.600625 0.6391666671875 0.6012500000000001 0.635 0.600625 0.6233333328125 0.5875 0.5725 0.57875 0.5616666671874999 0.575 0.5466666671875 0.57125 0.5433333328125001 0.563125 0.5475 0.563125 0.5616666671874999 0.55611625 0.5675 0.5075000000000001 0.5658333328125 0.49812500000000004 0.5691666671875 0.35125 0.5725 0.33625 0.5866666671874999 0.3025 0.6308333328125 0.3 0.6391666671875 0.303125 0.645 0.336875 0.645 0.36124999999999996 0.6141666671875 0.375 0.6033333328125 0.39125 0.6358333328125 0.393125 0.645 0.39625 0.6483333328125 0.3975 0.6608333328125 0.4 0.6633333328125001 0.5775 0.6625 0.600625 0.6391666671875
12 0.5756249999999999 0.5375 0.5700000000000001 0.5375 0.566875 0.5525 0.5662499999999999 0.5825 0.5700000000000001 0.5858333328125 0.5775 0.585 0.57875 0.55 0.5756249999999999 0.5375
8 0.365 0.4875 0.34625 0.5016666671875 0.333125 0.5041666671875 0.323125 0.5116666671875 0.3125 0.5208333328125 0.29 0.5491666671875 0.26625 0.5675 0.26437499999999997 0.5708333328124999 0.27468750000000003 0.5708333328124999 0.321875 0.5891666671875 0.32687499999999997 0.595 0.35375 0.5725 0.375625 0.5633333328125001 0.403125 0.5216666671875 0.409375 0.5033333328125 0.3875 0.5075000000000001 0.379375 0.5025000000000001 0.3775 0.49000000000000005 0.365 0.4875
0 0.57625 0.5241666671874999 0.5825 0.5333333328125 0.60375 0.5325 0.618125 0.5358333328125 0.629375 0.5433333328125001 0.6431250000000001 0.5308333328125 0.641875 0.5175 0.63625 0.5091666671875 0.6275000000000001 0.5041666671875 0.608125 0.5025000000000001 0.5818749999999999 0.5133333328125 0.57625 0.5241666671874999
1 0.6068749999999999 0.5591666671875 0.608125 0.5558333328125 0.60625 0.55 0.590625 0.55 0.590625 0.5583333328125 0.6068749999999999 0.5591666671875