4 0 0.8665475265625 0.014760826562500001 0.90504774375 0.0262392078125 0.9039957609375 0.0547290453125 0.891530996875 0.07155931875 0.8796456265625 0.10035027031249999 0.8204471812499999 0.1089528765625 0.80982835625 0.10940280468750001 0.7986056125000001 0.106120878125 0.7941775515625 0.0784711390625 0.777842828125 0.062466900000000006 0.72990131875 0.07139991875 0.6953517390624999 0.086417565625 0.65807809375 0.091872990625 0.6475147531250001 0.11660167343750001 0.619041740625 0.0949627359375 0.56260155625 0.0374581390625 0.6006242828125 0 0.6157053593749999 0 0.8665475265625
8 0.5410176234375 0.23847958125000002 0.503086240625 0.25111080937499997 0.4331265015625 0.3330908890625 0.326732825 0.4687967640625 0.31481783124999996 0.4914364546875 0.3207817796875 0.5152562328125 0.314172234375 0.531073496875 0.29975449374999996 0.5533834859375 0.29464355000000003 0.5710434640625001 0.2960671640625 0.574756634375 0.326444615625 0.585809690625 0.36471931875 0.6195269531250001 0.42109792968750004 0.64881293125 0.4345408234375 0.650818884375 0.44714478125 0.6423724703125 0.5170459203125 0.51478653125 0.6520676703125 0.25334388125 0.661479915625 0.2303744890625 0.6567743734375 0.222233259375 0.650270275 0.21973114531250001 0.5852281390625 0.233961840625 0.5410176234375 0.23847958125000002
0 0.2466589703125 0.489273715625 0.228689809375 0.49818854687499997 0.20568469218750002 0.5228929 0.1861712390625 0.5546384078125 0.1761743171875 0.5843469921875 0.1799354734375 0.600355240625 0.20680603125000002 0.6125916046875 0.2296904703125 0.61443109375 0.2772122125 0.6371443421875 0.2856496125 0.638490890625 0.29296335 0.6286424421875 0.2945521703125 0.6203902359375 0.286520171875 0.5932424796875 0.28831872812500003 0.5876033640625 0.3252178296875 0.5144303640625 0.3245288671875 0.5002370875000001 0.3196135890625 0.48948276562500004 0.30131517812499997 0.48307649843749995 0.280573775 0.48269453437500004 0.2466589703125 0.489273715625
8 0.3755960921875 0.23055513125 0.3830586453125 0.25621762187499997 0.3784573890625 0.2690088609375 0.39275445468750003 0.2732427140625 0.4504230921875 0.2625064640625 0.45385499687499997 0.26319360937499997 0.46504940625 0.2820614171875 0.48703515 0.2670945375 0.5015876375 0.2492680953125 0.524067834375 0.23765694062499998 0.53868008125 0.2261845046875 0.5363425390625001 0.21388942812499998 0.5536977281250001 0.18891085624999998 0.5549268374999999 0.181786475 0.5522143546875 0.17884368125 0.3838987453125 0.22741812968750003 0.3809015390625 0.2237327046875 0.3755960921875 0.23055513125
12 0.44826598906250004 0.23002154687499998 0.45671861874999997 0.2231436359375 0.443126909375 0.1856267453125 0.43704227968750003 0.18835081250000002 0.43687707343750004 0.2003161859375 0.44826598906250004 0.23002154687499998
10 0.307256796875 0.248582228125 0.315184509375 0.2547975125 0.3315648515625 0.2541348875 0.355468665625 0.24623689999999998 0.335672809375 0.1987360671875 0.32960341249999997 0.193235671875 0.288015159375 0.2107911234375 0.307256796875 0.248582228125
10 0.23738844062500003 0.28121553593750004 0.2421092125 0.28113230312500004 0.28521129843750004 0.2571951046875 0.265475203125 0.21604827499999998 0.2162884890625 0.2427095421875 0.21877600625000002 0.25126370625 0.23738844062500003 0.28121553593750004
10 0.1690503078125 0.25999078125 0.1781766703125 0.2755306078125 0.192952959375 0.2913446484375 0.2096332546875 0.28320019375 0.196086071875 0.2602617703125 0.1889527703125 0.24992038125 0.17428076718750002 0.2550388140625 0.1690503078125 0.25999078125
10 0.035605632812499996 0.40365012968749997 0.025444665625 0.4060722375 0.065142984375 0.443502671875 0.073909634375 0.4601703234375 0.0855094453125 0.45323692031249996 0.07659281875 0.4403101859375 0.05546240625 0.4182531140625 0.0508318546875 0.408241428125 0.035605632812499996 0.40365012968749997
10 0.134475840625 0.2751796125 0.1581687578125 0.3039203890625 0.1705629796875 0.29286088593750004 0.166501871875 0.28433446562500003 0.1608671703125 0.275835790625 0.1480089515625 0.26709064531250004 0.134475840625 0.2751796125
10 0 0.41398274218750003 0.013754639062499999 0.4231005578125 0.01726153125 0.421917246875 0.0183406640625 0.4185337765625 0.0072060125 0.40601997343749996 0 0.3988101640625 0 0.41398274218750003
1 0.1419583984375 0.6376598546875 0.1387959875 0.6459398046875 0.1504403265625 0.6535848718749999 0.1555957984375 0.650503359375 0.17782173437499998 0.6217006453125 0.1799050125 0.6168041640624999 0.1778369640625 0.6134761828124999 0.1670467953125 0.60805901875 0.164469059375 0.6095997750000001 0.1419583984375 0.6376598546875
5 0.0466618109375 0.535789946875 0.0712252890625 0.5192823125 0.14278791562499998 0.460077415625 0.145230903125 0.4540531125 0.14103505 0.44104314375 0.0529268765625 0.5128760437500001 0.0450284640625 0.5294636890625 0.0466618109375 0.535789946875
0 0 0.52471691875 0.033054871875 0.506497521875 0.057498834374999995 0.477281871875 0.04988630625 0.4553602984375 0.0048356875 0.48867752812500004 0 0.493492921875 0 0.52471691875