8 0.49140424375 0.540818775 0.465636215625 0.548463340625 0.4771825890625 0.5542979828125 0.48502881093749994 0.57085231875 0.48729150624999995 0.579121821875 0.4837577265625 0.5880252921875 0.35971583125 0.636511503125 0.3442430359375 0.6405696078124999 0.3381004953125 0.635090271875 0.33620380625 0.60633999375 0.3389523015625 0.5994150734375 0.3796806890625 0.5834153265625 0.3872141046875 0.5770080359375 0.3869279390625 0.5735379109375 0.084226053125 0.6660505359375 0.120391028125 0.798223128125 0.6263204671875 0.6241973375 0.6394240921875001 0.6163291296875 0.635637403125 0.604914146875 0.6068746 0.5628253578125 0.599886878125 0.5566813984375 0.5827237203125 0.55941025 0.5566229484375 0.5706872640625 0.523201709375 0.5794527703125001 0.5137982390625 0.5766012828125 0.503582846875 0.5562368421875 0.500188803125 0.5438325875000001 0.49140424375 0.540818775
8 1 0.45753478437500006 0.925773865625 0.43132660625 0.918393503125 0.42617192187499997 0.886017078125 0.4169375015625 0.8740314828125 0.419194709375 0.758581140625 0.45301945625 0.749869796875 0.46239456875 0.75027575625 0.4711510453125 0.7469682468750001 0.48088146875 0.7263777828125 0.4880543890625 0.7142990328125001 0.5045167484374999 0.706632503125 0.4958919375 0.6794003828124999 0.5030342015625 0.6749615234374999 0.508629871875 0.6774504890624999 0.517726325 0.6950462453124999 0.54324545 0.6977015843750001 0.5505256796875 0.696357284375 0.555309728125 0.6662568734375001 0.5640905625 0.6430709703125 0.56662643125 0.6415004015625 0.5705835296874999 0.6580846031250001 0.5972542546875 0.664227140625 0.6027335875000001 0.6717139796875 0.603428871875 0.8787499546875001 0.5358343984375 1 0.49256101562500004 1 0.45753478437500006
5 0.4686243 0.55211111875 0.40093664218749997 0.5689775046875 0.383167890625 0.58161443125 0.3364766546875 0.6000643703125 0.3331092484375 0.6071516140625 0.3388392015625 0.6402142984375 0.353134071875 0.6391240171875 0.4800442546875 0.5889992375 0.4846494859375 0.58158734375 0.48148171250000005 0.5700100390625 0.4726239375 0.5546073 0.4686243 0.55211111875
5 1 0.3756084109375 0.95886898125 0.3898537234375 0.9382918374999999 0.406772396875 0.937173809375 0.41238339531249996 0.9410070734374999 0.4166958015625 0.9662893 0.4242456609375 0.9799652578125 0.42331770312500006 1 0.41228782500000005 1 0.3756084109375
5 0.645047428125 0.48900040625 0.6306926640625 0.48744750937500003 0.6231592453125 0.4938548 0.624031065625 0.514010928125 0.637687078125 0.5396770484375 0.6468775984375 0.5514473343749999 0.650664284375 0.562862315625 0.6961310140625 0.5544827765625 0.6977015843750001 0.5505256796875 0.695725053125 0.5457263015625 0.645047428125 0.48900040625
10 0.447581159375 0.3927793328125 0.40710233125000006 0.40605473906249995 0.259884503125 0.4437797828125 0.26546802812500003 0.4520646140625 0.2716837828125 0.469932875 0.3070151 0.582088803125 0.3120262921875 0.5834333828125 0.48858253281249997 0.5353547703125 0.491723671875 0.527440575 0.4900199890625 0.516365571875 0.4556869078125 0.39331229375 0.447581159375 0.3927793328125
10 0.749097690625 0.309268059375 0.7101661421875 0.32213765625 0.6448609734375 0.352559896875 0.651342953125 0.40049235781250003 0.6736371671875 0.48681984375000004 0.6842185656249999 0.48670350781250005 0.701867521875 0.4687802296875 0.7321209875 0.4484374203125 0.7780735156249999 0.42486345625000005 0.7749855812499999 0.38933525 0.766813240625 0.3400735359375 0.7586675359374999 0.3103033234375 0.749097690625 0.309268059375
10 0.44760772343750005 0.329845428125 0.4433684984375 0.316776546875 0.4392024890625 0.31609659218749997 0.36617089375 0.33525084375 0.361279496875 0.33919261093749997 0.3701505890625 0.3643411 0.369152353125 0.37523845 0.37226023124999996 0.3841725796875 0.3774511125 0.3934466875 0.3831411125 0.3972721203125 0.44457975781250003 0.37938580312500003 0.4582557140625 0.378457846875 0.46438493437500006 0.374191428125 0.4661218765625 0.3684181078125 0.4561793328125 0.34177804218749996 0.44760772343750005 0.329845428125
10 0.753383425 0.2328089625 0.690314315625 0.25200920312499997 0.7007826140625 0.2926920921875 0.70832935 0.2960305546875 0.7720772671875 0.2793111640625 0.7734215671875 0.2745271171875 0.770300371875 0.25584723593750003 0.764191090625 0.233519575 0.753383425 0.2328089625
10 0.9056956296875001 0.19552039062499998 0.905256409375 0.2036122390625 0.9170091078124999 0.236867909375 0.9237106640625001 0.2395417421875 0.9717595140625 0.22605350624999998 0.9755794625 0.22062015937499999 0.9764445859374999 0.19469071093749998 0.9706813703125 0.17847635312500001 0.9056956296875001 0.19552039062499998
10 0.199410696875 0.3027662671875 0.16008650625 0.31662514062499997 0.159647284375 0.3247169890625 0.1663022609375 0.3344933984375 0.172744284375 0.35318860937499996 0.1806836625 0.35553779531249996 0.220234121875 0.342505871875 0.22129225468749997 0.3342517 0.21548246249999997 0.325139915625 0.2096593484375 0.30628238125 0.199410696875 0.3027662671875
10 0.63053270625 0.20564769374999997 0.59092235 0.216036440625 0.58749504375 0.2204805109375 0.5942232359374999 0.242645846875 0.6017699703125 0.2459843078125 0.6156123015625 0.24324012499999997 0.62738494375 0.24990171718749998 0.6426314703125 0.2450166625 0.644188721875 0.2313138140625 0.6372941562500001 0.210964703125 0.63053270625 0.20564769374999997
10 0.5708909015625 0.2204038625 0.5339824625 0.23097026562499998 0.5324118921875 0.2349273625 0.53444831875 0.24236991562500002 0.5444973375 0.26455058125 0.553900809375 0.26740206718750004 0.5656601343750001 0.264317909375 0.5750502875 0.2574236484375 0.57662085625 0.2534665484375 0.5727143765625 0.23676521875 0.57973535625 0.2260608515625 0.5792229203125 0.22176377500000002 0.5708909015625 0.2204038625
0 0.5478182375 0.3469913171875 0.5250848718750001 0.351181084375 0.51607404375 0.3473403234375 0.5065175171875 0.3560508109375 0.49410602031249995 0.3761456203125 0.4936069015625 0.3815942921875 0.5006545203125 0.390381428125 0.5037490796874999 0.38956980625000004 0.5103441578125001 0.3967030421875 0.5312207875 0.3930002453125 0.560023478125 0.38190088437499997 0.5627120734375 0.3723327875 0.55931803125 0.35992853125 0.5530556984375 0.349162846875 0.5478182375 0.3469913171875
0 0.1748207359375 0.47229381875 0.1504569046875 0.4777975109375 0.12698483437500002 0.47686325468749996 0.08366100625 0.488225946875 0.08439971406249999 0.493349971875 0.0751892515625 0.5081737609375 0.07995423125 0.5352854687499999 0.092844903125 0.5363360625 0.10999474218750001 0.5238614593750001 0.17637136250000002 0.49493079843750004 0.18873628125 0.48193856406249996 0.1867597515625 0.477139184375 0.1748207359375 0.47229381875
4 0.240418625 0.32657647343749996 0.23012339375000002 0.3301629359375 0.22467298125 0.33691020312500003 0.22400749062499997 0.344175103125 0.2302964609375 0.3744322875 0.22028739531250002 0.381488875 0.21631439531250002 0.39848419375 0.217958178125 0.406916021875 0.22331543437499998 0.41437390625 0.245955640625 0.42438928750000005 0.255039684375 0.440618975 0.3216558921875 0.4222610140625 0.323246403125 0.3917098390625 0.26492888593749997 0.34585063125 0.2521313703125 0.33059489062499997 0.240418625 0.32657647343749996