8 0.49110465625 0.37024482187499996 0.5124166265625 0.3713315578125 0.5721572687500001 0.36079041875 0.5721572703125 0.34739288749999997 0.576184728125 0.34335043125000003 0.5869246203125 0.34209767343749997 0.59565078125 0.3250027734375 0.607061915625 0.2915176453125 0.607061915625 0.28258595937500003 0.5728285125 0.28211328125 0.502482228125 0.291212009375 0.49160808906250003 0.2889077515625 0.3889078828125 0.3026735828125 0.384880425 0.3067160390625 0.367428103125 0.34805119218749997 0.36071567031249996 0.34883416562499997 0.3540032390625 0.34336495624999996 0.3271535109375 0.3098769375 0.2848651921875 0.31480966875 0.2841939484375 0.3264991578125 0.2976188125 0.3454760890625 0.3392358890625 0.38528008593749996 0.49110465625 0.37024482187499996
8 0.3701130765625 0.46920893750000003 0.37078431875 0.45930578593750004 0.36877058906250004 0.45686117031249995 0.374140534375 0.44908944531249995 0.3976340453125 0.4526012171875 0.40099026093749995 0.45042339374999996 0.3956203140625 0.4403317484375 0.3707843171875 0.41464735468749997 0.33990713281249996 0.38788129531250004 0.33252345625 0.38516989375 0.2412343859375 0.3984978359375 0.278824003125 0.42001507499999996 0.2969475703125 0.43397808437499996 0.30231751406249996 0.4440697296875 0.3177561078125 0.447627903125 0.35735945468749997 0.4733760921875 0.3701130765625 0.46920893750000003
0 0.627870453125 0.4257452328125 0.64599401875 0.41648585625 0.6527064499999999 0.40587802812499996 0.6533776953125 0.3915090296875 0.6439802890624999 0.38724618125 0.642637803125 0.378471090625 0.6372678578125 0.3782043 0.5902808359375 0.3944031375 0.577527215625 0.4048224734375 0.57954094375 0.41083976250000004 0.5889383484375 0.419568453125 0.6010207265624999 0.4244112828125 0.627870453125 0.4257452328125
4 0.6647888281250001 0.5089694078125 0.68156990625 0.5061188046875 0.6855973671875 0.4958241671875 0.685597365625 0.48689247968749994 0.6795561765625 0.47777230312499996 0.679556178125 0.4670542765625 0.6882823390625 0.440134521875 0.704392175 0.41771250625 0.7272144421875 0.4025460359375 0.7312419015625 0.3958240703125 0.72721444375 0.3820031578125 0.7131183375 0.3622113515625 0.7137895796875 0.35320136875 0.6970085 0.354265634375 0.6869398531249999 0.382235153125 0.6785493125000001 0.38946605 0.6614326109374999 0.39503530625 0.6493502343750001 0.42145338125 0.6446515328125 0.4220014609375 0.63861034375 0.4334241625 0.6372678578125 0.4585894796875 0.643980290625 0.47834938281249995 0.6634463421875 0.49572847343750004 0.6647888281250001 0.5089694078125
12 0.584239646875 0.3834966203125 0.584239646875 0.36206057187499996 0.5835684046875 0.34606183437500004 0.5802121875 0.3419874796875 0.5708147828125 0.346656315625 0.5721572687500001 0.3831196359375 0.576184728125 0.3951542125 0.581554675 0.3927414984375 0.584239646875 0.3834966203125
10 0.3936065875 0.48790457812500004 0.38957912499999997 0.527673784375 0.42112755625 0.529352821875 0.4224700421875 0.4925763109375 0.3936065875 0.48790457812500004
10 0.388236640625 0.5135396812499999 0.3875653984375 0.47521172656250005 0.373469290625 0.4598857640625 0.3714555609375 0.4610138265625 0.36944183124999996 0.5005481374999999 0.37078431875 0.5128959046875 0.3821954515625 0.5187102 0.386222909375 0.5182404171874999 0.388236640625 0.5135396812499999
10 0.584910890625 0.4504059734375 0.58088343125 0.45266209375 0.5755134843749999 0.46936550937500005 0.5728285125 0.490221578125 0.57484224375 0.4998115375 0.5775272140625 0.50396419375 0.5822259171875 0.49805710156250005 0.584910890625 0.4504059734375
10 0.437908634375 0.516677365625 0.43320993437500005 0.505614253125 0.4271687453125 0.5072120984375 0.4271687453125 0.5402593375 0.43656614843749997 0.54184268125 0.4379086359375 0.53722024375 0.437908634375 0.516677365625
10 0.5708147828125 0.49313597343750004 0.5681298109374999 0.49344916406249995 0.5641023515625 0.505530140625 0.5667873250000001 0.5275461671875 0.570814784375 0.5279695515625 0.5721572687500001 0.5224539453125 0.5708147828125 0.49313597343750004
10 0.5614173796874999 0.5138818484375001 0.5553761890625 0.5154796921875 0.5560474328125 0.5314784296874999 0.5573899203125 0.539360353125 0.562759865625 0.5360544703125 0.5614173796874999 0.5138818484375001
10 0.44797728281250004 0.5235414234375 0.4446210671875 0.5310782578125 0.4452923109375 0.5461838265625001 0.4520047421875 0.5471871921875 0.45200474062499996 0.52932381875 0.44797728281250004 0.5235414234375