8 0.5937710218750001 0.49783006875 0.58991543125 0.4847222828125 0.5771916874999999 0.5092242078125 0.5786541328125 0.5188690671875 0.5908193374999999 0.525179346875 0.6099202406249999 0.5402709328124999 0.6110990468749999 0.5505091859375 0.59578268125 0.58255254375 0.5792476093750001 0.6065585203125 0.5732114546875 0.62342156875 0.5782414859375 0.6319549 0.6162837046874999 0.6709415625 0.6273542609375 0.6774245515625 0.6379329671875 0.66587988125 0.91327299375 0.18888601249999998 0.783594975 0.12162002187500001 0.630559596875 0.4102776890625 0.6340872875 0.411367034375 0.642113265625 0.40516292343750004 0.666266625 0.3673361421875 0.6739291749999999 0.3661271703125 0.7032453546874999 0.374669225 0.707748009375 0.382188478125 0.7006570984375 0.397023365625 0.6273461140625 0.5122838984375 0.6174942640625 0.5138382906250001 0.609384128125 0.5096314375000001 0.5937710218750001 0.49783006875
8 0.4417174390625 1 0.4993812390625 0.9028086734375 0.607982825 0.7073644812500001 0.608669784375 0.699575075 0.60416713125 0.6920558234375 0.5797525609374999 0.6690243015624999 0.5753739625 0.6697151421875 0.5684071046875 0.6927601218749999 0.5536979078125001 0.7214158171875 0.54850829375 0.721685971875 0.54149280625 0.7173064078125 0.5184565234375 0.6935087796875 0.5095353734375 0.688881240625 0.5029275765625 0.6921183734375 0.49044757343749995 0.7182277765625 0.49791064687500003 0.7280231625 0.47865453125 0.7365477703125001 0.4673888671875 0.7558818484375001 0.4567260015625 0.7570155546875 0.44776495625 0.7545888875 0.43645502656249996 0.7613111296875 0.3798873265625 0.87118674375 0.375309246875 0.8828819421875 0.3787658828125 0.917998446875 0.3827012640625 0.9267044875 0.3944796734375 1 0.4417174390625 1
5 0.7045881125 0.3909166984375 0.7083950734375 0.37659994218750004 0.6753473578125 0.3631601921875 0.6674011703125 0.364962559375 0.6396004359374999 0.4083026125 0.6232249453125001 0.42350510156250004 0.593119590625 0.48860589687499995 0.5949454609375 0.49325561406249996 0.60918028125 0.5058230890625001 0.6205344734375 0.5117126843750001 0.6290479328125 0.508723525 0.7045881125 0.3909166984375
5 0.361012109375 0.9339670390625001 0.35501148125 0.9338165109375 0.3336901171875 0.9508966296875 0.31552656562500003 0.98220363125 0.348148309375 0.9991250328125 0.3642692640625 0.9800879046875 0.3677925890625 0.966364540625 0.36474364375 0.938864734375 0.361012109375 0.9339670390625001
5 0.5246435265625 0.638216828125 0.5040047578125 0.632694834375 0.49597877968750004 0.6388989453125 0.4948884984375 0.6538843625 0.543925846875 0.7185684640625001 0.54850829375 0.721685971875 0.5528868921875 0.7209951296875 0.5700646609375 0.6765879140625 0.5589941046875 0.6701049218749999 0.5485706140625 0.6580333984375 0.5246435265625 0.638216828125
10 0.6548239062500001 0.3362228765625 0.6543763203124999 0.3308070515625 0.545252903125 0.2690193953125 0.5279778734375 0.258577528125 0.52047490625 0.25098301093750003 0.4539222703125 0.392335128125 0.43262740781250003 0.4305338734375 0.4316568125 0.4389166765625 0.5522142125 0.5021921828125 0.5633246640625 0.506474303125 0.572081865625 0.5050926203125 0.6548239062500001 0.3362228765625
10 0.367651653125 0.7633883828125 0.40373957968749996 0.7747025265625 0.4366900328125 0.7332931890625 0.4633605921875 0.707139428125 0.48516943437500004 0.6932742625 0.4872745765625 0.682517875 0.40236188124999994 0.6399533953125001 0.35410875 0.622328971875 0.310459903125 0.68188559375 0.28987413125 0.71860085 0.28914727500000004 0.7285911281249999 0.31834376875000003 0.7437358 0.367651653125 0.7633883828125
10 0.38852719375 0.33434672499999996 0.355058096875 0.40436739531250004 0.3549783078125 0.408769140625 0.3676708890625 0.41609349843750004 0.3783780171875 0.42757162812500005 0.4040069234375 0.44382782656249997 0.41029118750000004 0.44338496093749996 0.415844228125 0.43811966562500004 0.41936755156250005 0.4243963046875 0.44935322187500004 0.365898125 0.44647259375 0.35922024375 0.43787497656249996 0.3517984375 0.4292374625 0.34657750468750004 0.4178034796875 0.3450896546875 0.3935129625 0.330268221875 0.38852719375 0.33434672499999996
10 0.2494562375 0.7354020890624999 0.25464585 0.735131934375 0.2838604 0.6740121984375 0.2818306828125 0.66555413125 0.2418073765625 0.645533946875 0.210159784375 0.705391628125 0.20886565625000003 0.716568696875 0.23076302499999998 0.7279272 0.2494562375 0.7354020890624999
10 0.1716293609375 0.9075619296875 0.185154928125 0.8805138343750001 0.1836525875 0.8730698484375001 0.151535571875 0.8534481671874999 0.14310190312499999 0.8520355828125 0.12750190156250002 0.8846723359374999 0.1716293609375 0.9075619296875
10 0.4252409359375 0.130493559375 0.41639957812499995 0.121464278125 0.40796590781250003 0.12005169375 0.3862854875 0.156939659375 0.387991671875 0.1681919921875 0.4063613515625 0.1784611515625 0.4146753328125 0.186476353125 0.4233926375 0.1872955421875 0.4442620453125 0.1499868921875 0.443326978125 0.1413561125 0.4252409359375 0.130493559375
10 0.250170578125 0.5454584515625001 0.22855684531249998 0.533506553125 0.2233273359375 0.53597758125 0.20517460468749998 0.5739548937500001 0.20939362187500002 0.5820675390625001 0.22910169218749998 0.5937714640625 0.2435359875 0.595334578125 0.2514379125 0.580920378125 0.2467713078125 0.5673919046875 0.252200296875 0.55391651875 0.250170578125 0.5454584515625001
10 0.2481364921875 0.522187678125 0.2646404015625 0.5300079875 0.2690190046875 0.5293171484375 0.27789589062500003 0.5213328515625 0.28328498281250003 0.5100583375000001 0.282106171875 0.4998200828125 0.261099609375 0.48448052031250005 0.2538004859375 0.480694353125 0.2494218875 0.48138519375 0.23159268593750001 0.5165682375 0.2314331046875 0.5253717265625 0.235771809375 0.52688175625 0.2481364921875 0.522187678125
0 0.37515580000000004 0.49995242500000003 0.366566915625 0.522156034375 0.367825515625 0.5279925421875 0.3777615265625 0.5368491140625 0.38992673125 0.5431593953125 0.4003059578125 0.5426190859375 0.4171645609375 0.5158188406249999 0.42490253593749994 0.49539541875 0.41877785312500004 0.487034796875 0.4201960359375 0.48406781875 0.41244932656250005 0.4748658265625 0.406732334375 0.4741219015625 0.3836648921875 0.48215055937500007 0.37288234062500003 0.48988688125 0.37515580000000004 0.49995242500000003
0 0.5889329109375 0.1776364875 0.6312433671875 0.11664509999999999 0.64733521875 0.1020360078125 0.6486692421875 0.088658065625 0.621582259375 0.0775697171875 0.6045553406249999 0.083548034375 0.5994056203125 0.08161731718750001 0.579551071875 0.1231550015625 0.5761119078125 0.147289328125 0.5658611 0.1708524375 0.568622040625 0.184132934375 0.5732044843749999 0.18725044062500001 0.5889329109375 0.1776364875
4 0.42440749687499996 0.1915245765625 0.416784840625 0.1905326734375 0.40879875937500004 0.19453591406249998 0.40316592656249994 0.20420295312499998 0.405115853125 0.21706276249999998 0.41845986718750006 0.233611296875 0.454848896875 0.303582871875 0.486677909375 0.308985240625 0.5181216562500001 0.24531921093750003 0.5030758234375 0.23233105156249997 0.4969866703125 0.2069568515625 0.490294715625 0.19978302187500002 0.4819009421875 0.1961695625 0.463615421875 0.1963113671875 0.4544548984375 0.20488906093749998 0.42440749687499996 0.1915245765625