8 0.3366505671875 0.42469746875 0.34579985625 0.42121538125 0.350838028125 0.42265798125 0.360595928125 0.4331092265625 0.35603521250000003 0.45250175937500003 0.359706159375 0.4523564359375 0.4317591046875 0.25475691562499997 0.44132070624999997 0.2111924796875 0.4278267109375 0.13996907812499998 0.4184622671875 0.108812428125 0.41279662500000003 0.11281342812499999 0.3940295921875 0.1536223859375 0.23316078906249998 0.5760862375 0.231962 0.593211015625 0.2551676 0.594591240625 0.271846075 0.590154271875 0.2780736078125 0.584160565625 0.299032065625 0.529143225 0.3066924015625 0.5212865437499999 0.3366505671875 0.42469746875
8 0.23140010625000001 0.5952037203125 0.21931020625 0.6155511328125 0.0999275765625 0.923071203125 0.096490646875 0.938478325 0.1041415546875 0.9403101125 0.10737232968749999 0.9449441609375 0.09790459375 0.9559922890625 0.08607699375 0.9625360953125 0.0820500984375 0.9768171406249999 0.144581565625 0.986131615625 0.1639725953125 0.898696571875 0.1710148953125 0.8865950265625001 0.1917483390625 0.8709957953125 0.2186531703125 0.8431652921874999 0.246785078125 0.7691446015625 0.26027049375 0.7213197078125 0.256917996875 0.71389899375 0.25883811562500003 0.6588143015625 0.256974571875 0.6557681796875 0.2381235296875 0.65503659375 0.23296363593749997 0.6508073249999999 0.25117820625 0.6023026 0.2418510484375 0.59676045625 0.23140010625000001 0.5952037203125
10 0.34077968593749997 0.5291326046875 0.3440104578125 0.533766653125 0.369201325 0.5409796671875 0.4193396171875 0.5498323640625 0.4235724546875 0.5476943375000001 0.4621835890625 0.44616497656250004 0.4630639296875 0.43660623593750003 0.3798309921875 0.4228238734375 0.348711753125 0.497783846875 0.34077968593749997 0.5291326046875
10 0.3072440125 0.657719071875 0.2911930046875 0.6567124375 0.285340065625 0.6613776734375 0.280844928125 0.6773193046875 0.2685111546875 0.75646176875 0.3420984875 0.7722680234375 0.35031128749999996 0.77210710625 0.355358890625 0.763861240625 0.37504398125 0.6747396640625001 0.3500404125 0.6668624140625 0.3072440125 0.657719071875
10 0.269483025 1 0.2724521203125 0.9902979015625 0.267292225 0.98606863125 0.18966878125 0.9620476984374999 0.18506134999999999 0.9655141921875 0.177292890625 0.9910041828124999 0.23768508906250002 1 0.269483025 1
10 0.329521303125 1 0.340355384375 0.9651137140625 0.338679134375 0.96140335625 0.29687536875 0.955176409375 0.2900859421875 0.9631628203125 0.2810339046875 1 0.329521303125 1
10 0.34512310625 0.79694324375 0.3391295875 0.818198753125 0.36543481093749997 0.831114828125 0.38304034374999996 0.8330451546875001 0.39357571875 0.811774053125 0.4046918453125 0.7691333078125 0.369668075 0.7646084203125 0.357840475 0.7711522265624999 0.34512310625 0.79694324375
10 0.44717150781250004 0.5283691578124999 0.4372730265625 0.5345081859375 0.42036953906249996 0.578363265625 0.42428392812500004 0.5837912765625 0.452340403125 0.587278340625 0.463165940625 0.5875066062500001 0.465656953125 0.5851091234375 0.4814460859375 0.53555098125 0.4762861921875 0.5313217125 0.44717150781250004 0.5283691578124999
5 0.33400911718750004 0.5177420765625 0.36047420625000004 0.43032255937499997 0.3400780671875 0.4189788140625 0.310560075 0.51078851875 0.316403584375 0.51581175 0.33400911718750004 0.5177420765625
5 0.23408742187499998 0.646821915625 0.2378800875 0.6494632593749999 0.24889292031250002 0.6490272921875 0.292822534375 0.6444967578125 0.3082743609375 0.6218815921874999 0.2981980140625 0.6189963859375001 0.24985769375000003 0.6166407125 0.23408742187499998 0.646821915625
8 0.4973025046875 0.22506840781249998 0.49510207812499996 0.1845968796875 0.4881536421875 0.164182115625 0.48929628437500006 0.14081977031249998 0.48413639062499997 0.1365905 0.47449078437500003 0.1386143921875 0.456229496875 0.171193078125 0.4457502671875 0.19870175 0.438876409375 0.229516 0.4558351890625 0.32063525312499996 0.46279305312499996 0.3313615453125 0.474611225 0.33450620781249996 0.4831424734375 0.3267792546875 0.488939265625 0.31587644843749996 0.49637501874999995 0.28306949531250003 0.4924794875 0.2582645453125 0.4973025046875 0.22506840781249998