10 0.39372171875 0 0.346694734375 0.0202544296875 0.35410723125 0.039281660937500004 0.3640324265625 0.0454224203125 0.40956377499999996 0.031367103125000004 0.43906676562499997 0.017965854687499998 0.46472230156250005 0.0096935375 0.4702211078125 0.003853371875 0.470006090625 0 0.39372171875 0
10 0.3742814953125 0.1146111859375 0.3762562765625 0.1095944421875 0.3675652140625 0.0834798390625 0.3530348171875 0.05710275 0.3247405390625 0.068594671875 0.3017237421875 0.073647384375 0.299085 0.07686699062499999 0.320169959375 0.13652818125 0.324357940625 0.1375018984375 0.3497921578125 0.1286305359375 0.3630029609375 0.12294066875000001 0.3742814953125 0.1146111859375
10 0.751321909375 0.6792240125 0.7568207140625 0.67338385 0.75708454375 0.6663265359375 0.6882116546875 0.48767952656249997 0.5432162375 0.5459625609375001 0.562547734375 0.611239540625 0.6081395609375 0.734643059375 0.6205842921875 0.7320606109375001 0.73122478125 0.6844079671875 0.751321909375 0.6792240125
10 0.598287990625 0.2701876453125 0.583229934375 0.25792518124999997 0.55215185 0.21784410781250002 0.5471381953125001 0.21722600781249998 0.482394996875 0.2388614625 0.4288878171875 0.259823796875 0.48805639375 0.36557557812499997 0.6277743296875 0.3137317515625 0.6299704328125 0.3093140546875 0.6249992875 0.3010395953125 0.598287990625 0.2701876453125
10 0.49568512499999995 0.6504526578125 0.541761225 0.6326908765625 0.5441190453125 0.6261204218749999 0.517279778125 0.5508840312500001 0.5103338500000001 0.547626315625 0.4923903125 0.5560489296875 0.48171613906250005 0.5634237484375 0.4658069875 0.5695814203125 0.46504091406250003 0.5726888390625 0.4916588625 0.647326184375 0.49568512499999995 0.6504526578125
10 0.3634806625 0.2796621140625 0.38362074218750003 0.33417531718750004 0.38704264843749997 0.33825645312499997 0.42689638125 0.321785896875 0.43201215 0.317499440625 0.41136982812499995 0.25903634375 0.3634806625 0.2796621140625
4 0.5101822125 0.790720459375 0.52208219375 0.7918444734375 0.5392596578125 0.7865292765625 0.5936437875 0.7964358093749999 0.5965038484375 0.7938152484375001 0.5873701437500001 0.7665025546875001 0.591379315625 0.759220865625 0.6115189562500001 0.7463805546875 0.6161920859375 0.7408960062500001 0.613978890625 0.73490554375 0.6043942171875 0.734867434375 0.58679076875 0.6820391828125001 0.5793000859374999 0.6824879312500001 0.565484928125 0.6891324609375 0.5342455640625 0.7185576609375001 0.5271125 0.73551721875 0.502138015625 0.755994834375 0.49444310625 0.766252696875 0.5101822125 0.790720459375
8 0.7492436984374999 0.48708476406249995 0.8179461046875 0.6290036906250001 0.8085998484375001 0.6399727875 0.7851404125 0.64382740625 0.7732404328125 0.6427033921875 0.753457971875 0.604700996875 0.7455671625 0.5962952953125 0.7424857828125 0.5983168078125 0.8063108343750001 0.755529396875 0.8150869203125 0.766331284375 0.9270132546875001 0.79728279375 0.939284184375 0.8012595109375 0.946867546875 0.701182775 0.8744321125000001 0.5435708859374999 0.7714593609375 0.3296161171875 0.765279503125 0.3232509828125 0.7537200515625 0.3282296171875 0.7101551609375 0.3657408703125 0.7056012359375 0.376729021875 0.7390629984375 0.45952863906249997 0.726473640625 0.4746720046875 0.726975884375 0.4786218984375 0.7492436984374999 0.48708476406249995
8 0.5652428125 0 0.5581686734375 0.024301446875 0.567745015625 0.05281223593749999 0.56329320625 0.0588958296875 0.5462349484375 0.0697146296875 0.5408128375000001 0.08871475625 0.5466267499999999 0.107041759375 0.554355840625 0.117600215625 0.5522789421875001 0.1275215171875 0.54859320625 0.13049769218750001 0.5499382140625 0.14450012968749998 0.5821912671875 0.2292090734375 0.5952574453125 0.236080121875 0.7153813687499999 0.3280771796875 0.7385427875 0.3104635515625 0.75008515 0.2950767578125 0.6515642078125 0.07503839375 0.6145522640625 0 0.5652428125 0
8 0.8673310421875 0.24457918125 0.7776133546875 0.286692253125 0.7550392031250001 0.29294305781249996 0.7532261359375 0.2958070453125 0.7642154156250001 0.31259939375 0.782278159375 0.3096803828125 0.8377772125 0.29410946718750003 0.8783970171875 0.274531490625 0.8673310421875 0.24457918125
5 0.717808871875 0.5651999156249999 0.7242271390624999 0.5825722546875001 0.7484868296875 0.5964265390625 0.7748917859375 0.6419921578125 0.7992364953125 0.6405337249999999 0.8110172703125 0.6361541359375 0.81591171875 0.6312686359375 0.8098764890625001 0.6123425859375 0.74942250625 0.49534016875000003 0.7382885984375 0.49110873593750004 0.7186937125 0.500242584375 0.711160521875 0.508347690625 0.7104540515625 0.5142069109375 0.7214179140625 0.5490637781250001 0.722482003125 0.5597153671874999 0.717808871875 0.5651999156249999
5 0.6455990953125 0.367159053125 0.655166678125 0.35678900156250004 0.672224934375 0.345970203125 0.6844312546875 0.33238054687499996 0.7047326125 0.3173874796875 0.693811259375 0.274874253125 0.689623278125 0.2739005375 0.6857162234375 0.276277665625 0.64815238125 0.311898646875 0.6321582078125 0.333369034375 0.6262338578125 0.34841926875 0.633758721875 0.36878683749999996 0.6455990953125 0.367159053125
5 0.4822019421875 0 0.48222319999999996 0.0000728296875 0.5066958796875001 0.0429988375 0.5217114265625 0.062917659375 0.5267250828125001 0.06353576093749999 0.5315003265625 0.053146654687499996 0.5349901625 0.0315069140625 0.5299423234375 0.01007249375 0.522204346875 0 0.4822019421875 0