8 0.5575 0.735 0.5706249999999999 0.735 0.576875 0.7291666671875 0.61625 0.6633333328125001 0.620625 0.6441666671874999 0.63125 0.6174999999999999 0.651875 0.5866666671874999 0.65125 0.58 0.641875 0.5683333328125 0.6275000000000001 0.5599999999999999 0.6174999999999999 0.5483333328125 0.6131249999999999 0.5375 0.6118750000000001 0.5175 0.596875 0.5116666671875 0.58875 0.5025000000000001 0.489375 0.4491666671875 0.40125 0.40833333281249995 0.388125 0.4066666671875 0.3625 0.4125 0.3175 0.43499999999999994 0.268125 0.45416666718750004 0.2625 0.4625 0.263125 0.4725 0.27375 0.4841666671875 0.335625 0.5408333328125 0.35375 0.5516666671875 0.37312500000000004 0.5766666671875 0.395625 0.5974999999999999 0.5425 0.725 0.5575 0.735
0 0.6875 0.6358333328125 0.716875 0.5916666671875 0.74 0.5733333328125 0.754375 0.5541666671875001 0.756875 0.5466666671875 0.753125 0.5275000000000001 0.74375 0.515 0.708125 0.4883333328125 0.6849999999999999 0.48166666718749995 0.666875 0.4841666671875 0.63 0.5008333328125001 0.615 0.5158333328125 0.610625 0.5258333328125 0.61125 0.5416666671875 0.615 0.5508333328125 0.6643749999999999 0.5941666671875 0.6693749999999999 0.6066666671875 0.66875 0.6224999999999999 0.67125 0.6325000000000001 0.68125 0.6383333328125 0.6875 0.6358333328125
4 0.8081250000000001 0.6291666671875 0.788125 0.6158333328125 0.7875 0.6525000000000001 0.820625 0.7083333328125 0.828125 0.7175 0.8324999999999999 0.7166666671875 0.8462500000000001 0.6950000000000001 0.845 0.6858333328125 0.819375 0.6416666671875 0.8081250000000001 0.6291666671875
4 0.838125 0.54 0.8481249999999999 0.5491666671875 0.8856249999999999 0.6008333328125001 0.8875 0.6566666671875 0.8387499999999999 0.7424999999999999 0.8387499999999999 0.75 0.84375 0.7591666671875 0.8568749999999999 0.7691666671874999 0.881875 0.7608333328125 0.8943749999999999 0.745 0.89375 0.7275 0.89625 0.7224999999999999 0.9018750000000001 0.7224999999999999 0.9268750000000001 0.745 0.9574999999999999 0.7433333328125 0.990625 0.7283333328125 0.999375 0.7283333328125 0.999375 0.355 0.9800000000000001 0.3433333328125 0.96125 0.3433333328125 0.9375 0.3516666671875 0.9075 0.37 0.9037499999999999 0.3808333328125 0.905 0.4125 0.9125 0.43499999999999994 0.9243750000000001 0.4525 0.9225 0.4608333328125 0.89375 0.47000000000000003 0.8412499999999999 0.47000000000000003 0.82 0.46166666718749994 0.803125 0.4625 0.7943749999999999 0.46749999999999997 0.795 0.47583333281250006 0.806875 0.48166666718749995 0.8418749999999999 0.4883333328125 0.83375 0.5158333328125 0.80625 0.5133333328125 0.80625 0.5208333328125 0.826875 0.5366666671875 0.838125 0.54
8 0.4175 0.3991666671875 0.42625 0.3908333328125 0.45625 0.3775 0.47874999999999995 0.3725 0.49375 0.3508333328125 0.50875 0.3483333328125 0.515625 0.3408333328125 0.499375 0.3258333328125 0.49625 0.3125 0.489375 0.31083333281250003 0.469375 0.3158333328125 0.456875 0.3291666671875 0.41375 0.3416666671875 0.38937499999999997 0.3433333328125 0.3725 0.355 0.334375 0.3641666671875 0.33187500000000003 0.36833333281249997 0.335625 0.3741666671875 0.346875 0.3875 0.35625 0.39249999999999996 0.35625 0.3991666671875 0.350625 0.40499999999999997 0.3975 0.40416666718750005 0.4175 0.3991666671875
1 0.765 0.5483333328125 0.759375 0.5583333328125 0.7581249999999999 0.5633333328125001 0.76 0.5658333328125 0.790625 0.5825 0.79375 0.5816666671874999 0.8012499999999999 0.5691666671875 0.7993750000000001 0.5625 0.7693749999999999 0.5475 0.765 0.5483333328125
10 0.5706249999999999 0.2425 0.568125 0.2925 0.6125 0.2883333328125 0.61875 0.2408333328125 0.5706249999999999 0.2425
10 0.51125 0.25833333281250004 0.5081249999999999 0.3008333328125 0.50875 0.32 0.5325 0.3125 0.535625 0.30333333281249997 0.545625 0.2958333328125 0.548125 0.29 0.5525 0.25166666718749997 0.54375 0.2508333328125 0.51125 0.25833333281250004
10 0.635 0.2733333328125 0.649375 0.2725 0.6575 0.2508333328125 0.660625 0.2308333328125 0.654375 0.22916666718749998 0.641875 0.2325 0.6375 0.2525 0.635 0.2733333328125
10 0.79625 0.315 0.7849999999999999 0.3616666671875 0.7993750000000001 0.3616666671875 0.8025 0.3266666671875 0.8106249999999999 0.2941666671875 0.8081250000000001 0.29333333281249996 0.796875 0.30333333281249997 0.79625 0.315
10 0.691875 0.2258333328125 0.6775 0.2266666671875 0.670625 0.24500000000000002 0.66875 0.2625 0.681875 0.265 0.691875 0.2258333328125
10 0.8243750000000001 0.27749999999999997 0.820625 0.2875 0.821875 0.2966666671875 0.829375 0.2983333328125 0.840625 0.27749999999999997 0.8462500000000001 0.24583333281250003 0.8387499999999999 0.2541666671875 0.8324999999999999 0.2725 0.8243750000000001 0.27749999999999997
5 0.7368750000000001 0.39416666718750004 0.7418750000000001 0.3991666671875 0.8225 0.41500000000000004 0.838125 0.4125 0.8375 0.4058333328125 0.829375 0.3983333328125 0.73625 0.3808333328125 0.7368750000000001 0.39416666718750004
12 0.421875 0.3525 0.429375 0.355 0.43 0.3233333328125 0.425625 0.3116666671875 0.42125 0.3133333328125 0.41937499999999994 0.3275 0.421875 0.3525