10 0.44709730781249996 0.521170890625 0.45846834843749995 0.5258272984375 0.49007038593749996 0.53319676875 0.495922815625 0.5412689281249999 0.48493785312500004 0.5463514609375 0.4593188890625 0.5426817140625 0.46379819843750003 0.5513891890625 0.46094744062500004 0.55615776875 0.4676040125 0.5599770796875 0.549096984375 0.574446875 0.5487370375 0.5638334484375 0.542158853125 0.5573906796875 0.5465395046875 0.5467398625000001 0.566123134375 0.54845885625 0.5710466359375 0.5423000578125 0.5735288875 0.45922382656250005 0.57096555 0.45437305156249996 0.461420921875 0.427010303125 0.44719912656250005 0.4271224765625 0.44450784218750006 0.517194603125 0.44709730781249996 0.521170890625
10 0.6997045765625 0.5871225609375 0.7124748640624999 0.5902691625 0.7679889249999999 0.5904557875 0.7917964343749999 0.586770884375 0.7972163859375 0.5639968390625001 0.7985431046875 0.542254259375 0.8053623062499999 0.5179704109375 0.8058064984375 0.5031041390625 0.711360334375 0.49160914843750003 0.7092614609375001 0.49387385312500004 0.7076734515624999 0.5243612984375 0.6995014 0.5712622171875 0.6997045765625 0.5871225609375
10 0.9929337703125001 0.5398467375 0.9965364109375001 0.5325742828125 0.9995759281250001 0.4988280578125 0.9376665843750001 0.4860772578125 0.9356866421875001 0.5296820062500001 0.942990578125 0.5344953875 0.956460490625 0.5368870890624999 0.9929337703125001 0.5398467375
10 0.8127243578125001 0.4981785828125 0.8183997421875 0.4895159109375 0.8222897984375 0.472624103125 0.8219559796875 0.461136190625 0.8146259140625001 0.4571972953125 0.7640876109375 0.4491028984375 0.7602498125 0.46424573437500005 0.760191696875 0.48885094687499997 0.8127243578125001 0.4981785828125
10 0.5760980828125 0.4412183609375 0.5802958312500001 0.4366889515625 0.5797588375 0.40934069375000004 0.5259053140625001 0.3988994015625 0.523054559375 0.40366798125000003 0.521701709375 0.42628505 0.530973875 0.43320615937499996 0.5760980828125 0.4412183609375
4 0.432373665625 0.3567973765625 0.42473005312499995 0.36335232031250003 0.4226253203125 0.3884732640625 0.41029336718750004 0.3933166265625 0.40938471249999997 0.401067421875 0.43608937656249996 0.41372120468749995 0.44665627499999994 0.4226304578125 0.483646278125 0.4309566109375 0.4800756265625 0.4144983421875 0.4843778875 0.40647098593750003 0.4695871140625 0.40296562500000005 0.461092959375 0.39266615312500003 0.4477798203125 0.38502753125 0.4416980875 0.3619695140625 0.432373665625 0.3567973765625
5 0.458665665625 0.56454388125 0.548940209375 0.57969379375 0.5544326921875 0.577152528125 0.5515877921875 0.5590648703125 0.5489983265625 0.5550885828125 0.45802415625000004 0.5406935703125 0.45390479531250005 0.54259951875 0.4513617296875 0.5597304984375 0.458665665625 0.56454388125
5 1 0.6444840859375 0.9973112640625 0.6426026265625 0.9434054828124999 0.63391030625 0.918924478125 0.6374756234375 0.9234560453125 0.644434125 0.9500039390625 0.662334828125 1 0.6659549546875 1 0.6444840859375
5 0.6694639437500001 0.62483025 0.70495018125 0.6381641515625 0.7059110953125 0.6286643828125 0.6830500875000001 0.5780115265625 0.6637277453125 0.5675476671874999 0.6604909125 0.5625773093750001 0.648367990625 0.560424778125 0.6694639437500001 0.62483025
8 0.6419141374999999 0.7764229828125 0.6287343421875 0.8549623937499999 0.65567416875 0.8597457984375 0.666421271875 0.771983178125 0.668589975 0.6994007843750001 0.6722971281250001 0.688630384375 0.6721200828125 0.6718955531249999 0.6779783703125 0.6571114734375 0.902560109375 0.709295703125 0.9942077749999999 0.7238103015624999 0.9902974453125 0.71872035625 0.9381364484375 0.6742936703125 0.9120530203125 0.66350844375 0.9045459093750001 0.6428347171875 0.8867012031250001 0.62823759375 0.8666792375 0.6185286343749999 0.7650859125 0.596973340625 0.7521849781250001 0.5981991703125 0.7513547078125 0.6033265046875 0.73145753125 0.6121013515625 0.7166667546875 0.6085959937500001 0.7108927125 0.5979003734375 0.7062305015625 0.5953143046875 0.7028107640625 0.5964653531249999 0.702653990625 0.6017122734375 0.7103962625 0.6145156203125001 0.7114558359375 0.62437414375 0.7023084578125001 0.6359368375 0.6619248468750001 0.6278872468750001 0.652417521875 0.628836515625 0.6422686859375 0.6059354734375 0.626261565625 0.5978185125000001 0.45527205937500004 0.5648204421874999 0.45302226875 0.5494758281250001 0.455899153125 0.5438327625 0.46144389218750004 0.5395425234375 0.4735668140625 0.5416950546875 0.4783858 0.539034203125 0.4434946703125 0.5284433453124999 0.36466955156249997 0.5153263765625 0.3546977609375 0.509160165625 0.28468034375 0.495848834375 0.2765461375 0.49616278593749996 0.26815064375 0.5052216031250001 0.2647831640625 0.504623678125 0.25553712812499996 0.4968280796875 0.25577228750000003 0.4889577015625 0.2477425984375 0.48577370625 0.199172525 0.47978704062500005 0.0766951875 0.523593725 0.077825175 0.5313080859375 0.08714564531249999 0.535500525 0.274841896875 0.5758606562499999 0.3025074765625 0.579014671875 0.3087779703125 0.5730950453125 0.31595126093750003 0.5822808609375001 0.32936891562500004 0.586421534375 0.5440049953125 0.63156506875 0.6461673 0.6567378953125 0.6500776296875 0.6618278375 0.6498947265624999 0.6679492437500001 0.6435080046875 0.7230792953125 0.6419141374999999 0.7764229828125
12 0.2692799828125 0.47229665781249996 0.268785390625 0.464376703125 0.26041473593750003 0.4631321796875 0.255907290625 0.47940886718750003 0.2588328078125 0.52831278125 0.27744868125 0.5292463125 0.2755289484375 0.48336759375 0.2692799828125 0.47229665781249996