8 0.6738091671875 0.5881977375 0.7400932921875001 0.6054039718750001 0.7918676203125 0.613603646875 0.7967008984375 0.618420834375 0.80338973125 0.6446540078125 0.8103378609374999 0.6442267078125 0.8198198296875001 0.6396840203124999 0.8288977515625 0.6258447203124999 0.8361251015625 0.5878669328125 0.8509489796875 0.5402654890624999 0.8611640156249999 0.48024389999999995 0.890218159375 0.364289840625 0.900887040625 0.2863398390625 0.8882576984374999 0.2851367484375 0.8181180328125001 0.3040511203125 0.6341097734375001 0.30885062812499997 0.588385840625 0.33063547656250003 0.5557351374999999 0.34114000624999996 0.44806168749999997 0.392966746875 0.44193658593749996 0.40381976562500005 0.44189674375 0.42559978750000005 0.4531047765625 0.5132581546874999 0.4513840078125 0.5332442625 0.45491052656250003 0.5618991656250001 0.4657443953125 0.6239259046875001 0.47475757500000004 0.6454791390625 0.49303824531249996 0.6646476390625 0.5124012437500001 0.667581378125 0.5163915703125 0.6728628609375 0.5241776734375 0.67469376875 0.60637796875 0.62261879375 0.6738091671875 0.5881977375
5 0.6002780875 0.734768965625 0.596901296875 0.739348646875 0.6025576078125 0.7545915515625 0.626888671875 0.803744571875 0.68560116875 0.8169619499999999 0.6900254234375 0.8152050296875 0.6881449671875 0.8074015593749999 0.6656993390625 0.7633295078125 0.6566612593750001 0.755388784375 0.640320809375 0.7113537234375 0.6002780875 0.734768965625
5 0.5265614671875001 0.52243413125 0.5208802546875 0.520803740625 0.501497334375 0.5287600109375 0.49538219375 0.5341680234374999 0.4960056921875 0.5385841828125 0.5232596984375 0.6010859375 0.5287264375 0.6048742796875 0.5451515546875 0.6026267937500001 0.5546285421875 0.6008066078125001 0.5580003515625 0.5989494296875 0.558638790625 0.5951980812500001 0.5265614671875001 0.52243413125
10 0.540528084375 0.7132838234375 0.5466432250000001 0.707875809375 0.5449872015625 0.6924693828125 0.5291905625 0.696410525 0.5117827265625 0.660442715625 0.507363453125 0.659477134375 0.396687371875 0.7415151843750001 0.3941535359375 0.745630571875 0.4538789515625 0.89563789375 0.4593556515625 0.8939812312500001 0.4968844578125 0.8637913656249999 0.5150253625000001 0.8442802734375 0.531250946875 0.8360232296874999 0.54369071875 0.82577175625 0.5462394984375 0.8134888609375001 0.5660613234375 0.795771684375 0.5376350624999999 0.7219031046875 0.540528084375 0.7132838234375
10 0.32302150625000003 0.846684321875 0.3667297578125 0.9502539046875 0.48082115625000005 0.9389331015625 0.5537050531250001 0.8987889609374999 0.539396271875 0.8716532718750001 0.52385395 0.8516564437499999 0.516072828125 0.8471030328125 0.4639993609375 0.88734385625 0.448620421875 0.8787310203124999 0.4146987875 0.7927891640625 0.40461822343750004 0.77930318125 0.34453422031250003 0.8253160515625 0.32302150625000003 0.846684321875
1 0.693446084375 0.4413938296875 0.651592634375 0.41889056093750004 0.6298554875 0.44786178593750003 0.6330028609375 0.45360756562500004 0.6637083640625 0.470692096875 0.670028015625 0.46857114062500005 0.693446084375 0.4413938296875
1 0.581502771875 0.4105799078125 0.559850290625 0.39326858750000004 0.54782950625 0.40464916406249996 0.534955809375 0.42193903906249997 0.5517650484375001 0.439878178125 0.5610375234375 0.4347709375 0.581502771875 0.4105799078125
1 0.5728740359375 0.524122959375 0.5781561828124999 0.5137342390625 0.5546182671875 0.4913419484375 0.53311053125 0.509987715625 0.55790540625 0.535767315625 0.5728740359375 0.524122959375
1 0.5209649203125 0.47452119374999996 0.5302473562500001 0.46396894843750003 0.51471499375 0.4385271140625 0.49595059218750004 0.45362204687499996 0.5108494953125 0.4800927265625 0.5209649203125 0.47452119374999996
12 0.4098947578125 0.541817628125 0.4267438421875 0.5379767421875 0.4828026546875 0.5057399078125 0.4878703296875 0.497509134375 0.48556590625 0.4912990609375 0.48157059999999996 0.4887400796875 0.4739890078125 0.490196228125 0.4229879109375 0.5196472984375 0.40759033593750005 0.53560755625 0.4098947578125 0.541817628125
4 0.2730915046875 0.405706975 0.2642878203125 0.38471829375 0.2594495609375 0.38262360625 0.23183665156250002 0.40123237968750003 0.2122392578125 0.41134660156249997 0.203395728125 0.412137940625 0.198567428125 0.40459824843750003 0.18971892031249998 0.40811208906249996 0.1755484234375 0.443794675 0.1492074125 0.45762325312499996 0.1504544078125 0.4664555703125 0.155083175 0.4679857046875 0.17804739687499999 0.45873680781250004 0.1877189359375 0.4656486828125 0.21235412343750001 0.463638703125 0.2228885359375 0.45919627500000004 0.2290086546875 0.45106575937500004 0.25703557187500004 0.4363085921875 0.2812965953125 0.4086669859375 0.27856820625 0.4040503125 0.2730915046875 0.405706975
10 0.1130099515625 0.3354532234375 0.1336548109375 0.32816176406249997 0.1378795328125 0.3203952859375 0.1351611046875 0.31033360625 0.141286203125 0.2994805875 0.1348018828125 0.2765344703125 0.124945753125 0.2554455296875 0.0899806671875 0.26518499218749997 0.08723733593750001 0.2687358265625 0.0948955609375 0.289373590625 0.0894969359375 0.2994484234375 0.09284384531249999 0.3112037578125 0.10289950625 0.33830225468749997 0.1130099515625 0.3354532234375
10 0.1086102828125 0.2086879671875 0.09808583125 0.2076853921875 0.0940955046875 0.2024039078125 0.0599783515625 0.2089565734375 0.07337593906249999 0.250532909375 0.078214196875 0.25262759687499997 0.090429534375 0.24997907968750002 0.11717957187500001 0.2427246109375 0.1086102828125 0.2086879671875
10 0.1586392921875 0.4036989609375 0.1623752671875 0.39461538125 0.1560854984375 0.3804013234375 0.1504042859375 0.37877093125 0.1211204140625 0.3901407859375 0.13179957343749998 0.42165544375 0.134747415625 0.421391665625 0.160873953125 0.4097210390625 0.1586392921875 0.4036989609375