8 0.45751593125 0.5607247203125 0.4495972828125 0.5483844359375001 0.4412599828125 0.52413998125 0.444611178125 0.4999499453125 0.43638300625 0.4725855671875 0.438281821875 0.41829888593750003 0.44202984062499995 0.406637003125 0.4513929359375 0.40155416875 0.4763929359375 0.4030078890625 0.48961714218749997 0.4069031296875 0.50016674375 0.415644878125 0.515759996875 0.4234294 0.5218334125 0.41690476875 0.5240238890625 0.402026046875 0.5246131765625 0.3851784546875 0.519216353125 0.37235955781249996 0.4890814359375 0.3505991234375 0.4836409609375 0.3390281953125 0.4828254890625 0.31459587187500004 0.48613303124999996 0.2916538046875 0.49139493593749994 0.2844567296875 0.5101647796875 0.27304309375 0.5055139875 0.2627685921875 0.5023512921875 0.2338230046875 0.49743859375 0.23103632031250002 0.484039784375 0.23213295781249998 0.4791489125 0.228722290625 0.47195446875 0.2195503859375 0.4707024859375 0.20759776093750001 0.4637699484375 0.1909380375 0.44760526875 0.175617240625 0.4393374109375 0.17326071406250002 0.43267074531249994 0.1728730546875 0.4256985203125 0.181221184375 0.4207362078125 0.27534598125 0.410791753125 0.344796165625 0.41364889062500004 0.38247754375 0.4083215078125 0.391546571875 0.40981753750000005 0.42039524687499996 0.4052222890625 0.48015241875000003 0.4099861734375 0.5110668765625 0.4088076 0.5447620578125 0.4009226703125 0.6030774328125 0.4027897328125 0.6213183640625 0.41110123906249996 0.622426921875 0.4153770328125 0.619549284375 0.4178909296875 0.571550909375 0.4288988671875 0.5671889765625 0.4456310078125 0.5662861671874999 0.45751593125 0.5607247203125
0 0.4876826046875 0.5099575421875 0.5056409390625001 0.497871465625 0.5157282421875 0.4959570125 0.5219107828125 0.48631245625 0.5237877734375 0.4326497609375 0.5199266640625 0.4236716859375 0.50371833125 0.40959885937499996 0.47316873125000003 0.39969413593750003 0.4489365875 0.40016082812500003 0.4418115859375 0.4128768515625 0.438642925 0.479594771875 0.45623419375 0.5018763171875 0.45373815781250004 0.5254908265625 0.45562704375 0.5431077734375 0.45139490000000004 0.5447374421875 0.4503433125 0.5509288328124999 0.45111116874999996 0.55284924375 0.4603214875 0.5521343046875 0.46714093281249996 0.5481540703125 0.4698810125 0.541435609375 0.47577982343749997 0.5399028546875 0.478825459375 0.52444860625 0.4876826046875 0.5099575421875
10 0.555720346875 0.18815653906250002 0.5506548703125 0.18973774999999998 0.5488136 0.1946327140625 0.5418572375 0.29802036875 0.6238076343750001 0.29465738125 0.6313512859375 0.293845528125 0.6339822390625 0.2902469890625 0.6412441578125 0.1781235484375 0.613504078125 0.1833882890625 0.555720346875 0.18815653906250002
10 0.63964493125 0.31933795 0.663833425 0.320119228125 0.6956746953125 0.31696872656249997 0.6948731171875 0.24439265625 0.6454227203125 0.24964547812500001 0.642002084375 0.2519475875 0.63964493125 0.31933795
10 0.6375060359375 0.38048846406250003 0.634664759375 0.4378466125 0.6747520609375 0.4376766234375 0.6881726953125 0.43595600156250003 0.6895873859375 0.37163710625 0.642724290625 0.3745393609375 0.6384921484375 0.37616902812499997 0.6375060359375 0.38048846406250003
10 0.6490278890625001 0.1704478625 0.6531509046874999 0.17193811718750002 0.678325509375 0.1683999578125 0.6984782875 0.1651950390625 0.7027540812499999 0.16231740156250002 0.7049366296875 0.0999189171875 0.6510576593749999 0.11241727187499999 0.6490278890625001 0.1704478625
10 0.6430179875 0.0319172671875 0.6449505249999999 0.0482862453125 0.6582402078125 0.05030953125 0.663305684375 0.048728320312500004 0.7056489421875 0.031807656249999997 0.7065656109375 0.0056002921875 0.6590656109374999 0.0028382265625 0.646194578125 0.012719109375 0.6430179875 0.0319172671875
5 0.51325803125 0.2801007578125 0.5012679484375 0.312542009375 0.5373750828125 0.3784174984375 0.5453373828125 0.3895098125 0.5495258749999999 0.3891281140625 0.5576806390625 0.3708446859375 0.5580734984375 0.35961295781249997 0.5211112046874999 0.294312996875 0.516569540625 0.2809185703125 0.51325803125 0.2801007578125
8 0.60440878125 0.6105331203125 0.6027818 0.58542835625 0.53888100625 0.5979692046875 0.5017778296875 0.60831678125 0.48732743125000005 0.615604809375 0.48531552187500004 0.6492515328125 0.48925769218750004 0.655912128125 0.48856551875000004 0.6757011828125 0.4777262203125 0.770734746875 0.4809504265625 0.7740485015624999 0.489261934375 0.775157059375 0.5332678921875 0.734573428125 0.54828971875 0.734821675 0.5504801953125 0.719942953125 0.59959528125 0.6765301406249999 0.60440878125 0.6105331203125
12 0.4978274171875 0.7212580375 0.493595275 0.7228877046875 0.529101225 0.7343311406249999 0.545680590625 0.7377962265625 0.5615575749999999 0.7374689453125 0.5634861484375 0.7300780421875 0.5520595609375001 0.7225358078124999 0.5181329734375 0.7136852234375 0.5031547984375 0.7121890078125 0.4978274171875 0.7212580375
1 0.4856568 0.5917480140625 0.49241076718750004 0.5896397328125 0.5001508484375 0.583212015625 0.4990734703125 0.5662675109374999 0.48300005625000003 0.5722106546875 0.4832004515625 0.5903546734375 0.4856568 0.5917480140625
3 0.45940481718750004 0.57834166875 0.45701394375 0.575076371875 0.4437897390625 0.57118113125 0.4242956890625 0.5794263859375001 0.4260317984375 0.6014112265625 0.4216905265625 0.6061608203125 0.43153774843750003 0.6111102015625 0.4532698921875 0.6104981359375 0.4575893390625 0.606372528125 0.45787306875 0.598260725 0.45138100468750003 0.5928811890625 0.4591210859375 0.586453471875 0.45940481718750004 0.57834166875
4 0.7193394125 0.0701189765625 0.711027903125 0.0690104203125 0.7000636171875 0.07212438437499999 0.6945576671875 0.062425409375 0.6594048875 0.064758096875 0.6646310718749999 0.1063287546875 0.681319565625 0.1066739171875 0.7099366296875 0.10020966093749999 0.71758940625 0.096277884375 0.7228949640625 0.0878328390625 0.723244171875 0.0778490828125 0.7193394125 0.0701189765625
4 0.5955616390625 0.027907231249999997 0.593331475 0.067793803125 0.6228255234375 0.060130035937500007 0.6304783015625001 0.0561982578125 0.6291826671875 0.0454936015625 0.616700528125 0.020382875 0.6067878296875 0.017305448437500003 0.5955616390625 0.027907231249999997
4 0.612436628125 0.09454015625 0.6134703578125 0.11273263124999999 0.6267600390625 0.1147559171875 0.6283096484375 0.07045299375 0.624976315625 0.070259165625 0.6005259171875 0.07696570781249999 0.5996052828125 0.0794131890625 0.612436628125 0.09454015625