8 0.5275773484374999 0.5630639375000001 0.5112952125 0.5820434156250001 0.5046820390625 0.5801012515624999 0.4926539765625 0.5828931171875 0.4889916203125 0.5874190593749999 0.49281870000000005 0.5937831234375001 0.4880404203125 0.5970778703125 0.4617075578125 0.5899768265625001 0.456172840625 0.594043240625 0.4748660625 0.698191928125 0.48869155 0.7054143578125001 0.5777260078124999 0.722798475 0.5874847562500001 0.7223216015625 0.5956482734375 0.7179430546875001 0.59269003125 0.696475178125 0.5435452234375 0.4725277515625 0.48662642343750007 0.23518457812500002 0.48303900000000005 0.2301557546875 0.4750327828125 0.23042453749999997 0.45214490312500005 0.262461621875 0.45168044375000005 0.2897906828125 0.446347915625 0.29996971562499997 0.43519611874999997 0.30265753906250004 0.4216477546875 0.29199296406249997 0.41838235 0.29374438281250004 0.42190969218749996 0.3383275140625 0.417850384375 0.345627978125 0.4194081515625 0.35430703750000003 0.4436664640625 0.35483592656249996 0.45227182499999996 0.35790524218750003 0.46525075468750005 0.4252307984375 0.4649736296875 0.4286729421875 0.43965171718749996 0.4521350125 0.4250772203125 0.46068401718749996 0.42656005312499995 0.47891784218750005 0.43274623281249996 0.503411684375 0.44923055625 0.490544828125 0.4616555703125 0.48497843749999997 0.5018439609375 0.479524759375 0.511407946875 0.48793503281249995 0.5231811640624999 0.5335846203125 0.5275773484374999 0.5630639375000001
0 0.5114005203125 0.47293526406249997 0.4897710046875 0.4720942375 0.474237878125 0.475302284375 0.44234026093749995 0.4920448046875 0.435412496875 0.49832216718750005 0.43195232812500006 0.5089607328125 0.4330007421875 0.5347464625 0.441823146875 0.5739279421875 0.4495971359375 0.5873236890625 0.4635424515625 0.595213740625 0.48812277968749995 0.602522875 0.5023151796875001 0.626747934375 0.5125907109375001 0.6241641578125 0.5164103640625 0.6155284515624999 0.515758903125 0.5869681953125 0.5294946015625001 0.5737458531249999 0.533748671875 0.5575582406249999 0.5212041640625 0.4826807765625 0.5171374265625001 0.47498147343749997 0.5114005203125 0.47293526406249997
10 0.3657092015625 0.26454252500000003 0.3568641828125 0.26013796875 0.303846403125 0.25893279062499996 0.26711818125 0.2537479046875 0.289443721875 0.3731478046875 0.29378758125000004 0.3774049625 0.29916500468749996 0.37744831562500003 0.3785905828125 0.3761997703125 0.385638175 0.37059002812499997 0.3657092015625 0.26454252500000003
10 0.2632904359375 0.4069363046875 0.2887021359375 0.40391900625000005 0.2766369421875 0.3317120234375 0.21951495781250002 0.3275849265625 0.22967032656250003 0.4041097640625 0.2632904359375 0.4069363046875
10 0.25482685 0.529310153125 0.258294446875 0.5336713578125 0.2744267109375 0.5338014109375 0.3111100375 0.5287639109375 0.30020565781249997 0.4680105078125 0.29885008125 0.465444075 0.29148046875 0.4642735734375 0.243959940625 0.4637793671875 0.25482685 0.529310153125
10 0.24577354843750002 0.1846882734375 0.24154951875 0.1810987328125 0.19020190625 0.1742404625 0.188052421875 0.1772230765625 0.19796070625 0.237412903125 0.206925553125 0.242485078125 0.25592149062499997 0.2462133390625 0.24577354843750002 0.1846882734375
10 0.17297434843749998 0.0879867125 0.17614452187500002 0.100906328125 0.2195682765625 0.1134783859375 0.24183439999999998 0.112880125 0.24373680000000003 0.093562503125 0.240735971875 0.07994093125 0.17297434843749998 0.0879867125
4 0.16632569218749998 0.1409375078125 0.16482024374999998 0.1574806078125 0.1721149203125 0.168205875 0.18183620312499998 0.1725063859375 0.1982455890625 0.16919429531250002 0.20932245312500003 0.176061240625 0.22318540625 0.1785062890625 0.2308321421875 0.17623464687499998 0.22893750000000002 0.13077580625000002 0.191415375 0.1311399671875 0.18433031718749998 0.14152709218749998 0.174092253125 0.13933348437499998 0.16632569218749998 0.1409375078125
4 0.25979413125 0.10324732343750001 0.259284778125 0.12035399843750001 0.288605921875 0.12914576875 0.299600421875 0.1305677078125 0.2909353140625 0.0872764671875 0.2793791390625 0.0777390421875 0.27137292031250004 0.07800782656250001 0.26619768593750004 0.08407709687500001 0.25979413125 0.10324732343750001
4 0.2842769140625 0.15488814687500002 0.2864638640625 0.14712814999999999 0.293631284375 0.142186028125 0.26554589375000004 0.135293075 0.262400315625 0.13771211249999998 0.27166456562499997 0.18434145468750002 0.286081765625 0.1799022140625 0.2842769140625 0.15488814687500002
1 0.487845325 0.68574125 0.496727809375 0.6853684234374999 0.492376521875 0.6661114921875 0.47540545625 0.6613081000000001 0.47788438437499997 0.6801055 0.487845325 0.68574125
12 0.43729837812500005 0.84788616875 0.45418708125 0.8472445562500001 0.49293753125000006 0.8337794390625 0.49683954531249996 0.8305887375 0.494046025 0.820010865625 0.49006165 0.8177565640625 0.4821752609375 0.8186929671875 0.44493768593749994 0.8306147546875 0.43311181249999997 0.8395192437500001 0.43307434687499996 0.844296628125 0.43729837812500005 0.84788616875