4 0.69375 0.6116666671875 0.696875 0.6116666671875 0.70375 0.5941666671875 0.6950000000000001 0.5816666671874999 0.6956249999999999 0.5716666671875 0.7112499999999999 0.5616666671874999 0.7150000000000001 0.5558333328125 0.72 0.5225 0.7162499999999999 0.5083333328124999 0.68875 0.48250000000000004 0.675 0.4441666671875 0.6743750000000001 0.42083333281249996 0.671875 0.41500000000000004 0.658125 0.4141666671875 0.654375 0.4166666671875 0.651875 0.4291666671875 0.639375 0.44333333281250004 0.6325000000000001 0.4575 0.63125 0.4791666671875 0.63625 0.495 0.6525000000000001 0.5233333328125 0.680625 0.5566666671875 0.6799999999999999 0.5625 0.67125 0.5783333328125 0.67125 0.5858333328125 0.69375 0.6116666671875
8 0.40125 0.6533333328125 0.58 0.6541666671875 0.58375 0.6516666671875 0.58375 0.6458333328125 0.591875 0.6416666671875 0.591875 0.6366666671875 0.603125 0.6291666671875 0.603125 0.62 0.586875 0.5591666671875 0.5075000000000001 0.5575 0.47919625000000005 0.5608333328125 0.356875 0.5616666671874999 0.346875 0.5666666671875 0.318125 0.5974999999999999 0.3075 0.6133333328125 0.3025 0.6233333328125 0.30375 0.635 0.340625 0.6358333328125 0.35875 0.6108333328125 0.37687499999999996 0.5933333328125 0.38125 0.5974999999999999 0.39375 0.625 0.40125 0.6533333328125
12 0.5700000000000001 0.5766666671875 0.58 0.5766666671875 0.5818749999999999 0.5483333328125 0.578125 0.5291666671875 0.57375 0.5291666671875 0.5700000000000001 0.5408333328125 0.569375 0.5533333328125 0.5700000000000001 0.5766666671875
0 0.646875 0.5233333328125 0.64625 0.51 0.63875 0.49916666718749997 0.620625 0.4933333328125 0.609375 0.49416666718749996 0.588125 0.5025000000000001 0.57625 0.5141666671875 0.576875 0.5208333328125 0.5806250000000001 0.52 0.5862499999999999 0.525 0.614375 0.5258333328125 0.6287499999999999 0.5308333328125 0.63125 0.5349999999999999 0.6368750000000001 0.5341666671875 0.646875 0.5233333328125
8 0.41187500000000005 0.49833333281250003 0.41187500000000005 0.495 0.388125 0.49833333281250003 0.383125 0.4925 0.384375 0.4875 0.381875 0.47750000000000004 0.36124999999999996 0.4766666671875 0.349375 0.485 0.34562499999999996 0.4933333328125 0.335 0.495 0.32125 0.5058333328125 0.315625 0.5116666671875 0.31625000000000003 0.5208333328125 0.30625 0.53 0.30125 0.5333333328125 0.291875 0.5333333328125 0.280625 0.5433333328125001 0.265 0.5616666671874999 0.288125 0.5625 0.34125 0.5716666671875 0.351875 0.5616666671874999 0.3675 0.5608333328125 0.366875 0.5525 0.393125 0.5233333328125 0.41187500000000005 0.49833333281250003
10 0.403125 0.42416666718749996 0.40625 0.4608333328125 0.433125 0.4533333328125 0.43187499999999995 0.4183333328125 0.403125 0.42416666718749996
10 0.385625 0.4875 0.388125 0.4883333328125 0.398125 0.4808333328125 0.40062499999999995 0.4733333328125 0.40125 0.44666666718750003 0.39875 0.43333333281249997 0.385625 0.4408333328125 0.385625 0.4875
10 0.566875 0.41166666718749995 0.5662499999999999 0.4258333328125 0.5775 0.465 0.58125 0.4691666671875 0.5825 0.44749999999999995 0.5725 0.4325 0.573125 0.40750000000000003 0.569375 0.40499999999999997 0.566875 0.41166666718749995
10 0.4375 0.40833333281249995 0.436875 0.43833333281250003 0.44625000000000004 0.4408333328125 0.446875 0.4058333328125 0.4375 0.40833333281249995
10 0.45499999999999996 0.4 0.45375 0.42000000000000004 0.459375 0.425 0.45999999999999996 0.3991666671875 0.45499999999999996 0.4
10 0.564375 0.40083333281250005 0.5625 0.3958333328125 0.5587500000000001 0.3958333328125 0.556875 0.4175 0.561875 0.41916666718749995 0.564375 0.40083333281250005