8 0.5219414671875 0.448527684375 0.5067562328124999 0.45216601718750005 0.5020423468749999 0.4656890859375 0.50268741875 0.481255315625 0.497404428125 0.49279367812499997 0.49217830312500005 0.49787206250000005 0.48152680625000005 0.49734651249999995 0.47152949375000003 0.4558234484375 0.4604890421875 0.4439540125 0.44201246562499996 0.432784921875 0.4308200796875 0.39375243437499996 0.4234121734375 0.35793054375 0.42384844375 0.3527937 0.43026964375 0.3452247421875 0.48867729375 0.32919257968750004 0.5034926765625001 0.33425186406249996 0.502914021875 0.32224640937500004 0.4941308875 0.29827427812499996 0.4460330984375 0.2870073703125 0.43827443906249997 0.279924603125 0.42151429374999994 0.218145878125 0.42453041562499993 0.20868945625 0.4424852046875 0.2013931125 0.44840371718750005 0.195400225 0.43510674375 0.1723322171875 0.4242738640625 0.137882621875 0.4212481921875 0.1373182921875 0.4184786359375 0.140976303125 0.40923101562499997 0.15866325312500001 0.401102503125 0.1602781015625 0.3876054828125 0.1498290390625 0.375673390625 0.12819178281250002 0.3645096546875 0.1192215515625 0.34017143125 0.1075853703125 0.33154023125 0.11077629062500001 0.33091425937499996 0.1152515671875 0.38596588125000003 0.347189184375 0.457929153125 0.601484084375 0.46045214218749997 0.6036244828124999 0.469083340625 0.6004335640625 0.510275909375 0.5743025125 0.5539819140625 0.5402911078125 0.5556796765625001 0.5362244640625 0.5310184875 0.4502206734375 0.5219414671875 0.448527684375
0 0.53172954375 0.40276318125 0.51782446875 0.36092872656249997 0.5095535734375 0.34540127656249997 0.49536416250000004 0.33586671562500003 0.4593122 0.333317103125 0.42963412031250003 0.33967926406250004 0.41558709687500006 0.3472870015625 0.4130736609375 0.35516735312500003 0.43596111875 0.43165626250000005 0.44668858437500003 0.4457633375 0.46188336874999997 0.45214576093750003 0.4674984484375 0.4584112625 0.4784347140625 0.493221409375 0.4859372546875 0.4960818359375 0.4947581578125 0.49355248281249997 0.503057271875 0.47255769531249997 0.503730559375 0.4516016890625 0.5182138546874999 0.43885710624999996 0.53325670625 0.418076475 0.53172954375 0.40276318125
10 0.45882688125 0.088596703125 0.48597329062499994 0.2032423765625 0.490450159375 0.205538475 0.5008455390625 0.20184168125 0.57247499375 0.171994740625 0.5821115671875 0.1656516796875 0.5544624734375 0.0525820765625 0.5487809796875001 0.0427557984375 0.45882688125 0.088596703125
10 0.59579785625 0.1101778171875 0.5825665046874999 0.11397184687499999 0.57664799375 0.11996473437499999 0.59889993125 0.190908165625 0.6378351828125 0.17687980781249998 0.653836090625 0.1694277671875 0.6548414625000001 0.1662756265625 0.632779228125 0.0959937625 0.6288050468749999 0.09212159375 0.59579785625 0.1101778171875
10 0.6160394796875 0.25401002500000003 0.634184403125 0.3139597421875 0.6636727796875 0.3069360125 0.6844635390625 0.29954243125 0.6889972765625 0.2953785484375 0.6698374281249999 0.22856022031249998 0.630399490625 0.24416464843750002 0.6160394796875 0.25401002500000003
10 0.5470217484375001 0 0.555638446875 0.030049998437499996 0.560618003125 0.030770025 0.5820347359375 0.018901165625 0.608487890625 0.0012923546875 0.6080595515625 0 0.5470217484375001 0
5 0.4576799875 0.2077755328125 0.45618147656249997 0.2225244953125 0.45013968125000003 0.2314165921875 0.4518469921875 0.2373707 0.5065370171875 0.28827320625 0.5221776218749999 0.29953953437499997 0.5278495640624999 0.2993450578125 0.5301732984374999 0.29080313750000003 0.527754496875 0.265722028125 0.47684895312500003 0.2180301203125 0.46354163593750003 0.20824262500000001 0.4576799875 0.2077755328125
8 0.5764704390625 0.5288308828125 0.5385596609375 0.559748603125 0.5467168234375 0.5881960125 0.5584592140625 0.6091716984375 0.556960703125 0.6239206640625 0.5799985750000001 0.6976049703125 0.5842208484375 0.725646378125 0.597015928125 0.7269891921875 0.600857275 0.7237398140625 0.68189496875 0.580220740625 0.6682269140625 0.5225671171874999 0.6538191531249999 0.48230873125 0.633597496875 0.49168701718749996 0.5764704390625 0.5288308828125
12 0.5921687734375001 0.6668062203125 0.5888301140625 0.668479528125 0.6455495546875001 0.6665347625 0.6617401625 0.6597442890624999 0.661227925 0.651299609375 0.647863740625 0.6479720906249999 0.6076574453125 0.6509094953125001 0.5915901203125 0.6548007625000001 0.5921687734375001 0.6668062203125
1 0.5283253328125 0.53404470625 0.5306586171875 0.5355235375 0.5373359359375 0.5321769203125 0.544762509375 0.5214558203124999 0.5368045984375 0.5036907328125 0.52609623125 0.5096251625 0.5221316015624999 0.5157737484375 0.5283253328125 0.53404470625
3 0.502365315625 0.5400566921875 0.49951979375000005 0.530133178125 0.48741710156250007 0.5278758625 0.479667990625 0.530813846875 0.4657537984375 0.5455431296875 0.47277275156250004 0.57002113125 0.4714543921875 0.5754109125 0.4812238015625 0.576189396875 0.5051635203125 0.5664609390625001 0.5079330734374999 0.562802928125 0.5059696421875 0.5526264765625 0.49739531093749995 0.54935741875 0.496446803125 0.5460495812499999 0.502365315625 0.5400566921875