4 0.8387499999999999 0.3091666671875 0.8775000000000001 0.30583333281249997 0.8975 0.3091666671875 0.9 0.30333333281249997 0.9012499999999999 0.275 0.8868750000000001 0.2483333328125 0.8862500000000001 0.17916666718750002 0.878125 0.1775 0.8731249999999999 0.1675 0.8643750000000001 0.1633333328125 0.8543749999999999 0.1633333328125 0.843125 0.16999999999999998 0.8331250000000001 0.1858333328125 0.8275 0.20916666718750002 0.8243750000000001 0.2133333328125 0.8143750000000001 0.2141666671875 0.7993750000000001 0.2233333328125 0.780625 0.24 0.75625 0.255 0.748125 0.265 0.748125 0.2891666671875 0.750625 0.2916666671875 0.76 0.2916666671875 0.7631249999999999 0.2633333328125 0.768875 0.2558333328125 0.781875 0.2558333328125 0.8331250000000001 0.2641666671875 0.843125 0.2733333328125 0.8375 0.30416666718749996 0.8387499999999999 0.3091666671875
4 0.8106249999999999 0.40499999999999997 0.8081250000000001 0.3933333328125 0.803125 0.3916666671875 0.79875 0.38333333281250004 0.80375 0.37666666718749997 0.8168749999999999 0.3758333328125 0.829375 0.3808333328125 0.83375 0.3741666671875 0.835 0.35750000000000004 0.8331250000000001 0.3483333328125 0.829375 0.3441666671875 0.7581249999999999 0.3225 0.7537499999999999 0.3233333328125 0.748125 0.3433333328125 0.748125 0.35 0.753125 0.3508333328125 0.76375 0.36 0.765625 0.3641666671875 0.7631249999999999 0.37 0.76375 0.3783333328125 0.770625 0.3916666671875 0.8025 0.40833333281249995 0.8081250000000001 0.4091666671875 0.8106249999999999 0.40499999999999997
4 0.7325 0.37 0.739375 0.35 0.743125 0.3225 0.72375 0.3283333328125 0.718125 0.3366666671875 0.71875 0.3491666671875 0.72875 0.3691666671875 0.7325 0.37
4 0.22875 0.22749999999999998 0.221875 0.2208333328125 0.2125 0.2033333328125 0.206875 0.1766666671875 0.2 0.1633333328125 0.191875 0.1558333328125 0.17875000000000002 0.155 0.170625 0.16 0.16625 0.1675 0.165625 0.1783333328125 0.18062499999999998 0.23333333281250002 0.1875 0.2391666671875 0.206875 0.2391666671875 0.224375 0.2641666671875 0.228125 0.2666666671875 0.238125 0.265 0.23875000000000002 0.2541666671875 0.2325 0.24416666718750002 0.22875 0.22749999999999998
10 0.37374999999999997 0.20416666718749998 0.3725 0.2133333328125 0.380625 0.2833333328125 0.398125 0.3016666671875 0.4175 0.3116666671875 0.42874999999999996 0.3125 0.43125 0.3083333328125 0.43125 0.3 0.42625 0.2158333328125 0.4225 0.2125 0.37374999999999997 0.20416666718749998
10 0.6025 0.18 0.600625 0.1916666671875 0.595 0.2 0.598125 0.225 0.625625 0.2316666671875 0.641875 0.24666666718750002 0.65 0.24666666718750002 0.655625 0.2391666671875 0.661875 0.1825 0.6131249999999999 0.1775 0.6025 0.18
10 0.328125 0.2416666671875 0.33187500000000003 0.2725 0.340625 0.275 0.34375 0.2708333328125 0.346875 0.24666666718750002 0.34187500000000004 0.21000000000000002 0.3325 0.1858333328125 0.325625 0.1875 0.318125 0.1941666671875 0.328125 0.2416666671875
10 0.4925 0.2125 0.49437499999999995 0.21000000000000002 0.495 0.16833333281250001 0.476875 0.16499999999999998 0.46687500000000004 0.1675 0.46687500000000004 0.2066666671875 0.471875 0.2108333328125 0.4925 0.2125
10 0.409375 0.2066666671875 0.416875 0.20750000000000002 0.42625 0.195 0.42750000000000005 0.1775 0.425625 0.1641666671875 0.42125 0.1608333328125 0.40750000000000003 0.1616666671875 0.40625 0.17916666718750002 0.409375 0.2066666671875
10 0.29874999999999996 0.205 0.291875 0.1758333328125 0.27937500000000004 0.17333333281250002 0.27937500000000004 0.19 0.284375 0.2141666671875 0.29812500000000003 0.2166666671875 0.29874999999999996 0.205
8 0.5962500000000001 0.6008333328125001 0.60875 0.5958333328125 0.6599999999999999 0.5466666671875 0.6725 0.5408333328125 0.6875 0.5216666671875 0.7025 0.5083333328124999 0.701875 0.5033333328125 0.689375 0.4925 0.533125 0.3883333328125 0.503125 0.3725 0.445625 0.3341666671875 0.43624999999999997 0.3366666671875 0.42000000000000004 0.3525 0.403125 0.355 0.390625 0.3466666671875 0.375 0.3266666671875 0.34375 0.31 0.328125 0.3091666671875 0.31437499999999996 0.3125 0.303125 0.3175 0.29874999999999996 0.3241666671875 0.29812500000000003 0.32999999999999996 0.3025 0.34249999999999997 0.335625 0.3875 0.38875000000000004 0.48 0.45875000000000005 0.5766666671875 0.49874999999999997 0.6416666671875 0.516875 0.6558333328125 0.534375 0.6516666671875 0.5587500000000001 0.6341666671875 0.5962500000000001 0.6008333328125001
12 0.471875 0.3641666671875 0.46875 0.3825 0.47062499999999996 0.4308333328125 0.473125 0.4483333328125 0.48312499999999997 0.45083333281250004 0.49000000000000005 0.44666666718750003 0.491875 0.43833333281250003 0.49000000000000005 0.38166666718750003 0.48375 0.3616666671875 0.47562499999999996 0.3608333328125 0.471875 0.3641666671875
0 0.97 0.3383333328125 0.95375 0.3241666671875 0.889375 0.3091666671875 0.83625 0.3125 0.81375 0.3275 0.813125 0.33166666718750004 0.81875 0.3416666671875 0.860625 0.355 0.87375 0.3625 0.885 0.3775 0.920625 0.3775 0.95375 0.3716666671875 0.9668749999999999 0.365 0.9712500000000001 0.3533333328125 0.97 0.3383333328125