8 0.436989353125 0.8667969421875 0.450743834375 0.864468053125 0.45922671875 0.85749528125 0.559640875 0.8134597875 0.580509965625 0.7835415703125 0.6180534578125 0.7157214046875 0.620090721875 0.6994591359375 0.6174160718749999 0.6939430093750001 0.5968893765625001 0.690757509375 0.5645325375 0.6949817781250001 0.47209985000000004 0.721445759375 0.45174797499999997 0.73263410625 0.42578210624999996 0.772282290625 0.41830205156250005 0.8004525359375 0.4029340265625 0.8232540578125 0.38920259375 0.8581057453125001 0.3716224875 0.8827956890624999 0.373566246875 0.8894736546875001 0.3825699703125 0.8946967156250001 0.436989353125 0.8667969421875
8 0.5257047171875 0.47343662656249996 0.541441809375 0.4809798890625 0.5851504234375 0.49126991875000003 0.59688344375 0.4758746859375 0.6128852328125001 0.4439258578125 0.56786661875 0.417810553125 0.5666731671874999 0.41156784062499996 0.60958175625 0.32545132187500003 0.6139670703125 0.3184802875 0.620276721875 0.316590128125 0.6663722390625 0.33936557968750003 0.6697195 0.3389285859375 0.6923575328125 0.3013144890625 0.6918949671875 0.293909940625 0.6787159765624999 0.28230024062500003 0.672942965625 0.2670576234375 0.687117540625 0.23801339375000002 0.66530389375 0.2515254171875 0.647661890625 0.2404983765625 0.642946359375 0.22031881250000002 0.6563317750000001 0.1876451390625 0.6495207093750001 0.1789365625 0.620604628125 0.1597836 0.6116786046875 0.160948915625 0.5781549828125 0.22237896875000002 0.5740768375 0.22397780156249997 0.5602252359375 0.2183212234375 0.5543004500000001 0.22122755624999998 0.5012335375 0.2990724953125 0.49346211406249996 0.30328633125 0.447303390625 0.397825315625 0.4473810875 0.4042136921875 0.4518829484375 0.406825221875 0.45269153125 0.4120517578125 0.44913422656249996 0.42584642187500005 0.459483175 0.419163240625 0.4770669015625 0.4253990015625 0.477568315625 0.43599773906249994 0.4706831765625 0.4518264890625 0.496924609375 0.46546332343749997 0.5257047171875 0.47343662656249996
8 0.368183040625 0.7531414953125 0.456961296875 0.73248670625 0.5167579546875001 0.62603626875 0.514122159375 0.6237143281249999 0.48245735468750006 0.623582565625 0.45349024687500006 0.66148973125 0.433484390625 0.6705000625 0.4310974859375 0.658014640625 0.451445740625 0.615900590625 0.440381709375 0.5944170015625 0.4402845875 0.5864315328124999 0.46059399218749997 0.5411232953125 0.49015601562500005 0.49087463593749997 0.4863850390625 0.48710126875000004 0.4264573453125 0.4602663296875 0.420859153125 0.459397559375 0.4146272015625 0.46767609375 0.40022315468749997 0.5084809015625 0.42448560156250004 0.543171284375 0.3303797828125 0.7383480375 0.330920046875 0.7521409609374999 0.33474929531250003 0.7607056125 0.3377505390625 0.7624466328125 0.35783409375 0.7598246765625001 0.368183040625 0.7531414953125
0 0.45425998125 0.6635220765625001 0.4677619421875 0.6404309671874999 0.4846694375 0.6216941453125 0.522643890625 0.6199357453125 0.537436425 0.6110728140624999 0.5819039109374999 0.530618084375 0.578420678125 0.5198754203125 0.5544690250000001 0.510738540625 0.5278233 0.4944884375 0.5106438609375 0.4908659453125 0.48615556875 0.49886184218749996 0.4624212046875 0.5382186984375 0.4377459109375 0.5920950609375 0.437804184375 0.5968863421874999 0.4495019796875 0.609222625 0.4514651640625 0.6174976859375 0.43834807031249995 0.6416049703125 0.43519505625 0.6580129015625 0.4215376984375 0.6683272625 0.424212346875 0.673843390625 0.4361201859375 0.6728220031250001 0.45425998125 0.6635220765625001
10 0.7877196921875 0.48508597656249997 0.788143409375 0.4892963390625 0.8027647468750001 0.49698526718749997 0.8720616078125 0.52846234375 0.937841325 0.4238968515625 0.934781809375 0.41736455 0.8554237468749999 0.38560135624999997 0.8571149890624999 0.371517103125 0.8637780546875 0.35929731875000004 0.9397682406250001 0.23709431093750002 0.8229513046875001 0.1693287875 0.8027831734375 0.16159381718750002 0.7961469296875 0.16725908437499998 0.6999225296875 0.341384025 0.700326821875 0.34399729375 0.7100808546875 0.3496556109375 0.81870101875 0.39839375 0.8332173296875001 0.4127615109375 0.8231676515625 0.42873679375 0.8266703078125 0.441076553125 0.817013396875 0.44340370625 0.809280821875 0.45081173281250003 0.7877196921875 0.48508597656249997
10 0.9744967765625001 0.25724033749999997 0.9443131062499999 0.23973078750000001 0.9174713375 0.2804566859375 0.9234932421875 0.28553581875 0.9682063578125 0.3019989890625 0.9744967765625001 0.25724033749999997
5 0.6630200453125 0.46190828906250003 0.6853703328125 0.4312634875 0.6656413531250001 0.34052741875 0.6626206875 0.33718930468749997 0.616746084375 0.39383329218749996 0.6354139625 0.458580603125 0.6467657390625 0.4730949 0.6630200453125 0.46190828906250003
3 0.40596324843750003 0.7354121578124999 0.40095997499999997 0.7222018890624999 0.41250237187499994 0.7217614203125 0.41759914687500005 0.7120314546875 0.4149050765625 0.7049182328125 0.40509276875 0.6944686359375 0.38949164999999997 0.69810503125 0.3750839828125 0.7079841359375 0.3730078734375 0.721052215625 0.3752588046875 0.72235798125 0.37708601875 0.7194533843750001 0.38837951875 0.7291763984374999 0.3828978765625 0.7378901875 0.3623906046875 0.7363017828125 0.37289494843750004 0.7423953531249999 0.38591854375 0.741228303125 0.3975192140625 0.7455791171875 0.40596324843750003 0.7354121578124999
1 0.471077596875 0.6986511921874999 0.47540463906249997 0.686888878125 0.47240339843749996 0.6851478578125 0.45162780468749997 0.6921258406249999 0.4422039890625 0.7136181203125 0.44520522968750004 0.7153591421875001 0.4585554171875 0.7104169812500001 0.471077596875 0.6986511921874999
12 0.5073170250000001 0.829888575 0.5016799859375001 0.8258256156250001 0.4978313140625 0.8156638718749999 0.45946836874999997 0.78548039375 0.4440967203125 0.7773562109375 0.43569153437499997 0.79071735625 0.4368461375 0.7937658796875 0.48161585625000003 0.8300446671874999 0.5010850718750001 0.8381671109375001 0.5073170250000001 0.829888575
8 0.642403471875 0.512588728125 0.6419991796875 0.5099754578125 0.610505575 0.4932918421875 0.6038693296875 0.49895710781249997 0.534648853125 0.6268998265625 0.5343222625 0.6306749328125 0.5654504218749999 0.6479394703125 0.642403471875 0.512588728125
8 0.6697787703125 0.680708409375 0.7445585875 0.550440278125 0.7333816296875 0.550299828125 0.7247627750000001 0.546092940625 0.7087185171875 0.543921878125 0.7050252390625 0.5465368859375 0.6261867015625 0.6800009453125 0.6247832046874999 0.687115903125 0.6315359968750001 0.6910331984375 0.641577775 0.6897222203125 0.6697787703125 0.680708409375
8 0.7456549156250001 0.5486975203125 0.7504445203125 0.5443397531249999 0.8056069703125001 0.45502383281250003 0.8062795812499999 0.4490707125 0.801777721875 0.44645918125 0.7969492671875 0.447622759375 0.793112115625 0.4537224125 0.7827904953125 0.44733838125 0.78221138125 0.43035126874999996 0.71750856875 0.53157690625 0.7179711359375001 0.5389814578125 0.7250893703125 0.542317834375 0.7456549156250001 0.5486975203125
8 0.6489231703125 0.4973408984375 0.687967284375 0.430391240625 0.6633854875 0.46132737031250004 0.6512093265625001 0.470915146875 0.6433796296875001 0.47033770468749997 0.6342399375000001 0.45393498593750004 0.6297574984375001 0.45292055 0.6126011109375 0.48182085468749997 0.6276461624999999 0.49372014531249997 0.6377073656250001 0.49400625781249996 0.643709846875 0.49748829843750003 0.6489231703125 0.4973408984375