4 0.34500000000000003 0.24500000000000002 0.34500000000000003 0.2341666671875 0.35 0.2316666671875 0.349375 0.2108333328125 0.34249999999999997 0.16833333281250001 0.335 0.1533333328125 0.33187500000000003 0.1358333328125 0.3275 0.13 0.318125 0.1275 0.31437499999999996 0.1308333328125 0.311875 0.1533333328125 0.306875 0.1583333328125 0.30062500000000003 0.17333333281250002 0.305625 0.2125 0.30874999999999997 0.2225 0.31625000000000003 0.23333333281250002 0.316875 0.2833333328125 0.32 0.2908333328125 0.325 0.2916666671875 0.32625000000000004 0.27999999999999997 0.33625 0.2758333328125 0.33999999999999997 0.2975 0.343125 0.3 0.350625 0.2941666671875 0.34500000000000003 0.24500000000000002
4 0.8331250000000001 0.3016666671875 0.83375 0.2858333328125 0.829375 0.2496666671875 0.8306250000000001 0.1875 0.8237500000000001 0.17916666718750002 0.806875 0.1808333328125 0.7925 0.20416666718749998 0.7693749999999999 0.2208333328125 0.75125 0.2391666671875 0.7462500000000001 0.2508333328125 0.74875 0.28250000000000003 0.7418750000000001 0.3258333328125 0.74375 0.33999999999999997 0.7625 0.3775 0.774375 0.3916666671875 0.7825 0.39416666718750004 0.79625 0.3916666671875 0.80375 0.3808333328125 0.805 0.3616666671875 0.81875 0.3441666671875 0.825 0.32 0.8331250000000001 0.3016666671875
8 0.22749999999999998 0.9775 0.24937499999999999 0.9991666671875 0.6599999999999999 0.9991666671875 0.714375 0.6108333328125 0.7162499999999999 0.5816666671874999 0.713125 0.5775 0.673125 0.5608333328125 0.384375 0.4658333328125 0.344375 0.4491666671875 0.335 0.45083333281250004 0.33187500000000003 0.45499999999999996 0.33625 0.4841666671875 0.3375 0.5191666671874999 0.328125 0.53 0.318125 0.5349999999999999 0.29625 0.5683333328125 0.29874999999999996 0.5825 0.315625 0.5916666671875 0.35 0.6633333328125001 0.33375 0.6825 0.335625 0.7391666671875 0.33375 0.7575000000000001 0.32875 0.7683333328125 0.240625 0.8891666671875 0.200625 0.9333333328125001 0.2 0.9383333328125 0.20437500000000003 0.9491666671875001 0.22749999999999998 0.9775
8 0.15812500000000002 0.6691666671875 0.148125 0.67 0.07625 0.645 0.068125 0.6316666671875 0.093125 0.5974999999999999 0.09875 0.5825 0.0975 0.5733333328125 0.09 0.5641666671875 0.074375 0.5666666671875 0.049375 0.5766666671875 0.02375 0.5941666671875 0.014374999999999999 0.6041666671875 0.00125 0.6066666671875 0 0.7424999999999999 0.024375 0.7666666671875 0.05 0.7558333328125 0.08125 0.75 0.1275 0.7258333328125001 0.179375 0.6858333328125 0.193125 0.6725 0.2 0.6591666671875 0.19125 0.65 0.18562499999999998 0.65 0.173125 0.655 0.15812500000000002 0.6691666671875
10 0.255625 0.3566666671875 0.13625 0.3525 0.115625 0.3541666671875 0.109375 0.3625 0.10874999999999999 0.3691666671875 0.15 0.5058333328125 0.155 0.5141666671875 0.16625 0.5183333328125 0.27937500000000004 0.525 0.32875 0.5241666671874999 0.340625 0.5183333328125 0.34125 0.5025000000000001 0.32687499999999997 0.3958333328125 0.3225 0.36833333281249997 0.31875 0.3625 0.255625 0.3566666671875
10 0 0.4733333328125 0.008125 0.46666666718750005 0.028749999999999998 0.46666666718750005 0.13187500000000002 0.44166666718750003 0.13187500000000002 0.4325 0.118125 0.3875 0.12437499999999999 0.38 0.206875 0.3625 0.26937500000000003 0.3583333328125 0.255 0.2708333328125 0.24625 0.22999999999999998 0.2425 0.225 0.11750000000000001 0.2308333328125 0.0043749999999999995 0.2408333328125 0 0.2416666671875 0 0.4733333328125
5 0.063125 0.6333333328124999 0.065625 0.6383333328125 0.140625 0.64 0.146875 0.6358333328125 0.15562499999999999 0.6358333328125 0.2 0.64 0.205625 0.6375 0.199375 0.5725 0.195 0.5708333328124999 0.113125 0.5700000000000001 0.0675 0.6258333328125001 0.063125 0.6333333328124999
5 0.38625 0.6075 0.49749999999999994 0.61 0.501875 0.6016666671875 0.503125 0.5741666671875 0.50125 0.5658333328125 0.496875 0.5633333328125001 0.3975 0.5608333328125 0.39125 0.5666666671875 0.3825 0.5958333328125 0.3825 0.6058333328125001 0.38625 0.6075
1 0.5650000000000001 0.8608333328125 0.56375 0.8533333328125 0.536875 0.805 0.53 0.805 0.48312499999999997 0.8391666671875001 0.48250000000000004 0.845 0.504375 0.8983333328124999 0.516875 0.8983333328124999 0.5650000000000001 0.8608333328125
1 0.6575 0.7474999999999999 0.65625 0.74 0.63125 0.6933333328125 0.625 0.6925 0.59375 0.7041666671875 0.5925 0.7108333328125 0.615625 0.7633333328125 0.6212500000000001 0.7641666671875 0.6575 0.7474999999999999
1 0.5193749999999999 0.6733333328125 0.5225 0.67 0.521875 0.6625 0.509375 0.6308333328125 0.4625 0.6458333328125 0.460625 0.6533333328125 0.47062499999999996 0.6816666671875 0.47562499999999996 0.6866666671874999 0.5193749999999999 0.6733333328125
1 0.618125 0.6508333328125 0.6168750000000001 0.64 0.6075 0.6174999999999999 0.565625 0.6183333328125 0.561875 0.6233333328125 0.5625 0.635 0.57125 0.6575 0.61125 0.655 0.618125 0.6508333328125
12 0.5443749999999999 0.5658333328125 0.5493750000000001 0.5741666671875 0.559375 0.5766666671875 0.568125 0.5675 0.571875 0.5358333328125 0.573125 0.49416666718749996 0.566875 0.4725 0.5549999999999999 0.4725 0.553125 0.48333333281249996 0.54625 0.49416666718749996 0.545 0.505 0.5443749999999999 0.5658333328125