4 0.6475794828125 0.20482490625 0.6413956375 0.2108887921875 0.6425722421875 0.21618433750000002 0.6546394 0.2128220171875 0.6627758421875 0.2211111109375 0.642797353125 0.23338639218749999 0.6415705609375 0.23747714062499997 0.6503579625 0.2426251765625 0.6968492171875 0.21763512343750002 0.7075895046875 0.21335999062500002 0.7120708125 0.21734010937499998 0.7324748624999999 0.2084978640625 0.771856015625 0.184896990625 0.7837230109375 0.17152754375 0.7998209671875001 0.16151738124999998 0.803851765625 0.1548695359375 0.8025750796875 0.144570428125 0.7977682921875 0.14216083906250002 0.77446015 0.14855661874999998 0.7675003140625 0.14556306875 0.750125671875 0.1452741265625 0.7132981828125 0.1656970640625 0.704635809375 0.1727475203125 0.6968996921875 0.184472684375 0.6475794828125 0.20482490625
4 0.7321931890625 0.723757353125 0.7459376484375 0.7269322500000001 0.7654403890625 0.7206102249999999 0.7882977312499999 0.7273626281250001 0.814760309375 0.7240341515625001 0.8361907000000001 0.7248701765625001 0.8521383890625 0.7192427390625 0.88624199375 0.700624521875 0.9483754140625 0.6773335046875 0.9538833515625 0.6672157453125 0.9454716140625001 0.6511108906249999 0.91658069375 0.64603964375 0.8907943156250001 0.6296458453125 0.8653583640625 0.618876446875 0.851789121875 0.61851375 0.821395825 0.6334936359375 0.775680853125 0.6437649750000001 0.762386903125 0.6512180421875 0.7327194125000001 0.68464165625 0.723431025 0.702028096875 0.724207015625 0.7110855328125 0.7321931890625 0.723757353125
8 0.456231853125 0.3033252140625 0.4220331578125 0.3183788546875 0.40753765937499997 0.31334145 0.39857504062500004 0.30538121406249996 0.35676583906250003 0.29680621406249996 0.3437222375 0.30488011875 0.3413936875 0.32526010781250003 0.28411167187499997 0.38768773125 0.25860058750000003 0.37910969687499996 0.2031716640625 0.40333443906250005 0.1842447515625 0.4087067734375 0.171501684375 0.40801522031250004 0.025915209374999998 0.3706047671875 0.040501065625 0.579192221875 0.13502069375 0.8135910515625 0.4821133859375 0.7289170890625 0.5117805843750001 0.7192696234375 0.514659728125 0.7145211625 0.515161003125 0.6682105390624999 0.49368448593750003 0.343894734375 0.4941857625 0.297584109375 0.48877819687499996 0.288929284375 0.4833955796875 0.2874693875 0.456231853125 0.3033252140625
8 0.192635309375 0.108526778125 0.20259960625 0.0951942109375 0.24648672343750003 0.10654453125 0.26361101875 0.1062126390625 0.272198259375 0.1013535453125 0.27828202343749997 0.09028609531250001 0.26954480468750003 0.0757517671875 0.24961679218750002 0.0548646109375 0.236820084375 0.0462690625 0.061993193749999995 0.1158582890625 0.072239309375 0.126189575 0.0905399203125 0.15492937499999998 0.1330247421875 0.19133439218749998 0.1934600359375 0.2270786609375 0.21218649687500002 0.235475346875 0.2281591359375 0.23704283906249998 0.23374220625 0.2247337171875 0.2314890765625 0.21914619375000002 0.22152507031250002 0.20870261562499998 0.2014717375 0.1993931140625 0.19663999999999998 0.1897885953125 0.192635309375 0.108526778125
10 0.5066564328125 0.05269842031250001 0.49674261093750005 0.0328685484375 0.48597737656250006 0.029948756250000003 0.47911762031249994 0.0319587703125 0.3601477046875 0.126866390625 0.353888725 0.1351216421875 0.3542641015625 0.14794096875 0.3929676046875 0.2629431140625 0.41357123749999997 0.311660290625 0.42411107187499997 0.3211541765625 0.4400587625 0.315526740625 0.540051290625 0.2591538953125 0.5655626640625 0.2439557828125 0.5698438109375 0.23792877343750002 0.5503419390625 0.17292235625000002 0.5066564328125 0.05269842031250001
10 0.3568590234375 0 0.4165031734375 0.08354020625 0.4255911109375 0.07992278593749999 0.46469696406249994 0.04850615 0.47463602343750005 0.051754801562499994 0.525031596875 0.1267991515625 0.5541972328125 0.18723845625 0.6351877140625 0.138429309375 0.67216546875 0.11362364218750001 0.6756204390625 0.10792548906249999 0.6261564765625 0 0.3568590234375 0
5 0.24716118125 0.22947914218749998 0.2518928375 0.23408009531250001 0.3138310875 0.2022209375 0.31373100625 0.1972173734375 0.2817616515625 0.11555901875 0.208132490625 0.0922713796875 0.1989444734375 0.0908852359375 0.1949888078125 0.09534171875 0.22337816406250002 0.170499734375 0.23001251875 0.1750638125 0.23351738593750002 0.18375551406249999 0.24716118125 0.22947914218749998
5 0.4047577265625 0.39442191875 0.39647102031250003 0.3905155546875 0.364049996875 0.39333382656250004 0.354135884375 0.39728010468749997 0.3539856171875 0.4016628328125 0.3960689546875 0.5131581875 0.4060831484375 0.5142154734375 0.43384764843749996 0.5046048843750001 0.4413583671875 0.4994538125 0.4420844609375 0.49412139218749995 0.4047577265625 0.39442191875
1 0.1744275328125 0.6791942421875 0.181362421875 0.6749928609375 0.21851568124999998 0.6292232484375 0.2157618578125 0.6223940531250001 0.1631125765625 0.589314475 0.157078996875 0.5909956359375 0.1129659015625 0.6337716999999999 0.11797285312500001 0.6461884171875 0.1744275328125 0.6791942421875
1 0.3238389015625 0.726353478125 0.3307737890625 0.7221520984375001 0.36702574062500004 0.678902703125 0.365348440625 0.6723654890625 0.34126460000000003 0.6459276859374999 0.3341544953125 0.6473168640625 0.29136827187500003 0.6910057468749999 0.29279522343750003 0.6969221250000001 0.3238389015625 0.726353478125
1 0.34204175000000003 0.5598805296875 0.3465981890625 0.5616692828125001 0.3537834265625 0.5580887406249999 0.3801711609375 0.533175478125 0.34652392656250003 0.492532203125 0.3383373 0.49362940312500003 0.31425287968750004 0.514743896875 0.311298603125 0.5216837203125 0.34204175000000003 0.5598805296875
1 0.40390341406249997 0.6490934734375 0.41414300624999995 0.6435766703125 0.43269454375 0.6253850078125 0.41509508281249996 0.5841178593749999 0.40863594062499997 0.582365984375 0.39731982499999996 0.587590809375 0.378517940625 0.605161634375 0.39701871093749996 0.6439085625 0.40390341406249997 0.6490934734375
12 0.5411994671875 0.5425682859375 0.56017656875 0.527809659375 0.5554199640624999 0.516013778125 0.543928634375 0.5184264046875 0.5304345234375 0.51587234375 0.5191935390625 0.5189058046875 0.45863234999999997 0.5422914875 0.45237336875 0.5505467390625001 0.453900403125 0.5614666828125 0.4664932046875 0.5665409625 0.49938997656249995 0.557769434375 0.5411994671875 0.5425682859375