0 0.44759699062499997 0.4342394359375 0.4366991890625 0.433517690625 0.3987541671875 0.44210195468749997 0.3738203234375 0.45548747343749996 0.36530420625 0.47395534687499996 0.35123659687500003 0.48628495312500003 0.3419949765625 0.50220788125 0.341364171875 0.5049959187499999 0.34754646718750004 0.50834615 0.3774325625 0.50566459375 0.3918158296875 0.5111115859375001 0.41151384375 0.5093643984375 0.45612991875000003 0.49334285937500005 0.4641099296875 0.4829960015625 0.46448820625 0.4659866859375 0.45797446875 0.4439710265625 0.44759699062499997 0.4342394359375
10 0.47849114375 0.3350780640625 0.4783328 0.28784853125 0.420752896875 0.3017353046875 0.42231489531250005 0.35138823124999996 0.47849114375 0.3350780640625
10 0.5813179234375 0.30238171875000003 0.5826737171875 0.263797390625 0.5250464640625 0.2750176734375 0.5265926796875 0.32378177343750003 0.5367491984375 0.32106974374999997 0.5392881984375 0.3108064296875 0.546795234375 0.312135909375 0.5813179234375 0.30238171875000003
10 0.820154678125 0.30504921875 0.8667578625000001 0.2859965515625 0.8799889750000001 0.226558959375 0.8305626953124999 0.23987600625 0.8185142781250001 0.289293375 0.817394715625 0.302868915625 0.820154678125 0.30504921875
10 0.6429983125 0.2895433234375 0.68633699375 0.2782090296875 0.6890175265625 0.23760395 0.645631496875 0.2462717546875 0.6430924953125 0.256535071875 0.6429983125 0.2895433234375
10 0.760839165625 0.259505934375 0.76810945625 0.2475029640625 0.7730454109375 0.2189768625 0.7445629703125001 0.224081815625 0.7330974953125 0.22970342812500003 0.72961254375 0.2633194125 0.760839165625 0.259505934375
10 0.5393050078125 0.388377725 0.6170874640624999 0.3628450890625 0.61801711875 0.3002623546875 0.615194025 0.29452673125 0.5380108078125 0.315493671875 0.5360236953124999 0.3185248015625 0.5393050078125 0.388377725
4 0.68892334375 0.270612203125 0.7221844234375 0.2664340859375 0.72055980625 0.25156706875 0.7128002437500001 0.23601631250000002 0.7139040234375 0.221551940625 0.70909381875 0.218847446875 0.6982749328125 0.2225698515625 0.6943322734375 0.2304097671875 0.6966192609374999 0.244266409375 0.6892700546875 0.251825228125 0.687346075 0.258411678125 0.6869362328124999 0.2736433328125 0.68892334375 0.270612203125
5 0.5456766984375 0.402393915625 0.54017255625 0.3989221375 0.491045640625 0.39078571875 0.4795328171875 0.3937408359375 0.46811469062500005 0.4020289375 0.4674838859375 0.40481697343749995 0.4716159375 0.407643015625 0.4900839078125 0.4132495578125 0.5228246640624999 0.41808128437500003 0.5457398312499999 0.40594923437499997 0.5456766984375 0.402393915625
12 0.142412715625 0.526387765625 0.14518846093749999 0.5294568984375 0.157347871875 0.524602571875 0.1563698421875 0.5078363515625 0.1490359078125 0.47794276875 0.1420807609375 0.46938110625 0.134006053125 0.47439498437500005 0.13291805625 0.48974818437499995 0.142412715625 0.526387765625
3 0.2829488015625 0.548457171875 0.28966720156250003 0.5436863859375001 0.28758539375000003 0.541384534375 0.28808993437499997 0.5314858625000001 0.314474784375 0.523190228125 0.3081504421875 0.511840528125 0.300028384375 0.514187915625 0.29406705 0.5232813046875 0.28853134375 0.5180318671874999 0.28176559375 0.5201361609374999 0.27779137187499997 0.5261984203125001 0.276624459375 0.537107471875 0.2829488015625 0.548457171875
3 0.309901321875 0.53381818125 0.30248898281250003 0.537821684375 0.3106583921875 0.5381407874999999 0.3139071109375 0.5295335828125001 0.312471890625 0.5253325265625 0.309901321875 0.53381818125
1 0.30520108437500004 0.49899426562500004 0.30920687187499996 0.494709665625 0.3117458734375 0.4844463515625 0.2968422828125 0.48800920468750003 0.292158340625 0.4924153484375 0.29029749374999997 0.5025571171875 0.30520108437500004 0.49899426562500004
8 0.40846825000000003 0.3761614578125 0.44970933906250005 0.36163648125000003 0.43472683281249996 0.360755184375 0.429096428125 0.3501727671875 0.28354598593749997 0.39052654531250003 0.2824737734375 0.40676857499999997 0.40846825000000003 0.3761614578125