8 0.5416073328125 0.2571493375 0.5544390578125 0.2640347828125 0.5721278078124999 0.3007564859375 0.5845005640625 0.3342281375 0.5747386125 0.355126746875 0.5727676359375 0.369274203125 0.586927640625 0.4047980578125 0.5911437578125 0.407855446875 0.5853234046875 0.4143720875 0.5741413093750001 0.41473211875000005 0.56598395 0.4121437515625 0.557231084375 0.39959601718750004 0.5421996140625 0.392325234375 0.5329881375000001 0.3924507578125 0.5181854328125 0.39971277031249997 0.55489156875 0.48788163906250004 0.61932615 0.48409642656249996 0.6602051609374999 0.47502548906250003 0.6717540015625 0.47009203125 0.6732206171875 0.46571127343749996 0.6069115875 0.29467578906249997 0.4857944578125 0.028242493749999997 0.4819908359375 0.023518240625 0.4734667359375 0.025503296874999998 0.45284296093750004 0.0671078515625 0.460037346875 0.092136175 0.456508246875 0.1048512734375 0.44477603437499996 0.11207144375 0.43483142812500003 0.107430871875 0.42717807656250006 0.10898875156250001 0.4388173453125 0.15160725625 0.436067484375 0.158082059375 0.4377171140625 0.165327534375 0.4417041078125 0.1677650765625 0.46416016562499995 0.1589451828125 0.47410476875 0.16358575625 0.4971091484375 0.2174704625 0.49742978125 0.223903425 0.46328654687500004 0.2706759453125 0.4693353078125 0.292605040625 0.477171675 0.3026733953125 0.488583253125 0.2890202609375 0.5152557875 0.26934480625 0.5416073328125 0.2571493375
0 0.5510021796875 0.2547371015625 0.538536840625 0.257191178125 0.5152557875 0.26934480625 0.48308353437499996 0.3019698671875 0.47781293593749996 0.31553931875 0.48074545312500006 0.3346037 0.4951803359375 0.373653959375 0.5032458281250001 0.38434215625 0.547653221875 0.39038201875 0.5650674515625 0.4096643703125 0.5833527859375 0.41460659843750003 0.5891731375 0.4080899546875 0.5864697484375 0.38964541874999997 0.575838128125 0.36923236406250004 0.5763882421875001 0.36237222343750003 0.585554325 0.34542719375000003 0.5872504234375 0.3277533328125 0.5614050374999999 0.26061736562500004 0.5510021796875 0.2547371015625
8 0.51694543125 0.5021040078125 0.44481138124999997 0.5184534937499999 0.477576275 0.6070913828125 0.5064935921875 0.61853371875 0.5216169265625 0.6177046703125 0.526978671875 0.6238612828125001 0.550809121875 0.6326734093749999 0.5564461015625 0.628443478125 0.565428453125 0.6276981125 0.5701943296875001 0.6378083046875 0.62752495625 0.6565467296875 0.6327951921875 0.6568902249999999 0.6414111609375001 0.646805334375 0.599022290625 0.5599598375 0.5907280328125 0.53473884375 0.5928362703125 0.5293110640625 0.5802343875 0.49521956874999995 0.5626821828125 0.49504343593750005 0.51694543125 0.5021040078125
12 0.536097925 0.645748540625 0.54145966875 0.6519051515625 0.558462115625 0.645028478125 0.5964086140625 0.6168931609375 0.5992042265624999 0.613324915625 0.5944383531249999 0.6032147203125 0.5909096093749999 0.602016871875 0.581331390625 0.6067158203125 0.5472803796875 0.631475559375 0.536097925 0.645748540625
5 0.427631659375 0.2910967671875 0.435834771875 0.2965916921875 0.44018850781249996 0.2944558078125 0.44394673281249997 0.2823605546875 0.459988721875 0.20053320000000002 0.45742259531249996 0.19080834062500002 0.4360671265625 0.1719950078125 0.4257547 0.2136667046875 0.4164041703125 0.2746372921875 0.427631659375 0.2910967671875
10 0.32497785625 0.2360132046875 0.387121546875 0.2121165875 0.411960721875 0.2013953203125 0.41278571406250003 0.19806158437500002 0.3675558390625 0.097964821875 0.3640270953125 0.096766971875 0.2983546640625 0.11946573906249999 0.266458003125 0.127791309375 0.3129250125 0.23680041406250002 0.32497785625 0.2360132046875
10 0.290653403125 0.20159474843749997 0.2871246609375 0.20039689843750003 0.269480590625 0.20832059531249997 0.231259575 0.21901656093750002 0.2554092203125 0.28991344375 0.2617793296875 0.2904496078125 0.292530365625 0.2790248109375 0.31516979218749996 0.26791820624999996 0.290653403125 0.20159474843749997
10 0.175765178125 0.08002036875 0.1957905703125 0.139760034375 0.2058727953125 0.1392073359375 0.25523015625 0.12524478125 0.2347922625 0.06717198437500001 0.23103439531249997 0.0653542890625 0.2030332234375 0.0703042796875 0.175765178125 0.08002036875
10 0.33647843125 0.32556382500000003 0.28125496562499996 0.3431364640625 0.3024259875 0.40597535625000003 0.30508398125 0.4076003828125 0.331252153125 0.397691628125 0.3597576890625 0.3829749359375 0.33647843125 0.32556382500000003
4 0.15094723906250002 0.074987821875 0.156883975 0.079031721875 0.1665537015625 0.0801458921875 0.20349147343750001 0.071543971875 0.2165526828125 0.065136315625 0.212833015625 0.044627473437499995 0.15094723906250002 0.074987821875
4 0.27333426875 0.0489960328125 0.26719364375 0.035166765625 0.2526661765625 0.032042235937500003 0.250283059375 0.0339436125 0.25963143906249997 0.0564507125 0.27333426875 0.0489960328125
1 0.5738649953125 0.4668575078125 0.567678615625 0.4501216828125 0.5488431671875 0.4520395953125 0.5543879234375 0.46982244375000004 0.56758639375 0.47213446093749994 0.5730400015625 0.47019124218749997 0.5738649953125 0.4668575078125