4 0.18536011875 0.22379620781249998 0.18980584375 0.229428225 0.21440050312499997 0.2862139796875 0.218696421875 0.290893471875 0.223662065625 0.290777078125 0.2146428640625 0.2470107609375 0.21922959375 0.2354307984375 0.2233360546875 0.23437850781249997 0.22228741406250002 0.227710825 0.1988515453125 0.173766021875 0.1908192828125 0.163437884375 0.1873032453125 0.150135775 0.17815183750000002 0.1417459453125 0.172476815625 0.14187896718749998 0.1702385296875 0.145755584375 0.1730848390625 0.1638535765625 0.16499087343750002 0.1802959375 0.1661893203125 0.18791614375000001 0.17467100156249998 0.20110186093750002 0.179125525 0.22489838281250002 0.18536011875 0.22379620781249998
4 0.7389081984375 0.30738090156250003 0.738405878125 0.34945832499999996 0.7456582625 0.36840907968750003 0.76277143125 0.3957330390625 0.77177303125 0.4031703390625 0.7758486421875 0.415503296875 0.7964602484375 0.41980035000000004 0.8150142234375 0.41554129843750004 0.8185919625 0.402072909375 0.8173142109375 0.3848941859375 0.8291357250000001 0.3559359671875 0.8298759515624999 0.34253409375 0.82482220625 0.3149274640625 0.8296688937500001 0.300473296875 0.819680353125 0.25959781406250004 0.8153271828124999 0.2138100546875 0.8067265484374999 0.1862865640625 0.7967556078125 0.18174009375 0.781748521875 0.1859160078125 0.777910821875 0.2022586 0.77044693125 0.20912581718749998 0.753871284375 0.21238245937500003 0.726412609375 0.2550917359375 0.735013246875 0.28261522499999997 0.7389081984375 0.30738090156250003
10 0.1601705859375 0.2492436234375 0.02727330625 0.259488175 0.042351609375 0.40294865 0.21049665156250003 0.3972058328125 0.1601705859375 0.2492436234375
10 0.31937940781249996 0.5734326453125 0.31290690468750004 0.545859271875 0.28410887812499996 0.444238284375 0.2726310796875 0.41200204687499997 0.2658677640625 0.400688128125 0.085756328125 0.3963055796875 0.0453217984375 0.39725335781250004 0.041883578125 0.3984956296875 0.04757148125 0.45261241406249997 0.0724411078125 0.5017818093749999 0.099802778125 0.5671070421875 0.10712566406249999 0.57745180625 0.12008391874999999 0.5828842921875 0.18732499687499998 0.5803521328125 0.244564284375 0.5866587515624999 0.3038920515625 0.5881362296875 0.31240458437499996 0.5879366953125 0.31829991562500004 0.580150209375 0.31937940781249996 0.5734326453125
8 0.7679076234375 1 0.7610044140625 0.6787615484375 0.75859871875 0.6453566281249999 0.75254478125 0.63402608125 0.601460578125 0.587853525 0.5591578765625 0.58597698125 0.5402954890625 0.570166478125 0.507355703125 0.5508617953125 0.49697499531249995 0.548237003125 0.48868277187500003 0.5407830734375 0.3594879234375 0.5160862953125 0.3125500390625 0.5028459515625 0.302358790625 0.50595294375 0.2990013609375 0.5117678671875 0.3071129265625 0.5316545203125 0.3141846546875 0.563037996875 0.3164317421875 0.5773258875 0.3125147390625 0.584109965625 0.266105575 0.5832857140625001 0.25068872343750004 0.5893833078124999 0.25672060937499996 0.63226360625 0.262214975 0.6445633078124999 0.2907486890625 0.66301523125 0.30882239375 0.669283846875 0.3232787109375 0.68424159375 0.336840540625 0.7795274546875001 0.35147306093749997 0.8499312437500001 0.3441677765625 0.8759154921875 0.28888031718749996 0.96803498125 0.279557053125 0.9902423796875001 0.2769112875 1 0.7679076234375 1
8 0.14796541093749999 0.7963831484375 0.178640509375 0.76507093125 0.18520556562499998 0.75248855625 0.18336824375 0.7362789875 0.1739172234375 0.72598410625 0.1502477984375 0.729407028125 0.11731681249999999 0.72826685 0.08861995781250001 0.733676878125 0.0999862875 0.805948578125 0.111227575 0.7982003171875001 0.14796541093749999 0.7963831484375
8 0.0679737015625 0.6023996546875 0.07524338593749999 0.6486232328125 0.0887875484375 0.6419361593749999 0.126604875 0.6334014265625 0.14691686875 0.6357934296875001 0.1484766296875 0.6185481937499999 0.15306335937499999 0.6069682328125 0.16840090937500002 0.5913121218749999 0.1575707859375 0.5858297546875 0.1352804625 0.5844401609375 0.111650690625 0.592642340625 0.079318928125 0.59531226875 0.069577096875 0.601276840625 0.0679737015625 0.6023996546875
5 0.1060152078125 0.7247076078125 0.11399023281250001 0.7206965249999999 0.137399696875 0.720147809375 0.1800020125 0.723929403125 0.1819803390625 0.722926996875 0.177376009375 0.69817794375 0.163461665625 0.6459220343750001 0.1608841140625 0.6431143390625 0.138034221875 0.6426939 0.074544915625 0.64418208125 0.0872784140625 0.7251467953125 0.1060152078125 0.7247076078125
5 0.4650992515625 0.678049228125 0.5101446609375 0.68177355625 0.5139118578125 0.6740369546875 0.5133743374999999 0.643456353125 0.5110170953125001 0.6329951953124999 0.5023151046875001 0.62746294375 0.39064319375 0.62816844375 0.3834789125 0.6369407109375 0.3802492359375 0.6752579125 0.3869728984375 0.6817925734375 0.3957850421875 0.68349809375 0.4650992515625 0.678049228125
1 0.6087722453125 1 0.636594353125 0.9742251734374999 0.6328183562499999 0.9637972703125 0.5977724859375 0.91299271875 0.5920578125 0.9083464812500001 0.5865325968749999 0.9094320281250001 0.540590453125 0.94779436875 0.5383521640625 0.951670984375 0.5401101828125 0.9583220375 0.5639001718750001 1 0.6087722453125 1
1 0.68133815 0.774320590625 0.66998810625 0.7745866328125001 0.6407229625 0.7877010906249999 0.6423708265625 0.798178878125 0.6787649499999999 0.8575561671875 0.720609434375 0.8384106265625 0.7191113765625 0.8288853640625 0.68133815 0.774320590625
1 0.49536223437500004 0.764339278125 0.5012267140625 0.769938040625 0.5393040015625 0.7585291015625 0.551173965625 0.752514646875 0.55255306875 0.7477021328125 0.5299058828125001 0.7032992171875 0.478429721875 0.7245826 0.479777975 0.7331553328125 0.49536223437500004 0.764339278125
1 0.6404498515625 0.6863675203125 0.5899738812499999 0.6913748203125001 0.5887445812500001 0.697139859375 0.5915115921874999 0.7056793375 0.6049280640625 0.7321339078125 0.6089243703125 0.7349083484375 0.6535755156249999 0.7290815421875 0.6586513140625 0.7251384171875 0.656144265625 0.7137247328125 0.6404498515625 0.6863675203125
12 0.5696751375 0.6392685593749999 0.5828537015624999 0.6370475796874999 0.588000003125 0.6244984625 0.583347221875 0.5768056500000001 0.5785534328125 0.546324815625 0.5665557140625 0.5198369921875 0.5577435703125 0.5181314734375 0.5532273453125 0.5211054468749999 0.5543156359375 0.5325523859375 0.5484599578125 0.5451181265625 0.5497377078125 0.5622968515625 0.5591049734375 0.630911984375 0.5696751375 0.6392685593749999
10 0.8419266734375 0.170164878125 0.8392565671875 0.20751292812500002 0.8403052093750001 0.214180609375 0.8539331921875 0.2148172078125 0.861256078125 0.22516197343750002 0.9035191296875 0.2222592578125 0.905907221875 0.21933516718749999 0.898844296875 0.2061161984375 0.902523390625 0.17065657343750001 0.8419266734375 0.170164878125