4 0.2504579890625 0.2133419484375 0.267334875 0.2178133671875 0.271765165625 0.225860809375 0.2769012609375 0.2426529640625 0.2610109671875 0.260266825 0.2595955390625 0.2673841140625 0.2757172734375 0.27729186562499997 0.3145711765625 0.23108441875 0.317965528125 0.231227625 0.3221150296875 0.22593449843750002 0.31886298750000003 0.2201582203125 0.30519070937500004 0.22334076875000003 0.2861451578125 0.2191196171875 0.28350786875 0.20123672187500002 0.293036384375 0.16643723125 0.2916703046875 0.1593734734375 0.279885903125 0.1489651890625 0.2730497640625 0.15055646250000002 0.2673444390625 0.15629659375 0.2596089296875 0.181260628125 0.250414378125 0.19061293125 0.247583521875 0.20484750312500002 0.2504579890625 0.2133419484375
8 0.37655548125 0.2964128828125 0.376132384375 0.288705384375 0.37170209062500004 0.2806579421875 0.3601529578125 0.273164559375 0.3561476765625 0.2605212609375 0.3600619109375 0.25231322968750003 0.352802675 0.24619700781249998 0.303445140625 0.23129853437499998 0.30014374843749997 0.2397033 0.350057125 0.318192978125 0.40708360312499997 0.4330386578125 0.47976128124999995 0.551962284375 0.4823056109375 0.5612972078125 0.46584608593750004 0.6014433515625 0.47626440625 0.6047878796874999 0.49394961562499995 0.5650352062499999 0.49866452499999997 0.5618165078125 0.5690997062500001 0.5494088734375 0.5844701140625 0.540146253125 0.6120973734375 0.534818365625 0.6277030484375 0.5284706453125 0.6067279250000001 0.5028079515625 0.48026050937500003 0.373241765625 0.47295383593749996 0.3690032328125 0.457535990625 0.38014354687499996 0.43754745625 0.3765661328125 0.4213346765625 0.34580705 0.4112464953125 0.3416220484375 0.400499946875 0.3268146421875 0.37263933437499996 0.3169242671875 0.3688693203125 0.30719587187499997 0.3702373140625 0.301956275 0.37655548125 0.2964128828125
10 0.4350563015625 0.3284434546875 0.47309614531250005 0.3633701609375 0.47757578437500003 0.3572365609375 0.5088441375 0.281146653125 0.4625527296875 0.254928509375 0.4350563015625 0.3284434546875
10 0.6564025921875001 0.297283246875 0.6462195390625001 0.2968536234375 0.6350896781250001 0.3216744484375 0.6334845046875001 0.3363025 0.64376051875 0.345280096875 0.6694998984375 0.353543046875 0.6747802140625 0.3523987734375 0.6874184624999999 0.3290086359375 0.6914750046875 0.315167534375 0.6564025921875001 0.297283246875
10 0.3823216328125 0.202671578125 0.3757226765625 0.1948744015625 0.3668127421875 0.1929605609375 0.359549678125 0.21145105000000003 0.3567643453125 0.2361112875 0.3617600421875 0.24623315781250002 0.3691141515625 0.24859399999999998 0.3823216328125 0.202671578125
10 0.4222019140625 0.22588514062499998 0.42102366562500004 0.223613975 0.4147529328125 0.227279678125 0.3941875171875 0.2954479671875 0.40055120781250003 0.300330240625 0.4055488203125 0.29814875625 0.4192742734375 0.25617845 0.4222019140625 0.22588514062499998
10 0.539770875 0.27971735625 0.5462768734375001 0.2789665578125 0.5577843109375 0.2514275640625 0.5370425390625 0.24098312968750002 0.5323276328125 0.2442018296875 0.5224234546875001 0.2694161296875 0.539770875 0.27971735625
10 0.48235343124999996 0.2537133296875 0.4954641265625 0.22384964062499998 0.47929495624999996 0.21581957968749998 0.46679710312499995 0.245880003125 0.48235343124999996 0.2537133296875
10 0.446518215625 0.2904787953125 0.43897053750000004 0.320235425 0.4484914 0.33464935625000003 0.4754545546875 0.35560913437499997 0.4832355875 0.34107076406250003 0.5060626296875 0.281200184375 0.46349571093749997 0.2542847703125 0.45972378437500006 0.25685972968750004 0.446518215625 0.2904787953125
0 0.7778230484375 0.44321196562500004 0.783198234375 0.4383123125 0.787442609375 0.42926380625 0.7863592328125 0.4232372625 0.7748575343749999 0.413866190625 0.7479873390625 0.40145438593750005 0.728091765625 0.4064249484375 0.7186145125000001 0.4147400375 0.7166811156249999 0.4179052078125 0.7188953046875 0.4280806046875 0.740297353125 0.43684408750000003 0.7778230484375 0.44321196562500004
8 0.6300101984375 0.5471940203125001 0.6665871734375 0.5911157031250001 0.69802805625 0.6182452328125 0.769062690625 0.6921578234375 0.79032243125 0.706554375 0.8080493375 0.7018340796875 0.859630625 0.665391175 0.8749080749999999 0.6475805765625 0.8872636203125 0.623153225 0.8932990875 0.61657261875 0.9022090203124999 0.618486459375 0.9151242328125001 0.6330435984375 0.9213000921875001 0.6331332781250001 0.954962221875 0.5913585484375 0.956553309375 0.58730791875 0.8606895203124999 0.5256551484374999 0.8545610953124999 0.52368778125 0.8482903625 0.52735348125 0.839097728125 0.5244024296875 0.8390522031250001 0.5139767640625 0.80770428125 0.495395209375 0.7918159015625 0.500705715625 0.7617847078125 0.5033689609375 0.6673993265625 0.5222849046875 0.633123759375 0.5339966578124999 0.6289268234375001 0.5411674750000001 0.6300101984375 0.5471940203125001
12 0.8813934187499999 0.47646049843749994 0.8752649953124999 0.4744931296875 0.86074269375 0.48686739375 0.8391925984374999 0.520647046875 0.84734738125 0.527997221875 0.8536181140625001 0.5243315187500001 0.8770067359375 0.49114207656250003 0.8813934187499999 0.47646049843749994