9 0.2462424 0.422358409375 0.39671024374999997 0.3950591875 0.3983898140625 0.390744303125 0.3858263921875 0.3768342390625 0.3891467484375 0.367374178125 0.4807532046875 0.35521408125 0.49546954843749996 0.348094525 0.530363553125 0.34338303125 0.5489044125 0.33759716875 0.5558553796875 0.32531936093749997 0.5731860359375001 0.3204727484375 0.58067994375 0.3198189796875 0.58977186875 0.32652885 0.5893412859375 0.3307347734375 0.5983168671875 0.334953775 0.5982740984375 0.3474625859375 0.60166803125 0.35300220625 0.688550021875 0.34708997343750003 0.7525236921875 0.3340058703125 0.7676706203125 0.32268038906249996 0.7974135609374999 0.3150835875 0.8114278484374999 0.306357934375 0.8166992437499999 0.29839500937499996 0.918375140625 0.28702379843750003 0.9472609000000001 0.2744997453125 0.9796957171875 0.2708364640625 0.9770585687500001 0.21437683125 0.9092603796875001 0.22612724218750002 0.8840440140625001 0.2366638359375 0.878229675 0.23300271718749999 0.8625785859375 0.23353444531249998 0.268511365625 0.348719875 0.10672509687500001 0.375339171875 0.0914230421875 0.38334349687499997 0.099265984375 0.3901623265625 0.1963605796875 0.42837743906250003 0.2462424 0.422358409375
11 0.4948867375 0.46986148281249995 0.489251446875 0.38948691874999997 0.48730040781249995 0.387989784375 0.4578717078125 0.38888979687499997 0.3876531140625 0.40251870624999997 0.3840612859375 0.40616674531249997 0.3873577203125 0.4767412859375 0.39071287187500003 0.481450615625 0.4948867375 0.46986148281249995
11 0.8922160546875 0.31765076406250004 0.887414025 0.32223805156249996 0.900271753125 0.3961468265625 0.9044840859375001 0.40578340625 0.98305376875 0.3964279796875 0.98551295625 0.39537976874999997 0.98124698125 0.3040480109375 0.9052140484375 0.31401580625 0.8922160546875 0.31765076406250004
11 0.6117762531250001 0.35462138125 0.603696634375 0.35615991875 0.6013925734375001 0.360529284375 0.6074584484375001 0.436697921875 0.60905646875 0.44406155937499997 0.611632 0.4455042140625 0.679740440625 0.4403961140625 0.6856751109375 0.43320899687500003 0.6950544546875 0.3923744890625 0.695023646875 0.3648660015625 0.6903807296875 0.3594353421875 0.639564165625 0.3588665421875 0.6117762531250001 0.35462138125
11 0.93623968125 0.45470071718750005 0.9386600875 0.4528222171875 0.9353129109375 0.42143468906250003 0.9272760609375 0.4104644140625 0.8779411703125 0.414768384375 0.8738411953125 0.42096176874999996 0.87519855 0.450021875 0.879449665625 0.4604887421875 0.93623968125 0.45470071718750005
11 0.6937775625 0.4858571484375 0.6957673843750001 0.4881845734375 0.735110396875 0.48475229375 0.751230853125 0.48084493124999994 0.7548226796875 0.47719689218749994 0.7561144328125 0.46457912031250004 0.7473019515625 0.43700307031249996 0.7097936328125 0.4394416203125 0.70054259375 0.442749696875 0.6934365031249999 0.45170635 0.6937775625 0.4858571484375
11 0.5230157125 0.5082574421875 0.52247675625 0.48329430156250003 0.520486934375 0.48096687656250003 0.4855153671875 0.4840177921875 0.47450719531249996 0.489980175 0.476101228125 0.5106829125 0.47879310625000004 0.5146164328125 0.5075973125 0.5137709015625 0.5230157125 0.5082574421875
6 0.895222171875 0.3148874953125 0.9100160796875001 0.30942851562499996 0.921416053125 0.2984299203125 0.9236037687499999 0.2915696875 0.9141200390625001 0.2898960296875 0.8460116 0.29500413124999997 0.83687690625 0.3008030734375 0.834999440625 0.3143056140625 0.8427260375 0.3186335796875 0.895222171875 0.3148874953125
6 0.3899223796875 0.383979953125 0.39698570312500003 0.387532109375 0.47176964843749997 0.37767327812499996 0.47169607343750003 0.36267360000000004 0.469004196875 0.358740078125 0.3861018484375 0.369307159375 0.3899223796875 0.383979953125
6 0.5988637953125 0.33323871875 0.601210625 0.3163605421875 0.599143240625 0.3123725390625 0.56943908125 0.32079963125 0.5674760812499999 0.35931979531249997 0.569268009375 0.37083487656249997 0.577502753125 0.37261749375000003 0.5921803156250001 0.3646676484375 0.5988637953125 0.33323871875
12 0.38858314374999997 0.033120871875 0.3786688296875 0.035653140625 0.37636476874999997 0.04002250625 0.376830146875 0.0499859703125 0.38193844375 0.0653800921875 0.37908745312500003 0.0714645140625 0.3633935953125 0.084505053125 0.35234664375 0.08963714843750001 0.340481290625 0.09067228125 0.3217505078125 0.0789675984375 0.3092606625 0.0800572125 0.302193353125 0.08984415625 0.285176934375 0.0879939796875 0.25731544687499996 0.06874914062500001 0.2582193828125 0.047828479687499995 0.2507294625 0.035143146874999996 0.241870225 0.033415009375 0.2333600234375 0.0391594703125 0.23085806718750002 0.0527164953125 0.23393776093750002 0.064952903125 0.255631890625 0.086403125 0.2391692875 0.1903809765625 0.236318296875 0.1964654015625 0.23756329531249998 0.209695540625 0.24314095781249997 0.2217140265625 0.226822609375 0.23480904531250002 0.2320084671875 0.25186374218749996 0.2399289734375 0.2603431515625 0.2391841484375 0.27124586562499997 0.22485562187500002 0.286668309375 0.22348231875 0.310964603125 0.215751734375 0.3199757390625 0.21453754531250002 0.3342540890625 0.222811071875 0.3368669953125 0.252282540625 0.3234581734375 0.293109221875 0.31822911249999997 0.3733137125 0.3237371625 0.3774136859375 0.317543778125 0.38030744375 0.29895054062500004 0.39143594843749996 0.2821399234375 0.3973358234375 0.2607834203125 0.3940314140625 0.216887078125 0.383810834375 0.1994379375 0.37862497500000003 0.1823832390625 0.36582487656249996 0.1768305421875 0.3374124703125 0.1726398609375 0.3340961015625 0.16876082187500002 0.3336695046875 0.1596276453125 0.336993846875 0.13682848593750002 0.34039176718749997 0.129029003125 0.3414120484375 0.11059920937500001 0.3455508046875 0.1052361140625 0.37865288124999996 0.0890095390625 0.3900916375 0.0788412328125 0.399932375 0.0613092859375 0.39759750625 0.0381701640625 0.38858314374999997 0.033120871875
12 0.6985265468749999 0 0.697345828125 0.0386976578125 0.693082753125 0.06824808906249999 0.6742624484374999 0.09490013124999999 0.6706706203125 0.09854816875 0.6638012046874999 0.0991474546875 0.6401520484375001 0.089539196875 0.636758115625 0.0839995796875 0.6382089828125 0.0613638625 0.633643628125 0.057593784375 0.6248231734374999 0.056695934375 0.6163905328125 0.0641009734375 0.61747641875 0.08734905625 0.6248112124999999 0.096713234375 0.6446746328125 0.10581808749999999 0.6678584109375 0.10546288125 0.6752319875 0.115657346875 0.675658584375 0.12479052500000001 0.6577382296875001 0.14386100625 0.649926096875 0.16455066406250002 0.6359466031250001 0.1874457046875 0.6326570546875 0.2244142515625 0.6353449453125 0.2416868734375 0.6591532156250001 0.2412771875 0.6700878109375 0.2203151265625 0.6756306765625 0.218164221875 0.6815225796875 0.22348591875 0.692130975 0.24923794687499998 0.7000514796874999 0.2577173546875 0.708910715625 0.25944549375000003 0.7712823796875 0.2523368515625 0.8445070906250001 0.235944671875 0.8422845796875 0.228635515625 0.8209046890625 0.20048850156250003 0.8177474328125 0.1865915171875 0.8095942390624999 0.17313037656250002 0.8041756890625 0.1510939453125 0.7843898312500001 0.14364966875000001 0.786538765625 0.1359591484375 0.7840447828125 0.12283797187500001 0.758052784375 0.1167687921875 0.7261648968750001 0.11871701406249999 0.7222628171875 0.11572274375 0.7219137828125 0.10825014531249999 0.7155525140625 0.10630408437500001 0.710129978125 0.09760675468749999 0.717274853125 0.08948038750000001 0.7302340640625 0.085015140625 0.7574054578125 0.0626365828125 0.767478884375 0.050086370312499996 0.7800154859374999 0.023148846875 0.780097034375 0.0114703234375 0.7774051578125001 0.007536803125 0.7636275453125 0.007905087500000001 0.7593724453124999 0.01077731875 0.7553888140625 0.019461570312500003 0.7556950812500001 0.039442981249999995 0.7510869578125 0.0481817125 0.717472746875 0.0802927328125 0.7080665796875001 0.08027965312499999 0.7033461 0.07318841875 0.7119458265625 0.0290872359375 0.7153636828125001 0 0.6985265468749999 0
12 0 0.3806657296875 0.0070430078125 0.3756987046875 0.0303898859375 0.3519864546875 0.09018601875 0.343435159375 0.11611241406249999 0.3078264625 0.12173284531249999 0.30733613593750003 0.14491263593749998 0.32032003124999997 0.1775025796875 0.31997790312499996 0.19482925 0.328470390625 0.2003333359375 0.3254891984375 0.201857778125 0.31785315937499997 0.2127496046875 0.309399909375 0.214937321875 0.3025396765625 0.211702503125 0.2869821140625 0.1864633 0.24333201718750003 0.1777631765625 0.23158593593750001 0.1550139703125 0.21439611875 0.1516200375 0.2088565 0.151309784375 0.20221419062499998 0.1577953703125 0.1799729171875 0.1625974 0.175385628125 0.21532622343750002 0.176621275 0.22735069062500002 0.16556819843749998 0.22669140312499997 0.1514532890625 0.21506272499999998 0.14413105625 0.2076463828125 0.14644539843749999 0.20487295468750003 0.1541904015625 0.20912406875 0.1646572703125 0.2031506171875 0.17101409843749998 0.1658789765625 0.165095278125 0.1593238 0.158997778125 0.149219565625 0.14403950000000001 0.1487154046875 0.133245746875 0.15274977812499999 0.085374484375 0.1615354375 0.0721029453125 0.1565434859375 0.059199690625 0.1493638171875 0.05315666718749999 0.1424168390625 0.052095375 0.1358188953125 0.058506685937500004 0.131710946875 0.0913782703125 0.13107449375 0.13145005 0.12884799687499998 0.13747999375 0.118270409375 0.139236453125 0.0993845015625 0.12421061874999999 0.08201904843749999 0.11488784062499999 0.0670352203125 0.1028562765625 0.0563840578125 0.089613059375 0.055724770312500005 0.075498153125 0.05838185312500001 0.06526228437500001 0.054247084375 0.0572862796875 0.0444918828125 0.049800603124999995 0.0321571640625 0.05421137031249999 0.0307062984375 0.0768470875 0.032967589062500004 0.084986534375 0.0417064953125 0.0975629046875 0.09586625 0.1428583328125 0.12103586250000001 0.158169653125 0.1236461890625 0.1737816953125 0.1270789046875 0.1801516015625 0.1286729359375 0.20085433749999998 0.12445661562500002 0.204556859375 0.088391190625 0.21103788906249998 0.0590360671875 0.2269375796875 0.050289189062499996 0.24103940937499999 0.047787232812500004 0.25459643125000003 0.0315076640625 0.2685217390625 0.0238934265625 0.280023740625 0.0232997421875 0.307586709375 0.0192733421875 0.32877977187499996 0.009002021875 0.350517640625 0 0.360536175 0 0.3806657296875
10 0.6383271421875001 0.3189582046875 0.6353637937500001 0.3092126625 0.6265433375 0.308314815625 0.6210392515625001 0.31129600625 0.6195923718749999 0.32059262187500004 0.635747621875 0.33085465 0.6342659484375 0.325981878125 0.6383271421875001 0.3189582046875
9 0.2847082984375 0.48069437812500004 0.288808271875 0.47450099218749997 0.2883041109375 0.4637072390625 0.27917340468749996 0.45616708125 0.24666500937500002 0.4448306859375 0.235660825 0.43745397031250005 0.208342278125 0.42983317187500003 0.1595155359375 0.431591796875 0.139803253125 0.43914719843750005 0.1320338890625 0.44732804374999996 0.1121664796875 0.451562290625 0.1104481296875 0.4550468859375 0.113101225 0.45815012031249996 0.194979303125 0.4793519328125 0.22827130156250003 0.480615903125 0.2486040890625 0.486345121875 0.2754960390625 0.4848327421875 0.2847082984375 0.48069437812500004