9 0.47625 0.9991666671875 0.5118750000000001 0.885 0.520625 0.8675 0.53 0.8691666671875 0.535625 0.8625 0.5443749999999999 0.8391666671875001 0.548125 0.8033333328125 0.556875 0.7783333328125 0.5700000000000001 0.7733333328125 0.57875 0.7474999999999999 0.5856250000000001 0.6991666671875 0.593125 0.605 0.588125 0.5941666671875 0.58125 0.5900000000000001 0.5037499999999999 0.5675 0.4725 0.5633333328125001 0.460625 0.5549999999999999 0.441875 0.5483333328125 0.40750000000000003 0.54 0.3775 0.5366666671875 0.36625 0.5308333328125 0.32375 0.5341666671875 0.303125 0.5616666671874999 0.26437499999999997 0.5708333328124999 0.27875 0.5875 0.28125 0.6475 0.284375 0.6633333328125001 0.28312499999999996 0.7108333328125 0.27875 0.7291666671875 0.27 0.7391666671875 0.26625 0.7483333328125 0.215 0.8099999999999999 0.18875 0.8375 0.175625 0.8441666671875 0.170625 0.8550000000000001 0.17124999999999999 0.865 0.18125 0.8775000000000001 0.33187500000000003 0.9991666671875 0.47625 0.9991666671875
8 0.166875 0.7075 0.16312500000000002 0.72 0.143125 0.7233333328125 0.144375 0.7366666671875 0.103125 0.7608333328125 0.103125 0.7741666671874999 0.118125 0.7883333328125001 0.135 0.7966666671875 0.146875 0.7866666671875 0.1775 0.8125 0.17124999999999999 0.8266666671875 0.17124999999999999 0.8324999999999999 0.18062499999999998 0.8383333328125 0.190625 0.835 0.29500000000000004 0.7224999999999999 0.29375 0.5991666671875 0.23625 0.5758333328125 0.19624999999999998 0.5616666671874999 0.191875 0.5625 0.19437500000000002 0.6666666671875 0.15625 0.6975 0.15687500000000001 0.7008333328125 0.166875 0.7075
6 0.19375 0.6525000000000001 0.19624999999999998 0.6483333328125 0.195 0.6066666671875 0.19375 0.6041666671875 0.125 0.6058333328125001 0.079375 0.6525000000000001 0.08125 0.6566666671875 0.13125 0.655 0.14625 0.6508333328125 0.19375 0.6525000000000001
6 0.43187499999999995 0.6191666671875 0.43499999999999994 0.5941666671875 0.433125 0.5908333328125 0.356875 0.5908333328125 0.35 0.5958333328125 0.34125 0.6158333328125 0.340625 0.6216666671875 0.343125 0.6241666671874999 0.42750000000000005 0.6233333328125 0.43187499999999995 0.6191666671875
11 0.151875 0.5241666671874999 0.161875 0.5591666671875 0.195625 0.5608333328125 0.21625 0.5658333328125 0.2225 0.5608333328125 0.236875 0.5616666671874999 0.248125 0.5700000000000001 0.25125000000000003 0.5808333328125 0.256875 0.5825 0.26375000000000004 0.5808333328125 0.265 0.5716666671875 0.270625 0.5616666671874999 0.31 0.5616666671874999 0.3125 0.5591666671875 0.2975 0.43916666718749997 0.13874999999999998 0.43916666718749997 0.136875 0.44000000000000006 0.136875 0.44666666718750003 0.141875 0.47416666718749995 0.151875 0.5241666671874999
11 0 0.4483333328125 0.027500000000000004 0.5175 0.087 0.51 0.14375 0.5083333328124999 0.14750000000000002 0.5008333328125001 0.13999999999999999 0.4491666671875 0.1446875 0.4408333328125 0.254375 0.44000000000000006 0.263125 0.4375 0.250625 0.35750000000000004 0.246875 0.3516666671875 0.038125 0.36 0 0.3625 0 0.4483333328125
10 0.395625 0.705 0.399375 0.6891666671875 0.39187500000000003 0.6825 0.3825 0.6841666671875 0.375 0.6916666671875 0.36625 0.7083333328125 0.36625 0.7166666671875 0.37 0.7224999999999999 0.383125 0.7224999999999999 0.395625 0.705
10 0.325 0.6366666671875 0.305625 0.6366666671875 0.294375 0.6483333328125 0.29500000000000004 0.6691666671875 0.31 0.6675 0.318125 0.6583333328125 0.325 0.6366666671875
1 0.4425 0.7474999999999999 0.43624999999999997 0.7474999999999999 0.40125 0.77 0.39875 0.7775000000000001 0.41187500000000005 0.8125 0.458125 0.7816666671875 0.4425 0.7474999999999999
1 0.5193749999999999 0.6716666671875 0.4925 0.6799999999999999 0.49124999999999996 0.6858333328125 0.504375 0.7183333328125 0.5349999999999999 0.705 0.5193749999999999 0.6716666671875
1 0.43562500000000004 0.635 0.3975 0.6475 0.40125 0.6675 0.406875 0.6741666671875 0.4425 0.6625 0.43562500000000004 0.635
1 0.5125 0.6316666671875 0.5081249999999999 0.6224999999999999 0.47625 0.625 0.475 0.6358333328125 0.48 0.6516666671875 0.514375 0.6458333328125 0.5125 0.6316666671875
13 0.48375 0.5958333328125 0.48624999999999996 0.5908333328125 0.48562500000000003 0.5349999999999999 0.479375 0.5191666671874999 0.4725 0.52 0.46687500000000004 0.5341666671875 0.46687500000000004 0.5916666671875 0.469375 0.5966666671875 0.476875 0.5991666671875 0.48375 0.5958333328125
7 0.47125000000000006 0.6808333328125 0.47062499999999996 0.6516666671875 0.465625 0.6466666671875 0.45562500000000006 0.6491666671874999 0.45375 0.6541666671875 0.45562500000000006 0.6625 0.465625 0.6816666671875 0.47125000000000006 0.6808333328125
4 0.681875 0.4266666671875 0.686875 0.43333333281249997 0.6950000000000001 0.43 0.698125 0.43666666718749997 0.68875 0.45 0.6825 0.45083333281250004 0.68125 0.4575 0.6912499999999999 0.46666666718750005 0.70125 0.4591666671875 0.70375 0.4491666671875 0.718125 0.42833333281249997 0.7212500000000001 0.4175 0.718125 0.41333333281250006 0.70375 0.4091666671875 0.6975 0.4 0.6837500000000001 0.395 0.67875 0.3891666671875 0.67125 0.3633333328125 0.6775 0.35583333281249996 0.6793750000000001 0.34750000000000003 0.678125 0.3308333328125 0.673125 0.3275 0.6637500000000001 0.3291666671875 0.6599999999999999 0.3491666671875 0.65125 0.3583333328125 0.6481250000000001 0.3675 0.649375 0.3933333328125 0.645 0.4091666671875 0.6693749999999999 0.4258333328125 0.681875 0.4266666671875
12 0.75875 0.46749999999999997 0.75625 0.4716666671875 0.756875 0.4783333328125 0.7625 0.4808333328125 0.7681250000000001 0.46666666718750005 0.780625 0.46666666718750005 0.786875 0.4733333328125 0.7825 0.4858333328125 0.788125 0.49000000000000005 0.815625 0.445 0.825 0.43916666718749997 0.825 0.4325 0.82875 0.42416666718749996 0.8331250000000001 0.4225 0.8487500000000001 0.38416666718750003 0.8087500000000001 0.3858333328125 0.798125 0.40499999999999997 0.770625 0.4025 0.76 0.4266666671875 0.774375 0.4408333328125 0.7731250000000001 0.4583333328125 0.766875 0.4591666671875 0.75875 0.46749999999999997
12 0.83375 0.4608333328125 0.8324999999999999 0.46749999999999997 0.835625 0.4716666671875 0.8400000000000001 0.47000000000000003 0.844375 0.48 0.85125 0.4791666671875 0.8568749999999999 0.47083333281249995 0.875 0.47000000000000003 0.8800000000000001 0.4733333328125 0.8825 0.4875 0.8875 0.4891666671875 0.8975 0.48166666718749995 0.898125 0.4725 0.8943749999999999 0.46749999999999997 0.875 0.4608333328125 0.874375 0.4525 0.8803124999999999 0.44000000000000006 0.9075 0.44166666718750003 0.9125 0.425 0.915 0.425 0.9193749999999999 0.4158333328125 0.929375 0.40499999999999997 0.93125 0.3875 0.8706250000000001 0.385 0.8618750000000001 0.40083333281250005 0.8481249999999999 0.4 0.844375 0.4091666671875 0.84375 0.4291666671875 0.85125 0.4375 0.845 0.4516666671875 0.83375 0.4608333328125
11 0.85125 0.3341666671875 0.8462500000000001 0.3525 0.8456250000000001 0.36666666718749996 0.8956250000000001 0.3691666671875 0.905625 0.335 0.85125 0.3341666671875
11 0.925 0.3283333328125 0.91875 0.35 0.9193749999999999 0.36 0.965625 0.3616666671875 0.97875 0.32999999999999996 0.925 0.3283333328125
11 0.7631249999999999 0.3241666671875 0.7262500000000001 0.3233333328125 0.723125 0.3491666671875 0.7525000000000001 0.3466666671875 0.75875 0.35 0.7631249999999999 0.3241666671875
0 0.618125 0.3641666671875 0.618125 0.3583333328125 0.615 0.35583333281249996 0.598125 0.355 0.5925 0.3591666671875 0.5912499999999999 0.365 0.5962500000000001 0.3691666671875 0.61625 0.3691666671875 0.618125 0.3641666671875
12 0.55375 0.4375 0.5587500000000001 0.4533333328125 0.57375 0.45499999999999996 0.6018749999999999 0.4058333328125 0.6056250000000001 0.39249999999999996 0.605 0.38416666718750003 0.6018749999999999 0.38166666718750003 0.5925 0.385 0.588125 0.3783333328125 0.5856250000000001 0.36666666718749996 0.555625 0.365 0.5587500000000001 0.39416666718750004 0.56125 0.3983333328125 0.561875 0.4183333328125 0.55375 0.4375
12 0.59875 0.4566666671875 0.600625 0.4491666671875 0.596875 0.43666666718749997 0.59375 0.4325 0.588125 0.4325 0.5856250000000001 0.43583333281250003 0.5925 0.4425 0.5962500000000001 0.4566666671875 0.59875 0.4566666671875
0 0.75125 0.3808333328125 0.755 0.3775 0.754375 0.3716666671875 0.7474999999999999 0.36583333281249997 0.7162499999999999 0.36583333281249997 0.713125 0.3725 0.7150000000000001 0.3775 0.739375 0.3808333328125 0.75125 0.3808333328125
2 0.515625 0.3541666671875 0.516875 0.3491666671875 0.5181250000000001 0.2925 0.48687500000000006 0.2916666671875 0.4875 0.3716666671875 0.51 0.37333333281250003 0.5131249999999999 0.3541666671875 0.515625 0.3541666671875
2 0.38875000000000004 0.2925 0.39249999999999996 0.36583333281249997 0.42062499999999997 0.36583333281249997 0.418125 0.29333333281249996 0.38875000000000004 0.2925