0 0.44125 0.5408333328125 0.43375 0.5566666671875 0.43499999999999994 0.5658333328125 0.44312500000000005 0.5716666671875 0.465 0.5683333328125 0.4925 0.5683333328125 0.501875 0.5758333328125 0.5181250000000001 0.5816666671874999 0.58 0.585 0.585 0.5875 0.5912499999999999 0.5991666671875 0.596875 0.6 0.599375 0.5958333328125 0.600625 0.5441666671875 0.5875 0.5066666671875 0.5806250000000001 0.49916666718749997 0.565625 0.4916666671875 0.515625 0.4883333328125 0.50125 0.495 0.4875 0.5116666671875 0.48250000000000004 0.5225 0.44125 0.5408333328125
12 0.365625 0.7191666671875 0.36062500000000003 0.7158333328125 0.356875 0.7175 0.35812499999999997 0.7224999999999999 0.37124999999999997 0.7383333328125 0.375 0.7575000000000001 0.37875000000000003 0.765 0.38625 0.7933333328125001 0.38625 0.8066666671875 0.388125 0.8066666671875 0.38937499999999997 0.8008333328124999 0.39249999999999996 0.8008333328124999 0.4 0.8125 0.43187499999999995 0.8483333328124999 0.44749999999999995 0.8633333328124999 0.465 0.8758333328125 0.46624999999999994 0.8800000000000001 0.465625 0.8825 0.4375 0.8966666671875 0.421875 0.9116666671875 0.415625 0.9283333328125 0.41500000000000004 0.9458333328125 0.416875 0.9583333328125001 0.41937499999999994 0.9616666671875 0.42437500000000006 0.9616666671875 0.4325 0.9550000000000001 0.433125 0.9408333328125 0.429375 0.9216666671875 0.43375 0.9158333328125 0.48187499999999994 0.8875 0.48875 0.8891666671875 0.49375 0.8983333328124999 0.5037499999999999 0.905 0.5025000000000001 0.9458333328125 0.504375 0.9991666671875 0.5131249999999999 0.9991666671875 0.509375 0.9008333328125 0.5725 0.9066666671875 0.58375 0.9199999999999999 0.584375 0.9349999999999999 0.588125 0.9475 0.593125 0.9541666671875 0.598125 0.9550000000000001 0.6012500000000001 0.9525 0.6056250000000001 0.945 0.60375 0.9324999999999999 0.595 0.9141666671875001 0.5856250000000001 0.9016666671875001 0.5775 0.8966666671875 0.5775 0.8916666671875 0.5825 0.8800000000000001 0.5856250000000001 0.8508333328125 0.593125 0.845 0.60375 0.8433333328125 0.6068749999999999 0.8375 0.608125 0.825 0.61125 0.82 0.618125 0.7466666671875 0.618125 0.7125 0.61625 0.7083333328125 0.608125 0.7041666671875 0.603125 0.7066666671874999 0.600625 0.7233333328125 0.5974999999999999 0.7291666671875 0.571875 0.7108333328125 0.53125 0.6900000000000001 0.51 0.6849999999999999 0.485 0.6833333328125 0.464375 0.6833333328125 0.45999999999999996 0.6866666671874999 0.4525 0.7008333328125 0.445625 0.7066666671874999 0.4375 0.7083333328125 0.44125 0.6608333328125 0.43499999999999994 0.65 0.426875 0.6483333328125 0.421875 0.6508333328125 0.41375 0.6625 0.383125 0.72 0.365625 0.7191666671875
11 0.70625 0.4441666671875 0.7006249999999999 0.47083333281249995 0.70375 0.4858333328125 0.708125 0.4916666671875 0.7125 0.4916666671875 0.725625 0.48166666718749995 0.735625 0.4808333328125 0.7474999999999999 0.4841666671875 0.7581249999999999 0.4783333328125 0.7975 0.47750000000000004 0.813125 0.4725 0.8168749999999999 0.4658333328125 0.8256249999999999 0.4058333328125 0.8300000000000001 0.39 0.8243750000000001 0.38 0.805625 0.3791666671875 0.7262500000000001 0.3825 0.7150000000000001 0.3875 0.71 0.40083333281250005 0.70625 0.4441666671875
11 0.694375 0.39 0.7175 0.39249999999999996 0.71875 0.3958333328125 0.715625 0.40833333281249995 0.71875 0.42000000000000004 0.721875 0.4216666671875 0.7268749999999999 0.4058333328125 0.7224999999999999 0.395 0.72375 0.3916666671875 0.74875 0.3866666671875 0.756875 0.38 0.765 0.3458333328125 0.765625 0.3308333328125 0.76375 0.3275 0.75625 0.3241666671875 0.7056250000000001 0.3183333328125 0.69625 0.32166666718750003 0.691875 0.3275 0.68625 0.38166666718750003 0.694375 0.39
11 0.56375 0.3591666671875 0.564375 0.3708333328125 0.5700000000000001 0.38166666718750003 0.5825 0.3891666671875 0.609375 0.3908333328125 0.621875 0.3875 0.6331249999999999 0.37666666718749997 0.635625 0.36833333281249997 0.6368750000000001 0.35 0.63625 0.3291666671875 0.63125 0.3258333328125 0.6056250000000001 0.3241666671875 0.58125 0.325 0.5725 0.3325 0.568125 0.3416666671875 0.56375 0.3591666671875
12 0.23937499999999998 0.465 0.265 0.4641666671875 0.26625 0.4575 0.280625 0.4591666671875 0.29625 0.4408333328125 0.31062500000000004 0.4375 0.308125 0.4291666671875 0.308125 0.40083333281250005 0.30625 0.3983333328125 0.23500000000000001 0.3983333328125 0.23312499999999997 0.40083333281250005 0.23312499999999997 0.43333333281249997 0.236875 0.4625 0.23937499999999998 0.465
12 0.20249999999999999 0.4808333328125 0.21875 0.5 0.21375000000000002 0.5075000000000001 0.206875 0.5125 0.206875 0.5208333328125 0.226875 0.525 0.22562500000000002 0.5133333328125 0.253125 0.48666666718749996 0.256875 0.48 0.2425 0.48333333281249996 0.224375 0.49749999999999994 0.22125 0.49749999999999994 0.20625 0.4766666671875 0.205 0.4658333328125 0.20812499999999998 0.4575 0.22937500000000002 0.44333333281250004 0.22937500000000002 0.4408333328125 0.221875 0.4408333328125 0.21125 0.4516666671875 0.2 0.4566666671875 0.2 0.4716666671875 0.20249999999999999 0.4808333328125
1 0.412653125 0.5077775 0.404676875 0.5223041671875001 0.422811875 0.5231991671875 0.42952874999999996 0.5075375 0.412653125 0.5077775
13 0.27303125 0.5008250000000001 0.281426875 0.5021675 0.288479375 0.49456 0.280419375 0.45115249999999996 0.272359375 0.43907083281250003 0.265643125 0.44130833281250004 0.26497125 0.4493625 0.265306875 0.45741750000000003 0.27303125 0.5008250000000001
5 0.346914375 0.45428499999999994 0.32071937500000003 0.4596416671875 0.321390625 0.46413000000000004 0.347585625 0.45741750000000003 0.346914375 0.45428499999999994
7 0.36370562500000003 0.46502499999999997 0.358668125 0.461445 0.355645625 0.4636825 0.3522875 0.46636749999999993 0.347921875 0.46413000000000004 0.348593125 0.4726325 0.3543025 0.46950000000000003 0.36101875 0.4690525 0.36370562500000003 0.46502499999999997
12 0.49625 0.3808333328125 0.496875 0.37 0.4925 0.3508333328125 0.48562500000000003 0.3483333328125 0.4625 0.3483333328125 0.445625 0.3516666671875 0.44625000000000004 0.3825 0.488125 0.38416666718750003 0.49625 0.3808333328125
12 0.4525 0.4258333328125 0.4725 0.4266666671875 0.475 0.43833333281250003 0.47750000000000004 0.43666666718749997 0.47874999999999995 0.4258333328125 0.5025000000000001 0.4225 0.5025000000000001 0.4141666671875 0.495 0.4091666671875 0.47437500000000005 0.4066666671875 0.45625 0.40750000000000003 0.45125000000000004 0.41 0.45 0.4141666671875 0.4525 0.4258333328125
12 0.5700000000000001 0.3441666671875 0.5625 0.34249999999999997 0.533125 0.3433333328125 0.531875 0.3808333328125 0.566875 0.3808333328125 0.5700000000000001 0.3441666671875
12 0.58125 0.4158333328125 0.5825 0.41333333281250006 0.5825 0.4091666671875 0.58 0.4066666671875 0.5337500000000001 0.4066666671875 0.531875 0.41 0.533125 0.4166666671875 0.5575 0.4183333328125 0.58125 0.4158333328125