9 0.320923503125 0.4152012671875 0.334749990625 0.430683440625 0.336296165625 0.43791670937499994 0.333530240625 0.4414897375 0.33343593125000004 0.44745134531249997 0.34220107187500004 0.45138730000000005 0.4042628078125 0.45090055781249994 0.42980898125 0.45482243906250003 0.60286926875 0.45430471250000004 0.6099006625000001 0.45181484375 0.6112136765625 0.44616270937499997 0.6119660609375 0.42070137656249995 0.6067181828125 0.39884683125 0.5980992109375001 0.33594749375 0.585915296875 0.2995054375 0.5773377296875 0.29476203437500004 0.38749431875 0.3175253765625 0.3654156421875 0.326455140625 0.3436188484375 0.32861584375 0.32875913749999996 0.3342482890625 0.22835273749999999 0.3497952109375 0.20622742968750002 0.3561478921875 0.1587901546875 0.3603483234375 0.138539534375 0.3697422984375 0.0789141640625 0.381963759375 0.03574235625 0.38724735312499997 0.0317577265625 0.39051090624999996 0.0766611921875 0.413884675 0.10351933437500001 0.4232701921875 0.1125653109375 0.431552859375 0.130517371875 0.44038695156249996 0.1565319546875 0.44784809843750006 0.16215706875 0.44585620312499996 0.166236009375 0.436631040625 0.17378348906250002 0.42914174843749997 0.320923503125 0.4152012671875
11 0.3062398671875 0.542299746875 0.31233443906249997 0.5327313484375 0.33901336875 0.4539981421875 0.3294513015625 0.45071490000000003 0.2786397953125 0.447217853125 0.25763992812500003 0.44872584687500006 0.239355171875 0.488546815625 0.2270706765625 0.5247609953125 0.3062398671875 0.542299746875
11 0.4022314984375 0.6179803625 0.40387198125 0.6192520218750001 0.45135484375 0.6287444421874999 0.4612019296875 0.5919113140625 0.4610620328125 0.5841800703125 0.44235967968749995 0.5785757703125001 0.43279656875 0.5864082984375 0.41498440312499996 0.58530545 0.410624628125 0.590183896875 0.40523267343749997 0.605061196875 0.4022314984375 0.6179803625
11 0.07998565625000001 0.4523523890625 0.05232954375 0.45473535624999994 0.024763559375 0.49561979375 0.022887825 0.5036942734375 0.0551368734375 0.5093182640625 0.0879072390625 0.454363971875 0.07998565625000001 0.4523523890625
11 0.18695294843750002 0.4530078765625 0.1880783875 0.44816318906249997 0.18554771406249998 0.44239007968750005 0.17336066562500002 0.439295334375 0.13679219843749998 0.5078215015625 0.1355258171875 0.5160507187500001 0.1551670828125 0.506502009375 0.18695294843750002 0.4530078765625
11 0.302910178125 0.5594108906249999 0.27122384843749997 0.5513645578124999 0.26259755937499996 0.5662756156250001 0.2587051484375 0.5858091015625 0.28636021562499997 0.594541909375 0.2930164609375 0.5936669375 0.302910178125 0.5594108906249999
11 0.192944846875 0.5383272546875 0.1800054125 0.5606938453125 0.177942103125 0.5695757734375 0.18080129375 0.5711569062499999 0.20433183437500002 0.5754220234375 0.2151157421875 0.5456674265625 0.192944846875 0.5383272546875
13 0.4262927625 0.46162525781249997 0.43360499218750004 0.46348210468750006 0.44326241250000004 0.4496879671875 0.4600020390625 0.3915179578125 0.4472056359375 0.3882684765625 0.44303343437500003 0.3923394796875 0.426482425 0.43858626718749993 0.42338694062500004 0.45746704375 0.4262927625 0.46162525781249997
4 0.5417774015625 0.608952090625 0.5397628140624999 0.5981795562500001 0.5422479015625 0.5902598140624999 0.5335293937500001 0.5889009421875 0.527107353125 0.591545546875 0.524856471875 0.6012349218749999 0.5397120015625 0.640065559375 0.53821036875 0.6576409140624999 0.542240584375 0.6680702109375 0.5543810031249999 0.6685878749999999 0.5661483640625 0.6484888921875 0.578617296875 0.644814578125 0.58353979375 0.6375137843750001 0.5854165734375 0.6183235359375 0.5417774015625 0.608952090625
9 0.8307215140625 0.49848356562499996 0.8514426343749999 0.470397315625 0.8572563671875001 0.4564822015625 0.850038446875 0.4486637453125 0.8374296171875001 0.4446068171875 0.7967895281249999 0.4445477484375 0.7320085015625 0.45118460000000005 0.6390573609375 0.442972296875 0.6209166828125 0.4460614234375 0.616931009375 0.4604407484375 0.6258774515625001 0.5302638796875 0.6264847125 0.552650159375 0.63131185625 0.562426746875 0.6702150609374999 0.5894073093750001 0.7386977906250001 0.5973917328125 0.7493852984375 0.5958302890625 0.7581514828125 0.5886504718750001 0.8044695890625 0.5226001 0.8307215140625 0.49848356562499996
0 0.5955921734375 0.5772984296875 0.59109145625 0.5855614078125 0.5936221296874999 0.5913345171875 0.608902575 0.5977800281250001 0.61101146875 0.602590953125 0.643916503125 0.6109467625 0.64907320625 0.6054156015625 0.6625732703125 0.602858209375 0.6651993 0.5915539390625 0.65526313125 0.5787698203125 0.6248421375000001 0.5736100421875 0.5955921734375 0.5772984296875
12 0.9640743546874999 0.5494483859375 0.968762646875 0.540377959375 0.9601861250000001 0.5245187875 0.9583601578125001 0.501823034375 0.9501111046874999 0.49288765625000003 0.942377096875 0.490068625 0.9375033234375 0.47771495625 0.9407853359375 0.46914250312499994 0.9398485140625 0.46206397343749994 0.91613144375 0.44749053125 0.862649365625 0.43048913125 0.866777028125 0.40160950624999997 0.8986042984375 0.4062713109375 0.9133707453125 0.395484703125 0.9168403328125001 0.386104803125 0.915153215625 0.3822560625 0.9092472640624999 0.3799012453125 0.9012313734375 0.3838512703125 0.899638565625 0.3740409203125 0.9325933687499999 0.3516264953125 0.949376490625 0.32938088125 0.9480178890625 0.32134016249999997 0.938455821875 0.3180569203125 0.9298305796875 0.321852209375 0.9238292734375 0.3365747703125 0.92673509375 0.3407329859375 0.92523450625 0.34719256718749997 0.9077021343749999 0.3615522046875 0.874044715625 0.37865773125 0.8535609375 0.3751662984375 0.85060639375 0.3906625453125 0.8504135937499999 0.44704885 0.8417396265624999 0.4704986015625 0.8382689953125 0.490994271875 0.8168463015625 0.5026558515625 0.8079391765624999 0.5132201984375 0.8056416625 0.5203324921875 0.8326894671874999 0.50667901875 0.8395799187499999 0.507573678125 0.852373184375 0.544170471875 0.8623559859375 0.5595316718750001 0.8890742312500001 0.5611859453125 0.9357601671875001 0.5713310765624999 0.98614780625 0.5960974796875 0.9862421156250001 0.5901358703125 0.9640743546874999 0.5494483859375
12 0.7987648 0.37493280625000003 0.7966559046875 0.3701218796875 0.7923904375 0.36903872031249996 0.7844211765625 0.37556582656250004 0.7822169265625 0.38783228125 0.7924816109374999 0.396424425 0.8202309874999999 0.3991956203125 0.8199946921875 0.41965752968750003 0.8269317734375001 0.423129271875 0.8361663703125 0.41948871875 0.83766905 0.39079759375 0.8014820015625 0.3910142390625 0.7949200656250001 0.3859276 0.7987648 0.37493280625000003
6 0.277937178125 0.441908953125 0.288296171875 0.4445394859375 0.3347023140625 0.43922213125000004 0.337280665625 0.43645655000000005 0.3287507765625 0.42317445937500003 0.3143615671875 0.410114628125 0.260548884375 0.419536746875 0.2612515015625 0.42484564531249996 0.277937178125 0.441908953125