4 0.47490636249999996 0.5561106234375 0.45902382812500003 0.5625296609375 0.45860433125 0.5857314640625 0.46310299062500004 0.59405143125 0.46390164218749996 0.6169577671875001 0.4736944828125 0.623138053125 0.48222152031250004 0.6210697890625 0.48414196406250004 0.6154706359375 0.48264101718749997 0.5978679875 0.49472823125 0.5889472890625 0.4998328328125 0.5637535421875 0.499551078125 0.556977421875 0.49734888125000004 0.5558004578125 0.47490636249999996 0.5561106234375
9 0.43361871093750004 0.44720259999999995 0.4317904453125 0.43652380625 0.4350699140625 0.43401724531249997 0.5290548046875 0.41207643593750004 0.5439532921875 0.40418496875 0.59089860625 0.3902315453125 0.5999870609375 0.3794715328125 0.60064065625 0.3545018359375 0.5977817296875 0.3449285890625 0.5919250875000001 0.3446380234375 0.2570741890625 0.418157265625 0.2485937640625 0.41764755156250005 0.21949908593749998 0.4281267953125 0.20891177187499999 0.44352814843750005 0.11136670156249999 0.47232139218749997 0.10541683906249999 0.477186784375 0.10593269062499999 0.48219500625 0.13362382343749998 0.4934451328125 0.2212880546875 0.5192375250000001 0.236421684375 0.52070015625 0.2571302015625 0.5156772328125 0.43652529375000004 0.4653198625 0.4410695234375 0.4599398578125 0.43361871093750004 0.44720259999999995
9 0.769687759375 0.373387890625 0.807918546875 0.36069265 0.847694803125 0.34077808906249996 0.8631080984375 0.3267728515625 0.8666206203125 0.3113764 0.8807702015625001 0.3113665984375 0.9174523859375 0.2725246953125 0.9301942421874999 0.24975629062500002 0.9209172546875 0.2485842265625 0.9000212484375 0.25279706874999996 0.6352159562499999 0.33157099843750004 0.6197083953125 0.3396102 0.6162424828125 0.352428671875 0.6166185046875 0.3651708296875 0.652787971875 0.354686684375 0.6656261828125001 0.3601283046875 0.6703589421875 0.366680375 0.6824938125 0.3663036921875 0.6952388015625 0.3769012703125 0.7082168453125 0.3746089578125 0.715339290625 0.3831480734375 0.72339813125 0.384615603125 0.769687759375 0.373387890625
11 0.6714393484375 0.39636283125 0.6628657 0.401009071875 0.6653973078125001 0.41750617031250004 0.6900016812499999 0.487682909375 0.70719663125 0.4869344421875 0.777052659375 0.4691350609375 0.7822059625 0.4636073203125 0.781127646875 0.456168853125 0.7740518125 0.44505175937499997 0.7669749312499999 0.42281267187499993 0.7525415093750001 0.3938023671875 0.6714393484375 0.39636283125
11 0.9284355703125 0.48118338125 0.9330274546874999 0.484347390625 0.9972143265625 0.4670675234375 0.9914964734374999 0.4479210296875 0.9849831015625 0.43923418124999997 0.9787970500000001 0.4236234796875 0.923417921875 0.434489209375 0.916858984375 0.439502334375 0.92454598125 0.47271568124999996 0.9284355703125 0.48118338125
11 1 0.38653777031250003 0.985299975 0.3210903921875 0.9468816984374999 0.3329755515625 0.9491315515625001 0.34269653125 0.9599094859375 0.36147124218750004 0.9672204640625001 0.3819424328125 0.9798722312500001 0.3976959671875 0.9842310609375 0.4137498671875 0.9952420500000001 0.4196346875 1 0.417753553125 1 0.38653777031250003
11 0.8106035687500001 0.514041734375 0.8078378624999999 0.49931253125 0.7970133171875 0.48311579687500006 0.7721811125 0.4814389171875 0.7425705828125 0.4869099421875 0.74069675 0.4899311203125 0.75414716875 0.5285909890625 0.8044662171875 0.5180970421875 0.8106035687500001 0.514041734375
11 0.5314135515625 0.583471365625 0.5738146375000001 0.57489795 0.582200796875 0.5694416265625 0.5792942140624999 0.5513243625 0.57179679375 0.5411650859375 0.5611141703125 0.53947840625 0.52269589375 0.5513635671875 0.5191823265625 0.5556380234375 0.52663418125 0.579497275 0.5314135515625 0.583471365625
11 0.5637835203125 0.5259975828125001 0.5448006453125 0.4467573140625 0.541614396875 0.44410792031249996 0.492513496875 0.4543064 0.43212194375 0.474087928125 0.44482554687500003 0.5428734515625 0.449465084375 0.554581478125 0.5614880999999999 0.529976575 0.5637835203125 0.5259975828125001
6 0.523761671875 0.425338109375 0.52287084375 0.418709721875 0.5176698875 0.41569344687500004 0.4334301796875 0.43527052499999996 0.43094727343750006 0.4384394359375 0.435165225 0.45110527500000003 0.4401320828125 0.4558894484375 0.518890125 0.43764196718750004 0.523761671875 0.425338109375
6 0.62388078125 0.3659760109375 0.6210249890624999 0.3897687453125 0.62149631875 0.419598934375 0.6279620359375 0.4197417671875 0.6445468671875 0.408019040625 0.6573798546875 0.35785069375 0.6548492921875 0.3524755890625 0.62388078125 0.3659760109375
6 0.8750565265624999 0.33670808124999996 0.89848309375 0.3378703421875 0.933387803125 0.33025964218750004 0.9540963203124999 0.32523671875 0.981082021875 0.30842455156250004 0.9806127796874999 0.30083835 0.9763958718750001 0.2992945046875 0.909725046875 0.3086212859375 0.8946856828125 0.3131246953125 0.8730884265625001 0.33376321875000003 0.8750565265624999 0.33670808124999996
12 0.39376345625 0.12491333281250001 0.399574534375 0.138903871875 0.37554098125 0.160133328125 0.3580653203125 0.16522766718749998 0.3420874734375 0.15455867343750002 0.338102575 0.12900294375000002 0.3224955234375 0.0754661375 0.319212921875 0.0446067171875 0.3120904765625 0.036067603125 0.3042191234375 0.035410153124999996 0.3016429953125 0.0437350203125 0.30618931250000003 0.0605990015625 0.3060028703125 0.0709109125 0.3150488921875 0.1072168546875 0.32240648125 0.12511006875 0.3291094296875 0.15685098749999998 0.3245185921875 0.1648089703125 0.309104253125 0.16769221406249998 0.27785189843749997 0.15217253125000002 0.274382853125 0.1316250234375 0.2639332828125 0.11704845312500001 0.24889392031250002 0.12155186093749999 0.2461769140625 0.12648866718750001 0.24622457031249997 0.135032684375 0.2511924734375 0.15093885 0.26754529531250004 0.16322800937499998 0.2992192359375 0.1777898765625 0.3171641375 0.1802817375 0.3285501015625 0.1877867234375 0.3330487640625 0.1961066890625 0.3392369046875 0.2339613765625 0.33450518906250004 0.2385313 0.29978796874999997 0.246952084375 0.268960334375 0.26384056875 0.2726179125 0.29632015156249997 0.26320109375 0.3028820203125 0.262732896875 0.3064178125 0.2680302078125 0.33764411562499996 0.2600656359375 0.3421426234375 0.2580519703125 0.352897734375 0.2514930328125 0.35791085625 0.2548667671875 0.361370334375 0.2588040109375 0.3783820484375 0.259039153125 0.3877361453125 0.2537926296875 0.3984198421875 0.25543340937500003 0.40828855312499995 0.262414978125 0.41343961093750003 0.2871995265625 0.406572471875 0.295679953125 0.4070821875 0.302239934375 0.4131910578125 0.3173725203125 0.40353169375000003 0.3618815375 0.3901692046875 0.4061098453125 0.38115258750000003 0.4337533203125 0.383858696875 0.4447166546875 0.381199503125 0.447996121875 0.3786929421875 0.45235181718749995 0.361380859375 0.453147334375 0.350921215625 0.450006653125 0.3345718484375 0.4525817359375 0.3151249875 0.44264592968749994 0.2833126546875 0.427979453125 0.2671922375 0.41556073906249996 0.2385488140625 0.3689883125 0.23187841250000002 0.36416128593749997 0.21936030624999997 0.3659408515625 0.210373090625 0.361207046875 0.192699028125 0.36261163750000003 0.18209165 0.3677649390625 0.17656391093749998 0.3914245609375 0.1648362828125 0.4136308921875 0.14405002656250002 0.417330903125 0.12946365625 0.41194141249999994 0.114515303125 0.402570159375 0.10737720312500001 0.39296585 0.113128990625 0.39376345625 0.12491333281250001
12 0.1492172921875 0.4023960203125 0.17245741718750002 0.4138701953125 0.21251647187499997 0.411853746875 0.22882163906250003 0.41559888906250003 0.24184629218749998 0.41072859843750004 0.2432974953125 0.39754324375 0.25262004843749997 0.385015334375 0.24887029374999997 0.368813703125 0.25008739687500003 0.3573962421875 0.227221203125 0.336420234375 0.2158341921875 0.3177932578125 0.183363690625 0.302569040625 0.1816763015625 0.29527830625 0.1929669546875 0.2856952578125 0.18706370156250002 0.287982671875 0.18308089375 0.284670928125 0.1774117375 0.28519044375 0.1724448796875 0.28040626875 0.169445075 0.26744496406249996 0.1726768890625 0.2563943859375 0.16068080625 0.2379151421875 0.157306025 0.2233336734375 0.164332115625 0.20366276249999998 0.16447090312499998 0.18480683281250002 0.17149699375 0.16513592500000002 0.170418678125 0.15769745625 0.165310940625 0.149525225 0.1524261203125 0.1466615796875 0.14666374375 0.1523370515625 0.14488522343750002 0.17244626093749998 0.14797929375000002 0.191373603125 0.14859150000000002 0.22459185312500002 0.132099890625 0.2311586234375 0.126852321875 0.2307203234375 0.12010485312500001 0.223801371875 0.0980362640625 0.2146097078125 0.08187092968750001 0.20313063437499998 0.069031675 0.1865670171875 0.06715679687500001 0.1784662 0.0697795375 0.16756335625000002 0.0668739984375 0.1605680875 0.0589083796875 0.1539446015625 0.045414484375 0.151228690625 0.040636157812500004 0.1583765921875 0.040308839062500004 0.16530044531250002 0.04579259375 0.1862148359375 0.0574603125 0.2004959390625 0.0812629 0.214400359375 0.1049722671875 0.2334607359375 0.101107553125 0.24038703749999998 0.09105783125 0.24282463281250002 0.083655721875 0.2497533859375 0.0964949765625 0.266317003125 0.104041096875 0.2961422890625 0.10151158125 0.301889178125 0.072042971875 0.32187025468749997 0.0631430484375 0.34456234218750004 0.0392503734375 0.36917985781249996 0.0367208546875 0.374926746875 0.0379887484375 0.405419284375 0.029464845312499998 0.4408535265625 0.00822684375 0.47131553593750003 0.008557478125 0.4902575734375 0.00936958125 0.49021669375 0.0206136234375 0.4832116234375 0.04642674375 0.452994953125 0.1162827703125 0.4351955703125 0.13024381875 0.42325369375 0.13291316875 0.4097728703125 0.1400811796875 0.404612015625 0.1492172921875 0.4023960203125
12 0.7833864984375001 0.06292007968749999 0.781090034375 0.055777079687499995 0.7736402703125 0.054161815625 0.7577577343749999 0.060580853125 0.7544316546875 0.06566539375 0.754479309375 0.07420940781249999 0.7243529265624999 0.0746722078125 0.7207419578125001 0.039614646875 0.7215840859375 0.026577023437500003 0.718725159375 0.0170037765625 0.7071527515625 0.0198107046875 0.7031709875 0.027620956250000002 0.7020004953125001 0.0364604390625 0.70987498125 0.07048386718750001 0.7067850890625 0.0960445 0.7077701843749999 0.10863892187499999 0.693061275 0.139584459375 0.6794275468750001 0.14460248281250002 0.6558601015625001 0.14005215937499998 0.6516898046875 0.135930334375 0.6477525609375 0.11891861875000001 0.6425982171875 0.11332436562499999 0.6351018390625 0.1142870796875 0.62704404375 0.12394154375 0.62980975 0.138670746875 0.63894690625 0.1475767453125 0.65904739375 0.15382354843749999 0.6871124562500001 0.15557184375 0.69742115 0.1667603546875 0.6974688046875 0.17530436875 0.6711419234375 0.2227568046875 0.668847546875 0.23785779218749997 0.670772171875 0.27674661093749997 0.68543969375 0.3039890203125 0.7041335015625 0.298599215625 0.7161730609375 0.2811345015625 0.74081673125 0.27087930312499997 0.751967553125 0.269030190625 0.764337565625 0.2780076046875 0.7772223890625 0.28087125 0.79985135 0.2702491703125 0.8394877734374999 0.25806854375 0.85602599375 0.2489237953125 0.8783276359375 0.24522556875 0.90053605625 0.24668329843749998 0.905033671875 0.2438812703125 0.9047053078125 0.2396831296875 0.8787471328124999 0.222023765625 0.8622534328125001 0.20634655 0.8421974656250001 0.17527778125 0.81947319375 0.168811828125 0.8156302156249999 0.15776615 0.8106633562500001 0.1529819765625 0.7836755671875 0.14755015625 0.7364018890625 0.15730543749999998 0.7260465843749999 0.1486949046875 0.724546684375 0.142214253125 0.7270762000000001 0.136467365625 0.7458632296875 0.125921603125 0.7693343203125 0.10226189999999999 0.7778603125 0.08907164375 0.7833864984375001 0.06292007968749999
13 0.28814636875 0.5107208234375 0.2824264234375 0.46933034375 0.2721653859375 0.46668585 0.2678086484375 0.4728759359375 0.2678096921875 0.48399793124999996 0.27071731875 0.5132371859375 0.2770908578125 0.52965796875 0.2857587734375 0.5309777671875 0.28814636875 0.5107208234375
9 0.11549770156250001 0.556875153125 0.2959307671875 0.5832661906250001 0.34147044531250004 0.568798153125 0.338095665625 0.5542166843749999 0.32731877656249997 0.546563965625 0.2411067890625 0.518708209375 0.2255049625 0.520781371875 0.2110270171875 0.51659303125 0.1953785796875 0.521244171875 0.17480989375 0.5185331609375 0.157709209375 0.525247665625 0.142904990625 0.5391051703125 0.1263728921875 0.5431150890625001 0.1180727859375 0.5374282921875 0.11642887187499999 0.4941935984375 0.1054655390625 0.4968527921875 0.1092639953125 0.5327204359375 0.1075320828125 0.550251665625 0.11549770156250001 0.556875153125
0 0.34887464375 0.5841133875 0.3653672984375 0.5886686125 0.39980172187499996 0.5623497140625 0.40008243125 0.558003840625 0.39609962187500003 0.554692096875 0.370799221875 0.5565510109375 0.357773521875 0.55029930625 0.338095665625 0.5542166843749999 0.33673768437499996 0.5622460828125 0.34887464375 0.5841133875