9 0.704140146875 0.6657143890625 0.712582421875 0.642342284375 0.715531425 0.4820574015625 0.725523075 0.4161498359375 0.738271884375 0.35790761249999997 0.7456279828125 0.34889299375 0.7488202015625001 0.3177246875 0.745279303125 0.3093914859375 0.7381784171875 0.3040049984375 0.717526875 0.3123216984375 0.64603475 0.3530658 0.642880703125 0.3616742796875 0.642370278125 0.390476490625 0.6327101859375001 0.39686329531250003 0.6286307250000001 0.40667663281250005 0.62489994375 0.4559914765625 0.6278460031249999 0.4611598640625 0.6643240546875 0.43111211718750003 0.6756506046874999 0.435780346875 0.6876845484375 0.48623608906250004 0.68466214375 0.5261873546875 0.6789961140624999 0.5459448890624999 0.6647089453125 0.558355978125 0.6588449640625 0.5586748781249999 0.6549262640625 0.5553355843750001 0.651460728125 0.557033821875 0.6520837046875 0.570854309375 0.6660965765625 0.5841242390625 0.6712521828125 0.5931689171875 0.6642829375 0.6191252171875 0.6670210109375 0.638070471875 0.6575498203125 0.641960321875 0.6446321765625 0.6362684953125 0.639221359375 0.6416249234375 0.6317889171875 0.6957591953125 0.621061734375 0.7052235718750001 0.6239696218749999 0.7329517875 0.620137109375 0.7946389625 0.606999675 0.8028800625000001 0.5898518421875 0.7869386984375 0.584016 0.7979132734375 0.5686507234375 0.901768528125 0.561969059375 0.99008924375 0.6699463640625 0.9882044921875 0.67956319375 0.8913329890625 0.6843065937499999 0.8727434828125 0.6798121390625 0.8549594640624999 0.680709415625 0.8430989328124999 0.6909834359375 0.8285970265625 0.7097298296875 0.691076509375 0.7094374265625001 0.6728863515625 0.704140146875 0.6657143890625
9 0.6699729609375 0.312332315625 0.6711154140625 0.3192861796875 0.675817853125 0.32329333125000004 0.7371022734375 0.2851469828125 0.741965475 0.2760015046875 0.7707708125 0.00551818125 0.7375322046874999 0.003773384375 0.7363515765625 0.019379346875 0.7150951640625001 0.057746734375 0.6729792234375 0.1182076921875 0.663130228125 0.12709145 0.658342390625 0.146268365625 0.655036634375 0.1899650625 0.6590970109375001 0.1914316390625 0.6761132015625 0.176030215625 0.6805322921875 0.1837827984375 0.6785960640625001 0.20937657812500002 0.6704843640625 0.22837901249999998 0.6693037359375 0.2439849765625 0.6699729609375 0.312332315625
6 0.6003348296875 0.703508834375 0.5992677375000001 0.7065864078125 0.5947059921875 0.7558576328125 0.594676871875 0.800353046875 0.598359446875 0.8068135328125001 0.6179529484375 0.8235099953124999 0.6206819703125 0.8205196625 0.6228070984375 0.792428928125 0.6258867625 0.7186379203125 0.6061043609375 0.7044384124999999 0.6003348296875 0.703508834375
6 0.6655457984375001 0.22749305468749997 0.657141696875 0.22830533281249998 0.6453946484374999 0.24022304375 0.643750821875 0.28400698125 0.6400772984375 0.299482084375 0.64538363125 0.3285896359375 0.65300399375 0.3271095 0.661785896875 0.321303315625 0.6709456 0.3105032203125 0.6678497937500001 0.23012086874999998 0.6655457984375001 0.22749305468749997
6 0.615879953125 0.5752210375 0.6084484906250001 0.57420421875 0.6053416687500001 0.5821884609375 0.611375465625 0.590652521875 0.6467382203125001 0.619457675 0.658872121875 0.62448164375 0.665350028125 0.61604764375 0.6689954124999999 0.589916865625 0.624019790625 0.5668742765625 0.6206487046875 0.5673240359375 0.615879953125 0.5752210375
11 0.58230880625 0.688148090625 0.546293953125 0.6900178640625 0.4989289390625 0.6875315265624999 0.49351812187500005 0.6928879546875 0.482694525 0.8139029890625 0.4858294859375 0.816574425 0.49247720624999997 0.8169233828125 0.5754039109375 0.8125024171874999 0.579341696875 0.804561796875 0.590296934375 0.7148895484375 0.5894569187500001 0.6929103390625 0.58230880625 0.688148090625
11 0.610064178125 0.51976460625 0.6104047875 0.482179434375 0.6050512296874999 0.4536961203125 0.5528893218750001 0.4484511109375 0.52029278125 0.4492468875 0.5166855703125 0.45281783906250006 0.5159771937500001 0.46218141562500004 0.5170895453125001 0.5687817875000001 0.525257521875 0.5710907015625 0.581026640625 0.5727647609375001 0.6071171359374999 0.5697473093750001 0.616135165625 0.5608199296875 0.616890765625 0.5508321140625 0.610064178125 0.51976460625
11 0.6447354578125 0.1386602015625 0.639343728125 0.132736715625 0.5842357625 0.1223233171875 0.56346163125 0.12123281875 0.5582869406250001 0.123468053125 0.5561527609375 0.1296231984375 0.548577659375 0.240781278125 0.55871905625 0.2500876765625 0.5884449015625 0.254154946875 0.6294264609375 0.2638268078125 0.632844771875 0.2627528109375 0.634978953125 0.256597665625 0.6447354578125 0.1386602015625
11 0.5200324421875 0.22110804218750002 0.5317131796875 0.22109448281250002 0.537265671875 0.213865340625 0.541232578125 0.16142930312499998 0.5340372437500001 0.1572912921875 0.4972386484375 0.1584932078125 0.49220465156250004 0.21400681718749998 0.5200324421875 0.22110804218750002
11 0.47411940625 0.34278799531250004 0.4699264078125 0.365129721875 0.469340621875 0.38390049843749996 0.4721922296875 0.3903173640625 0.5112948203125 0.3917432609375 0.5192457578125 0.3858934546875 0.5219566734375001 0.3390319453125 0.47957744687500004 0.336807328125 0.47411940625 0.34278799531250004
11 0.45536199843749997 0.568675103125 0.4481947984375 0.5751927671875 0.4488549703125 0.6216045203125 0.45434115 0.626279528125 0.47862804062500003 0.625047553125 0.4859841375 0.616032934375 0.4923304046875 0.576256146875 0.4885533796875 0.571044140625 0.47651392656249997 0.5647716953125 0.45536199843749997 0.568675103125
12 0.8780259640624999 0.8484429499999999 0.8764303468750001 0.8364515578124999 0.8699242999999999 0.83422988125 0.8662980015624999 0.8490807484375 0.8719067718750001 0.8631629546875 0.9051162609375 0.9094031671874999 0.8631711125000001 0.9234959921874999 0.8309905437499999 0.896738034375 0.8028894359375001 0.8601667375 0.79020791875 0.8513537187500001 0.7755338968750001 0.846823128125 0.756299109375 0.836412671875 0.7365167078125 0.8222131640624999 0.7290852453125 0.8211963453125 0.721634696875 0.8314594421875 0.6923620140625 0.832429696875 0.6792836109375 0.8398904999999999 0.678244659375 0.8536237468750001 0.7124267859375 0.8980348656249999 0.7214719734374999 0.9549142515625 0.7204330203125 0.9686475 0.6961487734375 0.9877471281249999 0.877263596875 0.9845857562500001 0.8707623546875001 0.9665112718750001 0.87123460625 0.9602688875000001 0.8813478640625 0.9589196093749999 0.911810225 0.9642789796875 0.940110265625 0.9651378203125001 0.9563326828125 0.9822840390625001 0.9565317203125 0.9832021265625001 0.9596043453125 0.9831484937500001 0.968959884375 0.8594835281250001 0.9548897546875 0.8800533390625 0.9450025875 0.911496925 0.9405644125 0.9150242562500001 0.9280527093750001 0.9149941953124999 0.9140398375000001 0.9017242671875 0.8981479968749999 0.8802083765625 0.8780259640624999 0.8484429499999999
12 0.9558802796875 0.403800015625 0.9394307890625001 0.41171057656250004 0.9187601624999999 0.43130718906250004 0.9010355953125 0.45607219062500004 0.888004415625 0.4629087546875 0.8796194015625 0.45244111875000004 0.8762392640625001 0.43095528906249997 0.86354869375 0.4002066796875 0.8404705671875 0.3964883671875 0.832085553125 0.38602073125 0.8108110328125001 0.38051694375 0.7990077062500001 0.3711233046875 0.7884885109375 0.3668108140625 0.7505946875 0.360434628125 0.74302155 0.361290525 0.7301009640625 0.5210519703125 0.7329525734375 0.527468834375 0.7474376953124999 0.534496378125 0.7665026703125 0.536123875 0.7741983953125 0.5446751765625 0.7831973375 0.5470277125 0.8117335046875 0.5447653578125 0.8247174578124999 0.5385530328125 0.861374378125 0.5392238328125 0.8760775203125 0.4992590078125 0.8830558156249999 0.49523829687500004 0.88771103125 0.49986968593750003 0.8952269093749999 0.5328535296875 0.9053964453125 0.5528156046875 0.918956153125 0.56104800625 0.9448577484375 0.5605275078124999 0.9498154015625 0.550133553125 0.9459439250000001 0.546170021875 0.9377759484375 0.54386110625 0.916076403125 0.543975465625 0.9113739624999999 0.5399683140625 0.897757978125 0.5104245625 0.89533139375 0.4983895515625 0.908079221875 0.49529841875 0.9194956968750001 0.487750378125 0.9966810078125 0.493055509375 0.9970590046875 0.4880589984375 0.9972959171875001 0.44733740781250003 0.9776923796875 0.44630835625 0.9715641328125001 0.43909277343750003 0.9751904296875 0.42424190937499995 0.9866541281250001 0.4160696296875 0.9890716609375 0.406169053125 0.9868148906249999 0.40291699999999997 0.9752758281249999 0.40105784375000003 0.9558802796875 0.403800015625