4 0.7262500000000001 0.23500000000000001 0.7306250000000001 0.265 0.73625 0.2725 0.73625 0.2791666671875 0.7474999999999999 0.28250000000000003 0.754375 0.2733333328125 0.760625 0.27 0.79125 0.27 0.803125 0.2616666671875 0.805 0.2525 0.805625 0.185 0.809375 0.1716666671875 0.8150000000000001 0.1641666671875 0.8243750000000001 0.1633333328125 0.829375 0.1583333328125 0.8300000000000001 0.14666666718750002 0.8262499999999999 0.1383333328125 0.8125 0.13 0.7993750000000001 0.11000000000000001 0.790625 0.1075 0.781875 0.0991666671875 0.7875 0.0758333328125 0.7875 0.060833332812499995 0.781875 0.05 0.771875 0.048333332812500004 0.7618750000000001 0.0566666671875 0.756875 0.07416666718750001 0.7575000000000001 0.095 0.755625 0.0991666671875 0.73625 0.1066666671875 0.72875 0.11750000000000001 0.71375 0.1508333328125 0.7125 0.1633333328125 0.7162499999999999 0.1808333328125 0.7175 0.22999999999999998 0.7262500000000001 0.23500000000000001
9 0 0.9991666671875 0.45437500000000003 0.9991666671875 0.46687500000000004 0.9658333328125 0.47625 0.9541666671875 0.47750000000000004 0.9475 0.489375 0.9516666671875 0.49000000000000005 0.9625 0.50125 0.9633333328125 0.50625 0.9608333328124999 0.5125 0.9475 0.52 0.9391666671875001 0.52625 0.9141666671875001 0.533125 0.8991666671875 0.5443749999999999 0.8522916671875 0.56875 0.8550000000000001 0.5706249999999999 0.8633333328124999 0.58125 0.8633333328124999 0.58375 0.86 0.609375 0.5341666671875 0.604375 0.525 0.593125 0.5183333328125 0.509375 0.49916666718749997 0.39375 0.46333333281250005 0.365625 0.46166666718749994 0.28312499999999996 0.43916666718749997 0.256875 0.43499999999999994 0.22999999999999998 0.44000000000000006 0.209375 0.43916666718749997 0.200625 0.4341666671875 0.18625 0.4325 0.15125 0.43666666718749997 0.139375 0.4441666671875 0.12562500000000001 0.44666666718750003 0.12062500000000001 0.4533333328125 0.12 0.47750000000000004 0.115625 0.4841666671875 0.08875 0.4875 0.07625 0.49416666718749996 0.08249999999999999 0.5183333328125 0.091875 0.5341666671875 0.095625 0.5708333328124999 0.094375 0.6 0.09812499999999999 0.615 0.100625 0.6183333328125 0.10687500000000001 0.6183333328125 0.12062500000000001 0.6141666671875 0.125 0.6083333328125 0.134791875 0.6075 0.13874999999999998 0.6233333328125 0.13187500000000002 0.6358333328125 0.130625 0.6458333328125 0.113125 0.6566666671875 0.103125 0.6591666671875 0.0975 0.6675 0.10187500000000001 0.6950000000000001 0.1025 0.74 0.1 0.7458333328125 0.08875 0.7633333328125 0 0.8574999999999999 0 0.9991666671875
8 0.103125 0.7433333328125 0.10874999999999999 0.74 0.095625 0.5341666671875 0.00125 0.5058333328125 0 0.8558333328125001 0.058125 0.7883333328125001 0.08687500000000001 0.7641666671875 0.103125 0.7433333328125
10 0.13999999999999999 0.6416666671875 0.150625 0.6141666671875 0.151875 0.6041666671875 0.146875 0.6 0.12625 0.6008333328125001 0.11374999999999999 0.6058333328125001 0.1025 0.6174999999999999 0.103125 0.655 0.12125 0.655 0.133125 0.6491666671874999 0.13999999999999999 0.6416666671875
10 0.2625 0.7233333328125 0.28125 0.6975 0.28500000000000003 0.6900000000000001 0.285625 0.6816666671875 0.281875 0.675 0.271875 0.6708333328125 0.255625 0.6741666671875 0.2475 0.6816666671875 0.230625 0.7125 0.230625 0.7216666671875 0.23500000000000001 0.7266666671875 0.253125 0.7275 0.2625 0.7233333328125
6 0.32937500000000003 0.5791666671875 0.335625 0.575 0.33999999999999997 0.5666666671875 0.344375 0.545 0.34375 0.5325 0.33999999999999997 0.5266666671875 0.32875 0.5216666671875 0.20125 0.525 0.185 0.5366666671875 0.174375 0.5650000000000001 0.17375000000000002 0.5841666671875 0.185 0.5916666671875 0.23562500000000003 0.5908333328125 0.32937500000000003 0.5791666671875
11 0 0.48333333281249996 0.0125 0.49416666718749996 0.025625 0.49416666718749996 0.0325 0.48666666718749996 0.045625 0.48166666718749995 0.113125 0.4791666671875 0.11687499999999999 0.4766666671875 0.12062500000000001 0.47000000000000003 0.12 0.45499999999999996 0.08499999999999999 0.2641666671875 0.076875 0.25666666718750003 0.005 0.255 0 0.255 0 0.48333333281249996
1 0.38625 0.8133333328125 0.385625 0.8074999999999999 0.36375 0.7708333328125 0.356875 0.765 0.34750000000000003 0.7675 0.28875 0.8058333328125 0.289375 0.8125 0.31062500000000004 0.8583333328125 0.31437499999999996 0.8616666671875001 0.38625 0.8133333328125
1 0.29625 0.6566666671875 0.3175 0.6516666671875 0.35812499999999997 0.6358333328125 0.35625 0.6216666671875 0.344375 0.5925 0.28250000000000003 0.6133333328125 0.27999999999999997 0.6166666671875001 0.27999999999999997 0.6233333328125 0.29 0.6516666671875 0.29625 0.6566666671875
1 0.51 0.6950000000000001 0.50125 0.6708333328125 0.48562500000000003 0.645 0.44000000000000006 0.6608333328125 0.43875000000000003 0.6658333328125 0.44625000000000004 0.6858333328125 0.46187500000000004 0.7166666671875 0.51 0.6950000000000001
1 0.47750000000000004 0.605 0.47625 0.5908333328125 0.47062499999999996 0.5733333328125 0.46687500000000004 0.5700000000000001 0.41875 0.5741666671875 0.41500000000000004 0.5758333328125 0.4125 0.5825 0.41375 0.5966666671875 0.421875 0.6166666671875001 0.47437500000000005 0.6091666671875 0.47750000000000004 0.605
13 0.42625 0.5308333328125 0.43 0.52 0.42874999999999996 0.43 0.42062499999999997 0.4141666671875 0.41937499999999994 0.4025 0.41624999999999995 0.4 0.40374999999999994 0.40083333281250005 0.401875 0.4141666671875 0.395625 0.42750000000000005 0.398125 0.5225 0.40374999999999994 0.5333333328125 0.416875 0.5366666671875 0.42625 0.5308333328125