9 0.384375 0.5141666671875 0.40374999999999994 0.5275000000000001 0.42625 0.5491666671875 0.590625 0.6791666671875001 0.608125 0.6891666671875 0.61625 0.6866666671874999 0.626875 0.6766666671875 0.7075 0.5558333328125 0.7006249999999999 0.5408333328125 0.6693749999999999 0.5208333328125 0.66125 0.5075000000000001 0.6587500000000001 0.49083333281249997 0.64625 0.4883333328125 0.6368750000000001 0.4791666671875 0.55 0.44333333281250004 0.5193749999999999 0.4266666671875 0.445625 0.3991666671875 0.425625 0.3975 0.41375 0.4 0.334375 0.4266666671875 0.31 0.4408333328125 0.309375 0.445 0.31437499999999996 0.45083333281250004 0.34125 0.4716666671875 0.384375 0.5141666671875
12 0.1825 0.635 0.1825 0.6425 0.203125 0.6533333328125 0.20875 0.6599999999999999 0.210625 0.6683333328125001 0.27 0.7691666671874999 0.26937500000000003 0.7891666671875 0.27875 0.7975 0.284375 0.7975 0.2925 0.7916666671875 0.32437499999999997 0.8150000000000001 0.308125 0.8541666671874999 0.3025 0.8958333328125001 0.32125 0.8958333328125001 0.316875 0.8633333328124999 0.321875 0.8458333328125001 0.349375 0.7858333328125 0.351875 0.7825 0.36312500000000003 0.7808333328125 0.37124999999999997 0.7725 0.37374999999999997 0.7725 0.40750000000000003 0.8150000000000001 0.403125 0.8416666671874999 0.410625 0.8474999999999999 0.4175 0.8466666671875 0.421875 0.8416666671874999 0.425625 0.8300000000000001 0.42437500000000006 0.8191666671875 0.3875 0.775 0.38 0.7716666671875 0.37875000000000003 0.7616666671875 0.380625 0.7474999999999999 0.40499999999999997 0.7258333328125001 0.41500000000000004 0.725 0.421875 0.7366666671875 0.42625 0.7383333328125 0.433125 0.7325 0.43562500000000004 0.7175 0.433125 0.71 0.42125 0.7075 0.410625 0.7133333328125 0.405625 0.71 0.43375 0.6491666671874999 0.441875 0.61 0.43499999999999994 0.6025 0.425 0.5991666671875 0.355 0.5833333328125 0.33875 0.5841666671875 0.333125 0.5558333328125 0.32875 0.5116666671875 0.3225 0.49583333281249997 0.316875 0.4625 0.301875 0.44333333281250004 0.29312499999999997 0.43916666718749997 0.27125 0.4483333328125 0.19125 0.49583333281249997 0.14875 0.5233333328125 0.14625 0.5275000000000001 0.148125 0.5375 0.19125 0.6133333328125 0.19125 0.62 0.1825 0.635
0 0.7318749999999999 0.5716666671875 0.734375 0.5816666671874999 0.7325 0.5916666671875 0.73375 0.6066666671875 0.7418750000000001 0.61 0.746875 0.6091666671875 0.751875 0.5991666671875 0.7581249999999999 0.595 0.759375 0.5841666671875 0.7837500000000001 0.5608333328125 0.809375 0.5416666671875 0.8243750000000001 0.5191666671874999 0.8231249999999999 0.5041666671875 0.81375 0.4916666671875 0.7681250000000001 0.46333333281250005 0.740625 0.45499999999999996 0.7212500000000001 0.4566666671875 0.6925 0.46749999999999997 0.67 0.48250000000000004 0.6599999999999999 0.49833333281250003 0.6587500000000001 0.5083333328124999 0.665 0.5208333328125 0.6956249999999999 0.54 0.7318749999999999 0.5716666671875
8 0.9106249999999999 0.5258333328125 0.93 0.5283333328125 0.928125 0.5183333328125 0.89625 0.505 0.89625 0.48333333281249996 0.9193749999999999 0.4875 0.91875 0.475 0.8949999999999999 0.4658333328125 0.8387499999999999 0.4516666671875 0.821875 0.3983333328125 0.82125 0.3883333328125 0.8175000000000001 0.3875 0.8162499999999999 0.3916666671875 0.8125 0.425 0.8318749999999999 0.49833333281250003 0.835 0.5025000000000001 0.9106249999999999 0.5258333328125
11 0.586875 0.3166666671875 0.59375 0.26 0.5543750000000001 0.2633333328125 0.5525 0.2666666671875 0.54875 0.3258333328125 0.5725 0.32083333281250004 0.57625 0.3158333328125 0.586875 0.3166666671875
11 0.6131249999999999 0.2541666671875 0.61125 0.2708333328125 0.61 0.30416666718749996 0.655 0.3008333328125 0.66125 0.2541666671875 0.6131249999999999 0.2541666671875
11 0.705 0.24416666718750002 0.685625 0.24500000000000002 0.683125 0.2525 0.678125 0.2891666671875 0.6925 0.2908333328125 0.6993750000000001 0.2841666671875 0.705 0.24416666718750002
11 0.729375 0.2875 0.73125 0.2683333328125 0.73875 0.2416666671875 0.72375 0.2416666671875 0.7175 0.26 0.71375 0.2783333328125 0.7212500000000001 0.27999999999999997 0.721875 0.2883333328125 0.729375 0.2875
10 0.5075000000000001 0.44166666718750003 0.499375 0.43833333281250003 0.491875 0.44000000000000006 0.4925 0.45499999999999996 0.501875 0.4575 0.509375 0.45499999999999996 0.5075000000000001 0.44166666718750003
5 0.45375 0.43583333281250003 0.4375 0.44749999999999995 0.43624999999999997 0.45499999999999996 0.45562500000000006 0.44333333281250004 0.460625 0.43583333281250003 0.45375 0.43583333281250003
13 0.47375 0.34249999999999997 0.4725 0.3241666671875 0.469375 0.315 0.46375 0.3158333328125 0.46125 0.32999999999999996 0.465 0.3566666671875 0.471875 0.3566666671875 0.47375 0.34249999999999997