0 0.40125 0.7908333328125 0.39187500000000003 0.8033333328125 0.380625 0.8108333328124999 0.38125 0.8233333328124999 0.364375 0.8533333328125 0.356875 0.8758333328125 0.34562499999999996 0.8991666671875 0.344375 0.9099999999999999 0.33999999999999997 0.9216666671875 0.338125 0.9625 0.340625 0.9741666671875 0.353125 0.9883333328124999 0.37374999999999997 0.9991666671875 0.591875 0.9991666671875 0.5912499999999999 0.9724999999999999 0.595 0.9358333328124999 0.603125 0.9016666671875001 0.610625 0.8558333328125001 0.614375 0.8150000000000001 0.6131249999999999 0.8016666671875001 0.608125 0.7849999999999999 0.5974999999999999 0.7716666671875 0.559375 0.7525000000000001 0.5337500000000001 0.7483333328125 0.5175 0.74 0.48187499999999994 0.735 0.4625 0.735 0.440625 0.7424999999999999 0.42874999999999996 0.7516666671875 0.41125 0.7716666671875 0.40125 0.7908333328125
12 0.140625 0.4575 0.12687500000000002 0.4566666671875 0.11000000000000001 0.46166666718749994 0.0775 0.4733333328125 0.06999999999999999 0.48166666718749995 0.07125000000000001 0.4883333328125 0.06687499999999999 0.5 0.0675 0.515 0.07125000000000001 0.5241666671874999 0.08937500000000001 0.55 0.096875 0.5491666671875 0.0975 0.545 0.078125 0.5183333328125 0.075 0.5091666671875 0.075625 0.5 0.07875 0.4916666671875 0.08937500000000001 0.48333333281249996 0.136875 0.4658333328125 0.14250000000000002 0.4683333328125 0.145 0.49583333281249997 0.150625 0.5008333328125001 0.18562499999999998 0.5008333328125001 0.21875 0.48333333281249996 0.256875 0.48333333281249996 0.25187499999999996 0.465 0.260625 0.4175 0.25875 0.41166666718749995 0.15625 0.3916666671875 0.151875 0.4 0.145625 0.43 0.143125 0.45416666718750004 0.140625 0.4575
9 0 0.6783333328125 0.01125 0.7416666671875001 0.024375 0.8416666671874999 0.030625000000000003 0.8658333328125 0.035625000000000004 0.8708333328125001 0.045625 0.8633333328124999 0.04875 0.8541666671874999 0.019375 0.6625 0.017499999999999998 0.6316666671875 0.015 0.6258333328125001 0.006875000000000001 0.6224999999999999 0 0.6241666671874999 0 0.6783333328125
9 0 0.6083333328125 0.07875 0.6275000000000001 0.12250000000000001 0.6408333328125 0.15687500000000001 0.6458333328125 0.1975 0.6575 0.21812499999999999 0.6599999999999999 0.26937500000000003 0.6733333328125 0.28375 0.6641666671875 0.2925 0.6516666671875 0.323125 0.6224999999999999 0.334375 0.6083333328125 0.37875000000000003 0.5650000000000001 0.38375 0.5633333328125001 0.385625 0.5591666671875 0.39187500000000003 0.5599999999999999 0.39125 0.5641666671875 0.38625 0.5675 0.38687499999999997 0.5716666671875 0.40499999999999997 0.5633333328125001 0.41312499999999996 0.5416666671875 0.42374999999999996 0.5341666671875 0.43499999999999994 0.5175 0.445 0.5166666671875 0.44875 0.5233333328125 0.44875 0.5325 0.44437499999999996 0.54 0.42874999999999996 0.5516666671875 0.42374999999999996 0.5616666671874999 0.41312499999999996 0.5666666671875 0.40499999999999997 0.5791666671875 0.4 0.5825 0.398125 0.5908333328125 0.40374999999999994 0.5933333328125 0.40437500000000004 0.5958333328125 0.39375 0.6091666671875 0.38 0.61 0.380625 0.6133333328125 0.3875 0.6141666671875 0.3875 0.6183333328125 0.383125 0.6224999999999999 0.380625 0.6341666671875 0.339375 0.6883333328125001 0.34125 0.6925 0.3525 0.6975 0.3875 0.7066666671874999 0.39625 0.7066666671874999 0.42062499999999997 0.6658333328125 0.4525 0.62 0.47125000000000006 0.5875 0.473125 0.5625 0.47125000000000006 0.5041666671875 0.4725 0.47416666718749995 0.469375 0.46666666718750005 0.471875 0.4641666671875 0.4725 0.4591666671875 0.4625 0.4525 0.448125 0.4491666671875 0.39437500000000003 0.44000000000000006 0.37124999999999997 0.43916666718749997 0.338125 0.4308333328125 0.32125 0.4308333328125 0.305625 0.43583333281250003 0.253125 0.4641666671875 0.24937499999999999 0.4716666671875 0.24937499999999999 0.47583333281250006 0.2525 0.48 0.25 0.48250000000000004 0.225 0.4808333328125 0.20875 0.4875 0.0725 0.5625 0.009375 0.5941666671875 0 0.6008333328125001 0 0.6083333328125
1 0.241875 0.7233333328125 0.23562500000000003 0.7266666671875 0.231875 0.7316666671875 0.23312499999999997 0.74 0.238125 0.7458333328125 0.26187499999999997 0.7608333328125 0.27125 0.7616666671875 0.28125 0.7583333328124999 0.2875 0.7533333328125 0.3125 0.7233333328125 0.3125 0.7183333328125 0.30874999999999997 0.7125 0.294375 0.7016666671875 0.27375 0.6991666671875 0.2625 0.7033333328125 0.256875 0.71 0.246875 0.7158333328125 0.241875 0.7233333328125
10 0.273500625 0.5919916671875 0.270415625 0.5829475000000001 0.25622375000000003 0.5804808328125 0.24079812500000003 0.5854141671875001 0.231388125 0.6007866671875 0.24511750000000002 0.604325 0.26116 0.6018583328125 0.273500625 0.5919916671875
5 0.2650825 0.5338441671874999 0.21226250000000002 0.5333691671875 0.21404687500000003 0.5390758328125 0.26472562499999996 0.5400266671875 0.2650825 0.5338441671874999
7 0.2461675 0.5742666671875 0.26008624999999996 0.5699866671875 0.2697225 0.5657066671875 0.27650312499999996 0.5619025 0.27115 0.5561958328125 0.26187062499999997 0.5566708328125001 0.25651687500000003 0.5633291671875 0.24973625 0.56428 0.2386725 0.5574675 0.2386725 0.56856 0.239743125 0.5756933328125 0.2461675 0.5742666671875
13 0.16872125 0.54288 0.172290625 0.5951916671874999 0.1755025 0.6294316671875 0.186209375 0.6318091671875 0.19763 0.6289558328125 0.20334 0.6203958328125 0.19834374999999999 0.5542933328124999 0.194774375 0.5324175 0.186209375 0.5167241671875 0.174431875 0.5193991671875 0.17300437500000002 0.52576 0.173718125 0.5319425 0.16872125 0.54288
12 0.6487499999999999 0.44000000000000006 0.65125 0.43333333281249997 0.650625 0.4216666671875 0.6537499999999999 0.39 0.6537499999999999 0.3791666671875 0.651875 0.3758333328125 0.56375 0.3641666671875 0.5599999999999999 0.3783333328125 0.55625 0.4266666671875 0.645 0.44166666718750003 0.6487499999999999 0.44000000000000006
12 0.5543750000000001 0.5108333328125 0.588125 0.5183333328125 0.5818749999999999 0.5650000000000001 0.58375 0.5700000000000001 0.593125 0.5725 0.596875 0.5708333328124999 0.599375 0.5208333328125 0.64375 0.5233333328125 0.64625 0.515 0.65125 0.5116666671875 0.655625 0.5025000000000001 0.655 0.5 0.65125 0.49916666718749997 0.6481250000000001 0.505 0.645625 0.5 0.641875 0.5033333328125 0.6224999999999999 0.5033333328125 0.6012500000000001 0.49749999999999994 0.569375 0.49416666718749996 0.55375 0.4883333328125 0.5525 0.48250000000000004 0.54625 0.4966666671875 0.54625 0.5075000000000001 0.548125 0.5116666671875 0.5543750000000001 0.5108333328125
9 0.614375 0.8316666671874999 0.615625 0.8408333328125 0.619375 0.845 0.6287499999999999 0.8474999999999999 0.6331249999999999 0.8541666671874999 0.63375 0.8708333328125001 0.639375 0.8791666671874999 0.6425 0.89 0.640625 0.9275 0.6375 0.9391666671875001 0.63 0.95 0.62 0.9516666671875 0.60875 0.9491666671875001 0.594375 0.9683333328125 0.5912499999999999 0.975 0.5900000000000001 0.9991666671875 0.7775000000000001 0.9991666671875 0.7737499999999999 0.9908333328125 0.779375 0.9408333328125 0.775625 0.8775000000000001 0.7737499999999999 0.8625 0.77 0.8533333328125 0.7693749999999999 0.8275 0.7631249999999999 0.8166666671874999 0.7306250000000001 0.8091666671875 0.6287499999999999 0.7766666671875 0.60625 0.7733333328125 0.6056250000000001 0.7825 0.61375 0.795 0.61625 0.8150000000000001 0.614375 0.8316666671874999
9 0.195 0.7241666671875 0.16875 0.745 0.15687500000000001 0.76 0.139375 0.7725 0.12375 0.7883333328125001 0.0875 0.8175000000000001 0.08375 0.8233333328124999 0.07625 0.8283333328125 0.000625 0.9016666671875001 0 0.9508333328124999 0.009375 0.9816666671875 0.01125 0.9941666671875 0.008749999999999999 0.9991666671875 0.383125 0.9991666671875 0.35375 0.9841666671875 0.34249999999999997 0.9658333328125 0.34187500000000004 0.9441666671875 0.35 0.9058333328125 0.35 0.8949999999999999 0.36 0.8766666671875001 0.365625 0.8583333328125 0.385625 0.8183333328125 0.39249999999999996 0.8058333328125 0.406875 0.79 0.42062499999999997 0.7641666671875 0.436875 0.745 0.46749999999999997 0.7283333328125 0.4525 0.7216666671875 0.2875 0.6766666671875 0.26 0.6733333328125 0.23937499999999998 0.6825 0.22312500000000002 0.6991666671875 0.210625 0.7075 0.195 0.7241666671875