12 0.380625 0.7908333328125 0.38 0.8058333328125 0.38875000000000004 0.8066666671875 0.43375 0.8574999999999999 0.460625 0.8800000000000001 0.45875000000000005 0.885 0.429375 0.9 0.416875 0.9133333328125 0.41125 0.9291666671875 0.410625 0.9541666671875 0.4125 0.9608333328124999 0.4175 0.9633333328125 0.428125 0.9566666671874999 0.426875 0.9216666671875 0.441875 0.9091666671875 0.47562499999999996 0.8908333328125 0.48312499999999997 0.8908333328125 0.49874999999999997 0.9058333328125 0.499375 0.9991666671875 0.509375 0.9991666671875 0.50625 0.9091666671875 0.5131249999999999 0.9041666671874999 0.57125 0.9099999999999999 0.579375 0.9208333328125 0.58 0.9341666671875 0.585 0.9508333328124999 0.5925 0.9558333328125 0.600625 0.9491666671875001 0.6025 0.9408333328125 0.599375 0.9316666671875 0.589375 0.9116666671875 0.57625 0.8983333328124999 0.575 0.8916666671875 0.58 0.8783333328125 0.5806250000000001 0.8550000000000001 0.5878125 0.8491666671875 0.6018749999999999 0.8466666671875 0.61 0.8191666671875 0.61625 0.7433333328125 0.61625 0.72 0.6131249999999999 0.7091666671875 0.609375 0.7066666671874999 0.5962500000000001 0.7116666671874999 0.57625 0.7091666671875 0.49000000000000005 0.6758333328125 0.44749999999999995 0.6666666671875 0.4325 0.6508333328125 0.42125 0.6483333328125 0.40125 0.6766666671875 0.3775 0.7233333328125 0.3525 0.72 0.351875 0.7241666671875 0.3675 0.7458333328125 0.37687499999999996 0.7733333328125 0.380625 0.7908333328125
9 0.818125 0.5916666671875 0.821875 0.5900000000000001 0.8225 0.5816666671874999 0.80625 0.5633333328125001 0.795625 0.5558333328125 0.7737499999999999 0.5508333328125 0.76125 0.5416666671875 0.760625 0.5341666671875 0.7737499999999999 0.5216666671875 0.77625 0.5183333328125 0.775 0.5158333328125 0.7422156249999999 0.515 0.71875 0.5091666671875 0.7150000000000001 0.5158333328125 0.713125 0.5333333328125 0.7056250000000001 0.5383333328125001 0.6475 0.5391666671875 0.639375 0.5341666671875 0.6174999999999999 0.495 0.594375 0.4933333328125 0.58375 0.49583333281249997 0.591875 0.5075000000000001 0.5925 0.5625 0.5875 0.5700000000000001 0.583125 0.5716666671875 0.55 0.5741666671875 0.5131249999999999 0.5741666671875 0.49874999999999997 0.5608333328125 0.48562500000000003 0.5541666671875001 0.446875 0.5558333328125 0.44375 0.5466666671875 0.446875 0.5408333328125 0.45562500000000006 0.5333333328125 0.469375 0.53 0.48 0.5225 0.479375 0.5083333328124999 0.47562499999999996 0.5008333328125001 0.39437500000000003 0.5008333328125001 0.39125 0.5033333328125 0.3725 0.55 0.36 0.5925 0.359375 0.6008333328125001 0.361875 0.6025 0.6018749999999999 0.6016666671875 0.818125 0.5916666671875
0 0.49124999999999996 0.5616666671874999 0.500625 0.5733333328125 0.515625 0.5791666671875 0.588125 0.58 0.594375 0.5758333328125 0.5974999999999999 0.5616666671874999 0.595625 0.5341666671875 0.584375 0.5033333328125 0.5725 0.4933333328125 0.556875 0.49000000000000005 0.516875 0.4883333328125 0.503125 0.49083333281249997 0.48875 0.5091666671875 0.48125 0.525 0.46312499999999995 0.5308333328125 0.446875 0.5433333328125001 0.446875 0.5516666671875 0.45125000000000004 0.5575 0.484375 0.5583333328125 0.49124999999999996 0.5616666671874999
11 0.826875 0.38333333281250004 0.8168749999999999 0.3808333328125 0.7112499999999999 0.385 0.708125 0.395 0.7 0.465 0.6993750000000001 0.475 0.7025 0.4783333328125 0.809375 0.4733333328125 0.826875 0.38333333281250004
11 0.75625 0.3591666671875 0.76375 0.3258333328125 0.759375 0.3233333328125 0.6925 0.32166666718750003 0.6900000000000001 0.3233333328125 0.6875 0.3391666671875 0.6849999999999999 0.37666666718749997 0.7525000000000001 0.3783333328125 0.75625 0.3716666671875 0.75625 0.3591666671875
11 0.634375 0.3241666671875 0.57125 0.3241666671875 0.56875 0.3291666671875 0.5675 0.3491666671875 0.56875 0.37666666718749997 0.625625 0.3775 0.630625 0.3625 0.634375 0.3241666671875
11 0.89875 0.365 0.909375 0.3233333328125 0.8481249999999999 0.32083333281250004 0.8393750000000001 0.3483333328125 0.834375 0.37 0.83625 0.3741666671875 0.89375 0.3741666671875 0.89875 0.365
11 0.999375 0.3891666671875 0.999375 0.3225 0.9793749999999999 0.3233333328125 0.9581250000000001 0.3716666671875 0.9574999999999999 0.3825 0.959375 0.38416666718750003 0.9818749999999999 0.3891666671875 0.999375 0.3891666671875
6 0.686875 0.5166666671875 0.693125 0.5091666671875 0.7056250000000001 0.5041666671875 0.70375 0.49916666718749997 0.691875 0.49000000000000005 0.6375 0.4575 0.615 0.46166666718749994 0.608125 0.4658333328125 0.609375 0.47083333281249995 0.623125 0.48166666718749995 0.68125 0.5166666671875 0.686875 0.5166666671875
9 0.3175 0.5216666671875 0.32999999999999996 0.5166666671875 0.35125 0.5216666671875 0.378125 0.5216666671875 0.395625 0.4808333328125 0.41375 0.4216666671875 0.416875 0.4016666671875 0.378125 0.3991666671875 0.32437499999999997 0.4016666671875 0.21937500000000001 0.5083333328124999 0.21749999999999997 0.5125 0.221875 0.5233333328125 0.24741062500000002 0.52 0.3175 0.5216666671875
13 0.281875 0.49916666718749997 0.28125 0.4841666671875 0.27375 0.4483333328125 0.26749999999999996 0.4375 0.26 0.43916666718749997 0.258125 0.45499999999999996 0.270625 0.505 0.27125 0.5016666671875 0.281875 0.49916666718749997
2 0.1875 0.4291666671875 0.22625 0.42833333281249997 0.22749999999999998 0.4016666671875 0.2325 0.3933333328125 0.26437499999999997 0.39416666718750004 0.23937499999999998 0.2533333328125 0.20249999999999999 0.2491666671875 0.14625 0.25 0.144375 0.2541666671875 0.15 0.2866666671875 0.18375 0.4225 0.1875 0.4291666671875
1 0.425 0.52 0.42750000000000005 0.5091666671875 0.41 0.5066666671875 0.4025 0.5158333328125 0.40125 0.5225 0.403125 0.5241666671874999 0.42062499999999997 0.525 0.425 0.52
3 0.40875000000000006 0.5816666671874999 0.418125 0.5658333328125 0.41875 0.5583333328125 0.41375 0.5483333328125 0.40437500000000004 0.5483333328125 0.40062499999999995 0.5549999999999999 0.3975 0.5549999999999999 0.39249999999999996 0.5483333328125 0.383125 0.5491666671875 0.380625 0.5525 0.378125 0.5758333328125 0.38125 0.5841666671875 0.385625 0.5816666671874999 0.40875000000000006 0.5816666671874999