0 0.5974999999999999 0.6333333328124999 0.595 0.6566666671875 0.598125 0.6966666671875 0.589375 0.7266666671875 0.56375 0.7591666671875 0.56125 0.7791666671875 0.5587500000000001 0.7825 0.5587500000000001 0.7925 0.56875 0.8016666671875001 0.57875 0.7958333328125 0.5974999999999999 0.7925 0.610625 0.7825 0.61375 0.7691666671874999 0.623125 0.7616666671875 0.631875 0.7491666671874999 0.634375 0.7491666671874999 0.63625 0.7525000000000001 0.646875 0.7575000000000001 0.6475 0.7725 0.6525000000000001 0.7849999999999999 0.653125 0.7966666671875 0.660625 0.8091666671875 0.6743750000000001 0.8208333328125 0.6775 0.8266666671875 0.6925 0.8416666671874999 0.7056250000000001 0.8458333328125001 0.75625 0.8383333328125 0.780625 0.8308333328125 0.825 0.8233333328124999 0.849375 0.8141666671875001 0.8625 0.8033333328125 0.866875 0.7975 0.8712500000000001 0.7833333328125 0.8731249999999999 0.7683333328125 0.871875 0.7433333328125 0.8625 0.7175 0.8306250000000001 0.6666666671875 0.8143750000000001 0.6475 0.77 0.6141666671875 0.7375 0.5974999999999999 0.716875 0.5958333328125 0.6875 0.5991666671875 0.6325000000000001 0.5974999999999999 0.60625 0.61 0.5974999999999999 0.6333333328124999
1 0.48622125 0.6508991671875 0.44311937500000004 0.6526933328125 0.44311937500000004 0.69544 0.49062 0.6907508328125 0.48622125 0.6508991671875
13 0.31124999999999997 0.5366666671875 0.31375000000000003 0.5575 0.313125 0.5700000000000001 0.31625000000000003 0.5875 0.31625000000000003 0.6233333328125 0.32625000000000004 0.6433333328125 0.34562499999999996 0.6475 0.365625 0.6416666671875 0.368125 0.6316666671875 0.364375 0.62 0.36312500000000003 0.5925 0.35375 0.5308333328125 0.34625 0.49416666718749996 0.340625 0.47750000000000004 0.333125 0.4841666671875 0.32999999999999996 0.4925 0.313125 0.5058333328125 0.31124999999999997 0.5366666671875
9 0 0.7083333328125 0.06687499999999999 0.6991666671875 0.0975 0.6925 0.145 0.6900000000000001 0.174375 0.6799999999999999 0.22937500000000002 0.6733333328125 0.253125 0.6675 0.28500000000000003 0.6641666671875 0.306875 0.6575 0.330625 0.655 0.349375 0.6458333328125 0.359375 0.6325000000000001 0.359375 0.5908333328125 0.35375 0.5466666671875 0.349375 0.5375 0.34562499999999996 0.5183333328125 0.34750000000000003 0.4916666671875 0.3375 0.445 0.32937500000000003 0.38 0.3225 0.3633333328125 0.3125 0.36 0.20375000000000001 0.3633333328125 0.178125 0.36833333281249997 0.12562500000000001 0.36833333281249997 0.114375 0.37 0.108125 0.3741666671875 0.08375 0.4166666671875 0.07875 0.43916666718749997 0.07875 0.45999999999999996 0.076875 0.4683333328125 0.06375 0.4783333328125 0.05625 0.4933333328125 0.04875 0.5016666671875 0.043125000000000004 0.5241666671874999 0.03625 0.5325 0.030625000000000003 0.5525 0.024375 0.5599999999999999 0.019375 0.5766666671875 0.01125 0.5875 0.005 0.605 0 0.6125 0 0.7083333328125
3 0.48375 0.8058333328125 0.47437500000000005 0.8058333328125 0.464375 0.8099999999999999 0.45499999999999996 0.8191666671875 0.44749999999999995 0.8383333328125 0.44875 0.8516666671875001 0.46187500000000004 0.8841666671875 0.47125000000000006 0.9008333328125 0.48624999999999996 0.9175000000000001 0.503125 0.9216666671875 0.510625 0.9199999999999999 0.50875 0.915 0.488125 0.9116666671875 0.47750000000000004 0.9 0.456875 0.8591666671875 0.453125 0.8474999999999999 0.45499999999999996 0.8425 0.47562499999999996 0.8358333328124999 0.49874999999999997 0.8375 0.5181250000000001 0.8333333328125001 0.5393749999999999 0.835 0.54375 0.8433333328125 0.548125 0.8691666671875 0.54875 0.8983333328124999 0.54625 0.9125 0.54875 0.9133333328125 0.5506249999999999 0.9083333328125001 0.553125 0.8925000000000001 0.553125 0.8741666671875 0.55125 0.8533333328125 0.5443749999999999 0.8233333328124999 0.5387500000000001 0.8133333328125 0.5337500000000001 0.7975 0.52 0.795 0.506875 0.8 0.495 0.8183333328125 0.490625 0.8183333328125 0.48375 0.8058333328125
10 0.30508562499999997 0.5732458328125001 0.306418125 0.5625916671875 0.295090625 0.5532691671875 0.2830975 0.5528258328125 0.27077062500000004 0.5630358328125 0.262358125 0.58424 0.27110375000000003 0.5910033328125001 0.28576250000000003 0.5905591671875 0.30508562499999997 0.5732458328125001
7 0.25577875 0.5288533328125 0.24645062499999998 0.5337366671875 0.243785 0.542615 0.233790625 0.5403958328125 0.23279125 0.5585966671875 0.24070375 0.5598091671875001 0.2514475 0.5501616671875 0.26310812499999997 0.5430591671875 0.264440625 0.5315175 0.25577875 0.5288533328125
5 0.21047 0.507545 0.145754375 0.5276041671875 0.146504375 0.5337366671875 0.21047 0.51376 0.21047 0.507545
12 0.34187500000000004 0.3091666671875 0.375625 0.31083333281250003 0.438125 0.3075 0.436875 0.2716666671875 0.43375 0.2475 0.43125 0.2416666671875 0.34249999999999997 0.2408333328125 0.34125 0.2525 0.344375 0.29333333281249996 0.336875 0.2991666671875 0.34187500000000004 0.3091666671875
12 0.34875 0.38 0.355 0.3875 0.365 0.3891666671875 0.3725 0.3991666671875 0.40125 0.3983333328125 0.4025 0.4158333328125 0.399375 0.42083333281249996 0.398125 0.4491666671875 0.41125 0.45 0.41312499999999996 0.44749999999999995 0.41312499999999996 0.43499999999999994 0.41 0.4166666671875 0.416875 0.4141666671875 0.4175 0.3966666671875 0.445625 0.3933333328125 0.465 0.3866666671875 0.465 0.3775 0.45999999999999996 0.3708333328125 0.459375 0.36583333281249997 0.44625000000000004 0.3641666671875 0.41187500000000005 0.36833333281249997 0.35125 0.36833333281249997 0.34875 0.37 0.34875 0.38
12 0.500625 0.27999999999999997 0.500625 0.28250000000000003 0.5075000000000001 0.2983333328125 0.51125 0.3 0.5118750000000001 0.30583333281249997 0.591875 0.30416666718749996 0.594375 0.3016666671875 0.596875 0.27 0.595625 0.2325 0.593125 0.2266666671875 0.51 0.2258333328125 0.506875 0.2316666671875 0.5081249999999999 0.2741666671875 0.50625 0.2783333328125 0.500625 0.27999999999999997
12 0.55375 0.4025 0.55 0.40750000000000003 0.5475 0.4266666671875 0.548125 0.43666666718749997 0.560625 0.43499999999999994 0.561875 0.41916666718749995 0.5587500000000001 0.39416666718750004 0.5662499999999999 0.3908333328125 0.5662499999999999 0.37333333281250003 0.61125 0.36833333281249997 0.6131249999999999 0.3641666671875 0.6125 0.3566666671875 0.60625 0.35583333281249996 0.5443749999999999 0.3616666671875 0.54375 0.3716666671875 0.555625 0.3741666671875 0.55375 0.4025
11 0.6075 0.27999999999999997 0.6056250000000001 0.2866666671875 0.60625 0.305 0.614375 0.31083333281250003 0.635625 0.3116666671875 0.661875 0.3175 0.6675 0.32083333281250004 0.67125 0.32083333281250004 0.673125 0.3175 0.68125 0.3133333328125 0.7006249999999999 0.3133333328125 0.709375 0.31083333281250003 0.71375 0.30416666718749996 0.7175 0.2916666671875 0.7175 0.2783333328125 0.7275 0.2208333328125 0.7275 0.2116666671875 0.725 0.205 0.7212500000000001 0.20249999999999999 0.65125 0.2008333328125 0.620625 0.20166666718749998 0.614375 0.20916666718750002 0.6118750000000001 0.21749999999999997 0.6075 0.27999999999999997
12 0 0.5075000000000001 0.0475 0.5066666671875 0.075625 0.45 0.079375 0.43833333281250003 0.076875 0.37333333281250003 0.073125 0.36666666718749996 0.06 0.36666666718749996 0 0.3691666671875 0 0.5075000000000001
12 0 0.8441666671875 0.003125 0.8491666671875 0.005625 0.8408333328125 0.01 0.7816666671875 0.0225 0.775 0.028749999999999998 0.7691666671874999 0.0325 0.7616666671875 0.094375 0.7566666671875 0.1075 0.7666666671875 0.09812499999999999 0.7816666671875 0.09812499999999999 0.7925 0.11000000000000001 0.7991666671875 0.12250000000000001 0.7841666671875 0.12437499999999999 0.7758333328125 0.123125 0.7666666671875 0.113125 0.7541666671875 0.099375 0.7483333328125 0.081875 0.745 0.078125 0.7325 0.0725 0.73 0.059375 0.73 0.036875000000000005 0.7333333328125 0.03 0.7375 0.021875 0.7358333328125 0.015 0.7408333328125 0 0.7458333328125 0 0.8441666671875
12 0 0.5933333328125 0.009375 0.5916666671875 0.023125 0.5625 0.0225 0.5575 0.01 0.5575 0 0.5583333328125 0 0.5933333328125
11 0.803125 0.2908333328125 0.80625 0.29500000000000004 0.818125 0.2983333328125 0.9125 0.3 0.9181250000000001 0.2958333328125 0.925 0.2841666671875 0.934375 0.27749999999999997 0.934375 0.2158333328125 0.928125 0.2058333328125 0.915625 0.20249999999999999 0.82 0.19583333281249998 0.8106249999999999 0.2033333328125 0.8081250000000001 0.21833333281249998 0.803125 0.27 0.803125 0.2908333328125