13 0.46624999999999994 0.6741666671875 0.473125 0.6766666671875 0.484375 0.6758333328125 0.49874999999999997 0.6608333328125 0.5037499999999999 0.62 0.504375 0.5441666671875 0.496875 0.5233333328125 0.495 0.5075000000000001 0.49124999999999996 0.5033333328125 0.478125 0.5 0.468125 0.5075000000000001 0.459375 0.5475 0.459375 0.6591666671875 0.46624999999999994 0.6741666671875
10 0.34500000000000003 0.7116666671874999 0.3525 0.7166666671875 0.36875 0.7183333328125 0.383125 0.7150000000000001 0.39625 0.7041666671875 0.4 0.6966666671875 0.399375 0.6833333328125 0.393125 0.6666666671875 0.3875 0.6583333328125 0.380625 0.6541666671875 0.353125 0.6533333328125 0.339375 0.6575 0.33375 0.6683333328125001 0.3375 0.6991666671875 0.34500000000000003 0.7116666671874999
5 0.076875 0.8099999999999999 0.0675 0.8241666671875001 0.064375 0.8491666671875 0.073125 0.8574999999999999 0.0775 0.8574999999999999 0.088125 0.8491666671875 0.096875 0.8333333328125001 0.099375 0.8183333328125 0.10625 0.8033333328125 0.12250000000000001 0.75 0.12062500000000001 0.7424999999999999 0.11187499999999999 0.7391666671875 0.099375 0.7483333328125 0.09125 0.7775000000000001 0.08375 0.7883333328125001 0.076875 0.8099999999999999
9 0 0.9991666671875 0.46375 0.9991666671875 0.4625 0.9833333328125 0.465625 0.9591666671875 0.473125 0.9216666671875 0.48624999999999996 0.8733333328124999 0.4925 0.8316666671874999 0.504375 0.7883333328125001 0.51875 0.7025 0.5287499999999999 0.6599999999999999 0.5287499999999999 0.6433333328125 0.521875 0.64 0.506875 0.6416666671875 0.503125 0.645 0.500625 0.6583333328125 0.49812500000000004 0.6616666671875 0.48375 0.6708333328125 0.476875 0.6708333328125 0.469375 0.6675 0.465 0.6616666671875 0.46187500000000004 0.65 0.460625 0.6333333328124999 0.45625 0.6275000000000001 0.45187499999999997 0.6258333328125001 0.4025 0.6166666671875001 0.155 0.5841666671875 0.12875 0.5758333328125 0 0.5599999999999999 0 0.9991666671875
0 0.6125 0.4458333328125 0.60625 0.45499999999999996 0.590625 0.4641666671875 0.5818749999999999 0.47416666718749995 0.5775 0.4883333328125 0.57875 0.5016666671875 0.594375 0.5241666671874999 0.600625 0.5283333328125 0.6799999999999999 0.5566666671875 0.7106250000000001 0.5575 0.71875 0.5633333328125001 0.7575000000000001 0.5716666671875 0.764375 0.5766666671875 0.7837500000000001 0.5833333328125 0.8099999999999999 0.5816666671874999 0.821875 0.5725 0.83125 0.5549999999999999 0.835 0.5308333328125 0.834375 0.5091666671875 0.82875 0.4883333328125 0.8175000000000001 0.46166666718749994 0.805 0.43916666718749997 0.7887500000000001 0.4291666671875 0.760625 0.4291666671875 0.73625 0.4225 0.7175 0.4216666671875 0.686875 0.4291666671875 0.651875 0.43 0.624375 0.43583333281250003 0.6125 0.4458333328125
7 0.265710625 0.7232191671875 0.279748125 0.7312358328124999 0.289775 0.7267825 0.283759375 0.69828 0.268384375 0.7036241671875 0.26771625 0.6929350000000001 0.25902625 0.6831375000000001 0.24498875 0.6831375000000001 0.234795 0.6954158328125 0.243651875 0.7116399999999999 0.2563525 0.7160941671875001 0.265710625 0.7232191671875
11 0.1275 0.1933333328125 0.13125 0.2116666671875 0.13625 0.275 0.135625 0.2925 0.1375 0.3016666671875 0.140625 0.30583333281249997 0.15375 0.31083333281250003 0.160625 0.3083333328125 0.16312500000000002 0.30416666718749996 0.191875 0.3 0.215 0.27999999999999997 0.221875 0.27 0.22749999999999998 0.25166666718749997 0.226875 0.24 0.22374999999999998 0.22916666718749998 0.2225 0.18 0.216875 0.16833333281250001 0.20750000000000002 0.1675 0.146875 0.17333333281250002 0.135 0.1766666671875 0.12875 0.18416666718750002 0.1275 0.1933333328125
11 0.2575 0.16999999999999998 0.260625 0.2325 0.26187499999999997 0.2408333328125 0.265 0.24500000000000002 0.28312499999999996 0.2483333328125 0.339375 0.2375 0.35 0.22916666718749998 0.35 0.1516666671875 0.34249999999999997 0.145 0.325 0.145 0.306875 0.1491666671875 0.26625 0.1525 0.26 0.1583333328125 0.2575 0.16999999999999998
4 0.8393750000000001 0.24583333281250003 0.836875 0.25833333281250004 0.8106249999999999 0.2916666671875 0.805 0.30333333281249997 0.79625 0.3116666671875 0.791875 0.3241666671875 0.7849999999999999 0.3308333328125 0.781875 0.3416666671875 0.784375 0.355 0.790625 0.3641666671875 0.8087500000000001 0.40750000000000003 0.82875 0.4458333328125 0.834375 0.465 0.8418749999999999 0.475 0.8481249999999999 0.4925 0.8543749999999999 0.5008333328125001 0.860625 0.5216666671875 0.868125 0.5358333328125 0.874375 0.5591666671875 0.878125 0.5641666671875 0.884375 0.5825 0.8881249999999999 0.5841666671875 0.899375 0.5758333328125 0.90625 0.5566666671875 0.9125 0.5491666671875 0.9237500000000001 0.5275000000000001 0.93 0.49749999999999994 0.9375 0.4808333328125 0.9393750000000001 0.465 0.94375 0.4516666671875 0.95 0.4458333328125 0.95375 0.43833333281250003 0.9668749999999999 0.43 0.975 0.4183333328125 0.978125 0.39249999999999996 0.978125 0.3741666671875 0.975 0.3566666671875 0.96875 0.3416666671875 0.9625 0.305 0.95375 0.2941666671875 0.9487500000000001 0.27999999999999997 0.9337500000000001 0.2725 0.914375 0.2541666671875 0.9125 0.24 0.915 0.2266666671875 0.915 0.20750000000000002 0.913125 0.2 0.9075 0.1933333328125 0.8975 0.1875 0.8706250000000001 0.1825 0.8568749999999999 0.1883333328125 0.8474999999999999 0.1991666671875 0.840625 0.21749999999999997 0.8393750000000001 0.24583333281250003
4 0.35812499999999997 0.1533333328125 0.35375 0.1783333328125 0.35375 0.19583333281249998 0.355 0.20416666718749998 0.359375 0.2108333328125 0.37 0.215 0.378125 0.2108333328125 0.38125 0.2058333328125 0.381875 0.1891666671875 0.378125 0.17333333281250002 0.378125 0.1533333328125 0.38625 0.145 0.3875 0.1358333328125 0.38125 0.1208333328125 0.375 0.1166666671875 0.365625 0.11499999999999999 0.355 0.1241666671875 0.351875 0.135 0.351875 0.14250000000000002 0.35812499999999997 0.1533333328125
11 0.396875 0.20833333281250002 0.395 0.2116666671875 0.401875 0.2141666671875 0.40812499999999996 0.20916666718750002 0.41375 0.21000000000000002 0.41624999999999995 0.2033333328125 0.41375 0.13916666718749998 0.41312499999999996 0.1366666671875 0.405625 0.1366666671875 0.393125 0.13916666718749998 0.390625 0.1433333328125 0.396875 0.2008333328125 0.396875 0.20833333281250002
11 0.438115 0.1900958328125 0.44263562500000003 0.188805 0.45878125000000003 0.1827808328125 0.45975 0.1724541671875 0.461041875 0.1298558328125 0.44069812500000005 0.1332983328125 0.43972937500000003 0.1397525 0.43843812499999996 0.17374499999999998 0.438115 0.1900958328125
12 0.76 0.2908333328125 0.7618750000000001 0.2891666671875 0.7618750000000001 0.2808333328125 0.7675 0.2641666671875 0.776875 0.24416666718750002 0.7775000000000001 0.2308333328125 0.7725 0.2241666671875 0.7581249999999999 0.2233333328125 0.75125 0.2316666671875 0.74 0.2733333328125 0.73375 0.2816666671875 0.76 0.2908333328125
0 0.6793750000000001 0.28500000000000003 0.6756249999999999 0.29 0.671875 0.30333333281249997 0.67375 0.3183333328125 0.680625 0.3241666671875 0.70875 0.3333333328125 0.774375 0.335 0.78125 0.3308333328125 0.7893749999999999 0.3166666671875 0.79125 0.30583333281249997 0.7893749999999999 0.2975 0.784375 0.2908333328125 0.765 0.2808333328125 0.753125 0.2616666671875 0.746875 0.26 0.7381249999999999 0.2683333328125 0.7175 0.2733333328125 0.709375 0.2783333328125 0.6793750000000001 0.28500000000000003
12 0.790625 0.3083333328125 0.791875 0.3016666671875 0.8018750000000001 0.2916666671875 0.818125 0.2666666671875 0.8162499999999999 0.2633333328125 0.791875 0.255 0.7737499999999999 0.2908333328125 0.774375 0.2958333328125 0.785625 0.31083333281250003 0.790625 0.3083333328125
11 0.65625 0.1925 0.656875 0.1875 0.653125 0.1816666671875 0.646875 0.2033333328125 0.629375 0.20750000000000002 0.630625 0.2133333328125 0.635 0.2133333328125 0.63625 0.2158333328125 0.63 0.22749999999999998 0.631875 0.2375 0.635625 0.2416666671875 0.63 0.2525 0.620625 0.2941666671875 0.619375 0.3283333328125 0.6212500000000001 0.33166666718750004 0.6956249999999999 0.3291666671875 0.694375 0.325 0.676875 0.31916666718750003 0.671875 0.31416666718749997 0.6575 0.3133333328125 0.654375 0.31083333281250003 0.6537499999999999 0.2325 0.6575 0.2241666671875 0.6637500000000001 0.2266666671875 0.690625 0.22749999999999998 0.6950000000000001 0.22999999999999998 0.6956249999999999 0.24333333281249997 0.6925 0.27 0.69375 0.27999999999999997 0.7268749999999999 0.2758333328125 0.7424999999999999 0.265 0.718125 0.20166666718749998 0.684375 0.1991666671875 0.6799999999999999 0.20249999999999999 0.6725 0.2033333328125 0.6756249999999999 0.1533333328125 0.67125 0.1433333328125 0.665 0.1575 0.663125 0.1833333328125 0.6587500000000001 0.19083333281249998 0.65625 0.1925
9 0 0.45583333281250005 0.01625 0.45 0.025625 0.44166666718750003 0.045 0.43666666718749997 0.05 0.4308333328125 0.058125 0.42750000000000005 0.08 0.4258333328125 0.09 0.43 0.091875 0.42833333281249997 0.093125 0.4183333328125 0.100625 0.40750000000000003 0.104375 0.40750000000000003 0.109375 0.4166666671875 0.10625 0.43 0.108125 0.4425 0.11937500000000001 0.4566666671875 0.125 0.4841666671875 0.12875 0.4858333328125 0.130625 0.48166666718749995 0.12875 0.45583333281250005 0.12562500000000001 0.445 0.11875 0.43499999999999994 0.11625 0.4216666671875 0.118125 0.40416666718750005 0.1375 0.3858333328125 0.16625 0.3866666671875 0.1775 0.3916666671875 0.18875 0.3916666671875 0.1925 0.3783333328125 0.193125 0.3541666671875 0.205625 0.3416666671875 0.20187499999999997 0.335 0.193125 0.3325 0.16625 0.3408333328125 0.1525 0.3408333328125 0.12062500000000001 0.335 0.113125 0.3291666671875 0.105625 0.3133333328125 0.09812499999999999 0.3091666671875 0.08937500000000001 0.3083333328125 0.07062500000000001 0.31916666718750003 0.05500000000000001 0.3241666671875 0.04375 0.3325 0.013750000000000002 0.3408333328125 0 0.3508333328125 0 0.45583333281250005
9 0.8087500000000001 0.4258333328125 0.80375 0.43166666718749996 0.778125 0.43 0.770625 0.4341666671875 0.780625 0.43583333281250003 0.785625 0.44166666718750003 0.795 0.4441666671875 0.8074999999999999 0.4583333328125 0.82125 0.48 0.82875 0.505 0.8306250000000001 0.5291666671875 0.8262499999999999 0.5633333328125001 0.81875 0.5716666671875 0.804375 0.5766666671875 0.8262499999999999 0.5916666671875 0.8300000000000001 0.605 0.829375 0.6158333328125 0.8262499999999999 0.6216666671875 0.82125 0.6191666671875 0.811875 0.62 0.815625 0.6308333328125 0.8175000000000001 0.665 0.8318749999999999 0.6708333328125 0.846875 0.67 0.8675 0.6849999999999999 0.8706250000000001 0.6916666671875 0.898125 0.6950000000000001 0.9099999999999999 0.6991666671875 0.925 0.6958333328124999 0.925 0.6858333328125 0.9125 0.6525000000000001 0.903125 0.635 0.880625 0.5766666671875 0.8706250000000001 0.5575 0.83625 0.4766666671875 0.8262499999999999 0.45499999999999996 0.820625 0.4491666671875 0.8162499999999999 0.44000000000000006 0.8106249999999999 0.42000000000000004 0.8018750000000001 0.4141666671875 0.7424999999999999 0.41166666718749995 0.735625 0.4158333328125 0.734375 0.41916666718749995 0.79625 0.4225 0.8087500000000001 0.4258333328125
9 0.8856249999999999 0.7925 0.883125 0.8158333328125 0.8712500000000001 0.86 0.869375 0.8766666671875001 0.851875 0.9516666671875 0.8474999999999999 0.9816666671875 0.875625 0.9816666671875 0.878125 0.9591666671875 0.9025000000000001 0.8516666671875001 0.92125 0.7566666671875 0.9237500000000001 0.7383333328125 0.9237500000000001 0.7166666671875 0.9199999999999999 0.7150000000000001 0.905 0.7233333328125 0.900625 0.73 0.8975 0.7491666671874999 0.8856249999999999 0.7925
9 0.56875 0.4875 0.566875 0.5 0.556875 0.5316666671875 0.5475 0.5741666671875 0.534375 0.62 0.534375 0.6316666671875 0.53625 0.6358333328125 0.55625 0.6366666671875 0.5700000000000001 0.6408333328125 0.6174999999999999 0.6466666671875 0.6425 0.6533333328125 0.680625 0.6566666671875 0.705 0.665 0.729375 0.6708333328125 0.745 0.6716666671875 0.774375 0.6799999999999999 0.79625 0.6816666671875 0.7993750000000001 0.6791666671875001 0.7993750000000001 0.6625 0.7931250000000001 0.635 0.7893749999999999 0.6283333328125 0.786875 0.6158333328125 0.7825 0.6116666671875 0.7787499999999999 0.6 0.7737499999999999 0.5933333328125 0.7737499999999999 0.585 0.771875 0.5825 0.766875 0.5816666671874999 0.72375 0.5541666671875001 0.634375 0.5308333328125 0.6075 0.5166666671875 0.5962500000000001 0.5066666671875 0.58 0.505 0.5756249999999999 0.49833333281250003 0.5756249999999999 0.4858333328125 0.58 0.47416666718749995 0.596875 0.4641666671875 0.615 0.445 0.625625 0.4375 0.6587500000000001 0.43333333281249997 0.651875 0.4258333328125 0.623125 0.4258333328125 0.5962500000000001 0.42083333281249996 0.589375 0.4258333328125 0.575 0.46333333281250005 0.57375 0.48250000000000004 0.56875 0.4875
9 0.718125 0.34500000000000003 0.7125 0.3566666671875 0.7106250000000001 0.4033333328125 0.708125 0.40750000000000003 0.620625 0.40083333281250005 0.61125 0.3983333328125 0.6118750000000001 0.3875 0.609375 0.385 0.594375 0.385 0.589375 0.39 0.585 0.40416666718750005 0.5856250000000001 0.42083333281249996 0.64 0.42416666718749996 0.64625 0.42750000000000005 0.675 0.4308333328125 0.7268749999999999 0.42750000000000005 0.744375 0.43166666718749996 0.759375 0.43916666718749997 0.7837500000000001 0.4408333328125 0.8074999999999999 0.4533333328125 0.821875 0.4533333328125 0.81875 0.4375 0.8074999999999999 0.4066666671875 0.795 0.38333333281250004 0.77625 0.3375 0.7675 0.33166666718750004 0.7381249999999999 0.32999999999999996 0.73 0.33166666718750004 0.729375 0.3341666671875 0.733125 0.33999999999999997 0.718125 0.34500000000000003