4 0.5335330703125 0.69810150625 0.52453210625 0.71009859375 0.5079960171875 0.7128597890624999 0.49285697500000003 0.70391666875 0.477649134375 0.7045022140625 0.4557819671875 0.710895296875 0.4303498671875 0.72626633125 0.4260176171875 0.7506251078124999 0.4279068 0.7616546328125 0.4346203671875 0.771059225 0.44110594687500004 0.774167603125 0.44891977499999997 0.7751003328125 0.47274491875 0.7702081093750001 0.5023897578125001 0.754606340625 0.510605321875 0.7529193671875001 0.5188389703125 0.756303103125 0.5294865703125 0.7737801203125 0.544205796875 0.780272234375 0.5732751453125 0.7762060843749999 0.6091956515625 0.7624871890625 0.6361659093750001 0.7461660078125 0.633310534375 0.6947395109375 0.644443228125 0.6753273656250001 0.6585653625 0.6584728890625 0.6608201234375 0.65674129375 0.6695604625 0.6581180765625 0.6727090984374999 0.676500621875 0.676205234375 0.677051334375 0.6920066421875 0.6700008796875 0.7096068328125 0.64862640625 0.712820740625 0.6276687812499999 0.7069287296875 0.6180954937500001 0.69385261875 0.611265984375 0.6903384031249999 0.6056445625 0.6924701296875 0.5982295078125001 0.7015072546875001 0.5963738359375 0.7113478546875001 0.5892787609375 0.711311696875 0.57913734375 0.6902806421875 0.5606209359375 0.6746349046875 0.5536847671875 0.6533613046875 0.553612940625 0.642786021875 0.5564187578124999 0.6410560328125 0.561214109375 0.6444652953125 0.5662227796875 0.637491103125 0.5701920625 0.614469434375 0.5698448765624999 0.5879697109375 0.5740176890625001 0.5800870875 0.582613625 0.580524984375 0.5901353406250001 0.58858488125 0.602434990625 0.5784474953125 0.612762521875 0.58425263125 0.6267937671875 0.575863315625 0.6373966546875 0.5732248953125 0.6468186609375 0.5388099109375 0.6792574921875 0.5335330703125 0.69810150625
4 0.426556946875 0.728948071875 0.4220800609375 0.712741178125 0.4081135984375 0.7156090328125 0.39808116718750003 0.726549315625 0.38554790781250003 0.727854271875 0.3803217828125 0.7320989109375 0.3794314296875 0.7417962734375 0.384483803125 0.7464675515625 0.40542446249999997 0.739630415625 0.4219786296875 0.741939928125 0.4250549484375 0.7400396359375 0.426556946875 0.728948071875
11 0.48274517812499995 0.6349511140625 0.48378767656250005 0.5814556265624999 0.48104078125000005 0.56045338125 0.41099854999999996 0.5735671499999999 0.41647778906250005 0.640312434375 0.4199051296875 0.6503918140625 0.48274517812499995 0.6349511140625
11 0.4419415953125 0.893244909375 0.4929288265625 0.8681863 0.49374686093750003 0.8382061015625 0.49670014374999993 0.83062235 0.49183959843749997 0.8221058671874999 0.440537503125 0.845326221875 0.4377760484375 0.8490647687499999 0.4419415953125 0.893244909375
11 0.36612074843750003 0.5250607546875 0.3794755640625 0.5235871000000001 0.40698867656250004 0.515400384375 0.40880553906249995 0.5061470765625 0.40402834531250004 0.46336113437500004 0.4012488109375 0.46202897343749993 0.3609925328125 0.4702951421875 0.3588427265625 0.47263948906250003 0.36612074843750003 0.5250607546875
11 0.368748134375 0.5701910406249999 0.3776692703125 0.6222749125 0.38702125781249996 0.622257496875 0.41196474375000003 0.6139641218749999 0.40731058593749997 0.5768616421874999 0.4148602671875 0.56135674375 0.4103326640625 0.5597492234375 0.37500572499999996 0.5670032078125 0.368748134375 0.5701910406249999
11 0.3903542125 0.721158628125 0.40750195 0.7170032328125 0.425663071875 0.7088339343750001 0.4266222203125 0.6896079046875 0.42120074374999994 0.6678862484375 0.3873250875 0.6786480453125 0.3835321671875 0.681329784375 0.3903542125 0.721158628125
11 0.4914700328125 0.949042284375 0.486645646875 0.9506672187499999 0.44972983437499997 0.973470725 0.4505260390625 0.9795583703125 0.496732184375 0.977406284375 0.49528103124999995 0.9514312531250001 0.4914700328125 0.949042284375
11 0.4313702984375 0.7818754296875 0.43080936718749996 0.76867025625 0.4228363453125 0.7519126484374999 0.39532323593749996 0.7600993640625 0.3997674859375 0.795976340625 0.40480177968750003 0.7955769078125 0.4313702984375 0.7818754296875
6 0.4698106453125 0.494888978125 0.466368746875 0.5095503890625 0.4677331546875 0.5175161578125 0.49079450625 0.5578162609375 0.5000776984375 0.567327509375 0.50678774375 0.5469206 0.5058431531250001 0.5414058374999999 0.47772942812499997 0.4964344578125 0.47453007812500003 0.492651290625 0.4698106453125 0.494888978125
0 0.5465051578125 0.41634467031250005 0.5454265 0.45969874062500005 0.5404283640624999 0.47023958906249996 0.541268 0.47514160156249996 0.55813703125 0.4792893703125 0.561141496875 0.31311944375 0.5425786359375 0.32390844531249996 0.5327199546875 0.3259328140625 0.524381353125 0.32193632656250004 0.5234367625 0.3164215640625 0.5281381140625 0.30911316875 0.5235924328125 0.302434940625 0.5243778296875 0.2921248265625 0.49008235781250004 0.3004356171875 0.492785584375 0.39566023906250003 0.494953471875 0.3983866015625 0.5004944578125 0.39598021875 0.5111385375 0.383645734375 0.51519208125 0.36759012343749997 0.5294973125 0.3617349140625 0.530367284375 0.386674659375 0.5444060671875001 0.40408964062499997 0.5465051578125 0.41634467031250005
0 0.5211087531249999 0.5858439171875001 0.5331714796875 0.59668733125 0.5428202515625 0.593437459375 0.5552847140625 0.60166116875 0.559497453125 0.601430434375 0.562816315625 0.5810855609375001 0.5642570328125001 0.49515886875000004 0.537808021875 0.4847323046875 0.5294513421875 0.47566510937500006 0.4945949359375 0.47077072500000006 0.49582175624999997 0.497793825 0.5245436046874999 0.511559503125 0.5262228765625 0.521363525 0.526751171875 0.5542387843750001 0.519283846875 0.5640180484374999 0.503573834375 0.5678782234375 0.50533998125 0.5732242890625 0.5136097875 0.5867494421874999 0.5211087531249999 0.5858439171875001
1 0.5056085828125 0.33149982499999997 0.509908196875 0.32681113281249996 0.507686071875 0.3088726453125 0.501113615625 0.3102222234375 0.49538080000000007 0.31647381406249997 0.49831952656249995 0.33363085312499996 0.5056085828125 0.33149982499999997
9 0.500411571875 0.2862628796875 0.49914154843749997 0.1894753578125 0.50136015 0.177602346875 0.51015120625 0.1643797546875 0.5111284328125001 0.150224434375 0.507646853125 0.1249329296875 0.5026994328125001 0.120874403125 0.5042195140625 0.1148535484375 0.5011251171875 0.11168313125 0.490025059375 0.1114251921875 0.4496166328125 0.16348948593749998 0.43636677187500006 0.165575890625 0.42395654531250004 0.172564309375 0.4245862734375 0.1762408171875 0.43231322812500006 0.1816315046875 0.4299896703125 0.1928917640625 0.41932751250000005 0.2001555390625 0.40482171874999995 0.22470042812500002 0.41161465 0.31401085625 0.41584546875 0.3188508296875 0.4762027671875 0.29884551406250004 0.500411571875 0.2862628796875
13 0.423048115625 0.17719096406249998 0.43416625 0.18251961249999998 0.472605665625 0.183506753125 0.4833908578125 0.1819264390625 0.49053880000000005 0.16904124375000001 0.48847586875 0.16692763125 0.44047455468749996 0.1647324046875 0.4234317734375 0.1695005515625 0.423048115625 0.17719096406249998
12 0.6431631015625 0.34511854531249997 0.639894953125 0.35086404375 0.6390081234375 0.3903729078125 0.6446575890624999 0.4183907765625 0.6647294968749999 0.45613321406249996 0.6578692968750001 0.46325060156250003 0.63373833125 0.4688399234375 0.6319033875 0.4730225234375 0.636134203125 0.477862496875 0.6579144984374999 0.4759273734375 0.692314925 0.468229334375 0.7299834984375 0.454785796875 0.7410473953125 0.4449023203125 0.8029609343749999 0.429017565625 0.8158452171875 0.43969228125 0.8268583968750001 0.44440817812500005 0.8371368953125 0.44483481718749995 0.8469774953125 0.437739740625 0.8469594171875 0.43266903125 0.8385158625000001 0.42805979375 0.82002179375 0.429320128125 0.81260970625 0.4257676953125 0.8000729218749999 0.3972611515625 0.7989709 0.3908272609375 0.8183716359375 0.3700345203125 0.9000567734375 0.3653131578125 0.9182721359375 0.37235598593749997 0.9262777921875 0.36944350937500003 0.9343703265625001 0.36207307499999997 0.9332158265625001 0.355332809375 0.9232341125 0.3516737171875 0.8255376578125 0.3622200328125 0.8139128296875 0.3588983359375 0.80669256875 0.3515006984375 0.8065695343750001 0.34581723750000004 0.8200438625 0.32021554218750004 0.8358959859375 0.29856571249999997 0.8452298921875 0.2934775859375 0.8623957093750001 0.29439289999999996 0.8713278796875 0.291924478125 0.8757143656249999 0.282777828125 0.87148355 0.27793785312499997 0.8448788703125001 0.2814979140625 0.8272425203125 0.2927309703125 0.814046896875 0.3100295015625 0.7928129796875 0.3499105953125 0.785227140625 0.3552740765625 0.7747206531249999 0.34855122656250004 0.77127523125 0.3334011375 0.7757847546875001 0.3299379484375 0.77534685625 0.322416234375 0.7723574140625 0.31985856875 0.764963403125 0.3213768453125 0.762078915625 0.31943193124999997 0.7451375640625 0.2950013265625 0.7251053390625 0.29721180937499997 0.7132525234375 0.28759389999999996 0.6906506734375 0.289697721875 0.6796736515624999 0.295123240625 0.667086153125 0.281216071875 0.6510748375000001 0.287041025 0.629363340625 0.279447484375 0.6245389546875 0.28107241875 0.627512078125 0.293465125 0.625537784375 0.30179930625 0.6008403671875 0.321459603125 0.6008765265625 0.3316010203125 0.610858240625 0.3352601125 0.6337568734375 0.329923834375 0.64599335 0.3318513328125 0.6485991328125 0.3420994109375 0.6431631015625 0.34511854531249997
2 0.4270368515625 0.0564887203125 0.42105444218750004 0.0215618890625 0.41488372812499996 0.020291764062500002 0.30519334374999996 0.0104660015625 0.2213945578125 0.027673128125 0.2310503765625 0.084046259375 0.24035517031250003 0.12843971875 0.24313470312500002 0.12977188125 0.3465313390625 0.1326440609375 0.3851445046875 0.1247152859375 0.3844623 0.12073240156250001 0.39239740156249997 0.11244284062500001 0.4246480234375 0.10708914843749999 0.4287015671875 0.091033534375 0.4270368515625 0.0564887203125
0 0.53069271875 0.47794741875 0.5427012046875 0.473578703125 0.5481191578125 0.465488859375 0.5490747828125 0.41645132812499996 0.545839271875 0.40252674375 0.534894884375 0.388282178125 0.529875146875 0.36394081875 0.5200164671875 0.3659651875 0.5142148546875001 0.38174544374999997 0.49740006093750005 0.3928098015625 0.4889057890625 0.4027999390625 0.4852539828125 0.416235846875 0.48565924374999997 0.4434276453125 0.48849301718750004 0.45997193437500006 0.49438502812499996 0.4695452234375 0.50849260625 0.47743153749999995 0.53069271875 0.47794741875