4 0.20176505156250002 0.11638272499999999 0.1931102609375 0.1247211390625 0.184387578125 0.1272226625 0.17149268125 0.1472348546875 0.15783687500000002 0.155573265625 0.1541831 0.1639116796875 0.1549440078125 0.17558545625 0.160003215625 0.1805885046875 0.16938981875 0.181422346875 0.17510325 0.18892691875 0.179009190625 0.202268378125 0.18041990937500002 0.26980952343750003 0.18240197656249998 0.278981778125 0.1943763765625 0.2873201890625 0.2250075953125 0.2873201890625 0.2312976609375 0.2906555546875 0.2382807421875 0.29982780937500003 0.2494942328125 0.29649244375 0.24941664375 0.2898217125 0.2549554984375 0.282317140625 0.258982234375 0.25229885625000004 0.26767581875 0.2472958078125 0.2683538515625 0.19809917187499998 0.27190094062500003 0.1805885046875 0.27050520625 0.168080884375 0.2551142125 0.134727234375 0.2474866046875 0.12388729843749999 0.22802038125 0.1163827265625 0.22609650781249999 0.11221352031250001 0.22647916875 0.0913674875 0.2212744796875 0.0738568203125 0.21117546250000002 0.06551840625000001 0.201192828125 0.0671860890625 0.19569276875 0.07802602656249999 0.1958673453125 0.0930351703125 0.20176505156250002 0.11638272499999999
9 0.9775375328125 1 0.9807330000000001 0.8627096609375 0.9027606875 0.78095423125 0.89130473125 0.7634435640625 0.88873633125 0.757606675 0.8888377296875 0.7125792453125 0.8928935625 0.6850624828125 0.8871704328125001 0.6767240703125 0.8771393062499999 0.674222546875 0.85950966875 0.6633826093749999 0.8581430296875 0.6533765140625001 0.851121153125 0.64086889375 0.8548958062500001 0.6250259109375 0.8646993703125 0.6258597515625001 0.86914315 0.6316966421875 0.8829444359374999 0.635865846875 0.88919570625 0.635865846875 0.89165741875 0.63253048125 0.8952336031250001 0.6175213390625001 0.893643896875 0.58833689375 0.8969679156250001 0.551647878125 0.9061605437500001 0.5358048921874999 0.912130553125 0.511623496875 0.8995504249999999 0.504952765625 0.8726311703125 0.5016174015625 0.8681776921875001 0.49494666875000004 0.867271303125 0.47076527187500006 0.8621926984374999 0.46409454375000003 0.8484108109375 0.46159301875000003 0.8364461109375 0.454088446875 0.8013905078124999 0.449919240625 0.787031984375 0.45158692343749995 0.7783384 0.456589971875 0.7577189078125001 0.45742381249999997 0.7307802578125 0.4524207640625 0.70457341875 0.456589971875 0.6223185265625 0.47910368593749997 0.594207209375 0.48077136718749997 0.4789757671875 0.51662654375 0.3954318265625 0.5358048921874999 0.38425713125 0.5424756234375 0.3793628 0.551647878125 0.408785190625 0.877679821875 0.4113244921875 0.8810151859375001 0.42195165 0.881015184375 0.42373004375 0.8726767734375 0.448078475 0.8699667906249999 0.4598763109375 0.9168703624999999 0.4669272828125 0.9318795046874999 0.4734695140625 0.9568947421875 0.4810680234375 0.9652331562500001 0.487474471875 0.9785746171874999 0.4925045828125 0.981076140625 0.50374716875 0.9802422984374999 0.5042462140625 0.9694023625 0.5160751328125001 0.9652331562500001 0.5174029765625 0.9719038859375001 0.5269156625 0.9835776640624999 0.53326255 1 0.9775375328125 1
8 0.8932171546875001 0.551647878125 0.8824850625 0.757606675 0.8881500000000001 0.7609420390625 0.9046457671875 0.7817880734375 0.9336828687500001 0.8059694703125 0.9807966562500001 0.859974721875 0.9878154562500001 0.5584184640625 0.9872815671874999 0.523297271875 0.8932171546875001 0.551647878125
10 0.875922559375 0.6233582281250001 0.863361828125 0.6183551796875 0.842722940625 0.6175213390625001 0.8377704171874999 0.621690546875 0.83913705625 0.631696640625 0.8500842703125 0.659213403125 0.8570479546875 0.666717975 0.8689932578124999 0.6725548640625 0.8871219390625 0.6725548640625 0.8873106265624999 0.63503200625 0.875922559375 0.6233582281250001
10 0.7603719359375 0.7392621671875 0.76026525 0.7300899125 0.7430279718749999 0.6992377859375 0.7348140328125 0.6917332140625 0.7185219375 0.6883978484375 0.7085684 0.6925670546875 0.704895228125 0.6992377859375 0.7056173421875 0.7075761984375 0.709455390625 0.7150807703125001 0.7285098578125 0.7409298484375 0.73793525625 0.7450990562500001 0.7560542390625 0.744265215625 0.7603719359375 0.7392621671875
6 0.8044932093750001 0.6091829265625 0.81565820625 0.6016783546875 0.8148100093749999 0.5825000046875 0.8038530968750001 0.5541494015625 0.7874640140625 0.542475621875 0.6598993203125 0.539140259375 0.6487052281250001 0.54414330625 0.6450223562499999 0.5499801953125 0.6445427109375 0.5624878140625 0.649170765625 0.5841676875 0.653643640625 0.5925061015625 0.659943403125 0.5966753078125 0.7538482281250001 0.608349084375 0.8044932093750001 0.6091829265625
11 0.9882699578125 0.5007835593750001 0.9856125203125 0.2723110453125 0.9806115046875 0.27231104687499996 0.9087413015625 0.2739787296875 0.9007019390625001 0.2814833 0.8679158296875 0.47243295625000004 0.8674652765624999 0.48744209843749997 0.871293628125 0.494112828125 0.8750734859374999 0.496614353125 0.9426162937499999 0.4991158765625 0.95580215 0.504118925 0.9627658359375 0.511623496875 0.9758935031249999 0.5116234953125 0.9882699578125 0.5007835593750001
1 0.634600621875 0.7826219140624999 0.6277921171874999 0.7884588031249999 0.606339415625 0.8251478203125 0.60578218125 0.8309847078124999 0.6782343015625 0.8793475046875001 0.6819462703125 0.8760121375000001 0.702667159375 0.8301508671875 0.703214696875 0.8234801375 0.6440066234375 0.7851234390624999 0.634600621875 0.7826219140624999
1 0.633557578125 0.6392012125 0.631847075 0.6533765140625001 0.6726646 0.6692194984375 0.693977109375 0.674222546875 0.7001701859375 0.6692194984375 0.7098424624999999 0.6408688953125 0.7097648734375 0.634198165625 0.7072255703125 0.6308628 0.6450955359375 0.6100167671875 0.633557578125 0.6392012125
1 0.5290167718750001 0.73425911875 0.5442860953124999 0.703406990625 0.5515548484374999 0.6833948000000001 0.550246403125 0.678391753125 0.5044278609374999 0.66254876875 0.48910034687500004 0.6883978484375 0.48062983125000003 0.7125792453125 0.5290167718750001 0.73425911875
1 0.574262215625 0.5933399406250001 0.5704920578125 0.5916722609375 0.5223087890625 0.5875030531250001 0.5185968203125 0.5908384171875001 0.5131743515625 0.608349084375 0.512088975 0.6225243875 0.515263103125 0.62669359375 0.5678610546875 0.634198165625 0.5757549375 0.6141859734375 0.5768403140625 0.600010671875 0.574262215625 0.5933399406250001
13 0.590519928125 0.5399741 0.5919147875 0.44491619218749995 0.5855083375000001 0.43157473281250003 0.583477778125 0.41823327031249996 0.5709655406249999 0.4173994296875 0.5678690015625001 0.419900953125 0.5667545296875 0.43157473125 0.558812153125 0.44741771718749995 0.5586093578125 0.537472575 0.5624862015625001 0.5483125125 0.571930996875 0.554149403125 0.58501986875 0.5508140359375 0.590519928125 0.5399741