9 0.5337500000000001 0.6025 0.531875 0.6 0.535625 0.5900000000000001 0.6875 0.6125 0.6925 0.62 0.6925 0.6525000000000001 0.6975 0.6533333328125 0.6993750000000001 0.6575 0.708125 0.6575 0.69875 0.6491666671874999 0.703125 0.6116666671875 0.70125 0.5725 0.683125 0.5458333328125 0.649375 0.4591666671875 0.5775 0.4533333328125 0.5575 0.4641666671875 0.545625 0.4641666671875 0.495 0.6008333328125001 0.488125 0.6575 0.5237499999999999 0.6575 0.533125 0.6191666671875 0.5337500000000001 0.6025
9 0 0.5966666671875 0.058750000000000004 0.6133333328125 0.080625 0.6224999999999999 0.1625 0.6433333328125 0.184375 0.6383333328125 0.18875 0.6441666671874999 0.191875 0.6583333328125 0.198125 0.6625 0.286875 0.6908333328125 0.36625 0.7133333328125 0.415625 0.7158333328125 0.426875 0.7191666671875 0.43875000000000003 0.7175 0.445 0.7116666671874999 0.4525 0.6883333328125001 0.46312499999999995 0.6691666671875 0.46624999999999994 0.6508333328125 0.48562500000000003 0.615 0.49749999999999994 0.5833333328125 0.491875 0.5716666671875 0.47750000000000004 0.5658333328125 0.343125 0.5425 0.280625 0.5433333328125001 0.21812499999999999 0.5266666671875 0.209375 0.5325 0.20375000000000001 0.5466666671875 0.175625 0.5641666671875 0.151875 0.5625 0.103125 0.5433333328125001 0.07375000000000001 0.5441666671875 0.04 0.5383333328125001 0.026875 0.5408333328125 0 0.5491666671875 0 0.5966666671875
12 0 0.7058333328125 0.0075 0.7083333328125 0.01 0.7208333328125 0.00375 0.7316666671875 0.0043749999999999995 0.7483333328125 0 0.7591666671875 0.01 0.7708333328125 0.010624999999999999 0.7858333328125 0.005625 0.7983333328125 0.009375 0.8033333328125 0.021875 0.865 0.018125 0.875 0.018125 0.885 0.025 0.8975 0.036875000000000005 0.9033333328125 0.04875 0.9033333328125 0.05437499999999999 0.8966666671875 0.063125 0.8941666671874999 0.08249999999999999 0.9083333328125001 0.0875 0.9308333328125 0.08687500000000001 0.9808333328125001 0.09375 0.9974999999999999 0.10375000000000001 0.9991666671875 0.11937500000000001 0.9858333328125 0.12 0.9708333328125001 0.109375 0.9508333328124999 0.105625 0.9316666671875 0.10625 0.9141666671875001 0.114375 0.9099999999999999 0.1375 0.9275 0.198125 0.9533333328125 0.24500000000000002 0.9591666671875 0.27875 0.9716666671875 0.281875 0.9758333328125 0.28250000000000003 0.9883333328124999 0.2925 0.9983333328124999 0.306875 0.9983333328124999 0.3275 0.9841666671875 0.3375 0.9808333328125001 0.343125 0.9724999999999999 0.3625 0.9708333328125001 0.38125 0.9766666671875001 0.406875 0.9991666671875 0.40625 0.9858333328125 0.40125 0.9833333328125 0.395 0.9724999999999999 0.385625 0.97 0.379375 0.9616666671875 0.349375 0.9566666671874999 0.34500000000000003 0.95 0.34625 0.93 0.35562499999999997 0.9158333328125 0.3675 0.9125 0.369375 0.8983333328124999 0.38125 0.885 0.383125 0.8791666671874999 0.38375 0.8583333328125 0.39125 0.8333333328125001 0.39375 0.8133333328125 0.395625 0.7391666671875 0.39125 0.7208333328125 0.38 0.7191666671875 0.369375 0.7291666671875 0.33375 0.7233333328125 0.290625 0.7241666671875 0.265 0.7291666671875 0.25125000000000003 0.7366666671875 0.22999999999999998 0.7625 0.224375 0.7633333328125 0.22000000000000003 0.7591666671875 0.216875 0.7424999999999999 0.20812499999999998 0.7258333328125001 0.20249999999999999 0.6950000000000001 0.1925 0.6875 0.19125 0.6725 0.18875 0.6691666671875 0.181875 0.6708333328125 0.176875 0.6766666671875 0.159375 0.6766666671875 0.14125000000000001 0.6691666671875 0.118125 0.6533333328125 0.08125 0.6341666671875 0.038125 0.6258333328125001 0.014374999999999999 0.6275000000000001 0.008125 0.6316666671875 0 0.6425 0 0.7058333328125
11 0.21375000000000002 0.5191666671874999 0.1975 0.4166666671875 0.09 0.4091666671875 0.08937500000000001 0.42000000000000004 0.108125 0.5091666671875 0.20187499999999997 0.5216666671875 0.21375000000000002 0.5191666671874999
11 0.38625 0.3991666671875 0.380625 0.3641666671875 0.33625 0.3608333328125 0.330625 0.3633333328125 0.32999999999999996 0.395 0.333125 0.4 0.38 0.4033333328125 0.38625 0.3991666671875
11 0.200625 0.3958333328125 0.195 0.355 0.15437499999999998 0.3516666671875 0.151875 0.3525 0.1525 0.37 0.15875 0.395 0.200625 0.3958333328125
11 0.078125 0.3491666671875 0.041875 0.3483333328125 0.042499999999999996 0.3625 0.04875 0.3858333328125 0.08375 0.3866666671875 0.078125 0.3491666671875
13 0.32999999999999996 0.6125 0.33625 0.6066666671875 0.335625 0.5833333328125 0.32999999999999996 0.545 0.32375 0.5358333328125 0.3225 0.5291666671875 0.316875 0.5275000000000001 0.31124999999999997 0.5316666671875 0.30874999999999997 0.5466666671875 0.31124999999999997 0.6033333328125 0.318125 0.6133333328125 0.32999999999999996 0.6125
4 0.5125 0.40750000000000003 0.51375 0.3875 0.503125 0.35 0.48125 0.3491666671875 0.478125 0.3516666671875 0.475 0.3583333328125 0.473125 0.3775 0.44749999999999995 0.41166666718749995 0.446875 0.41916666718749995 0.449375 0.42000000000000004 0.47525000000000006 0.40750000000000003 0.5125 0.40750000000000003
8 0.5118750000000001 0.40833333281249995 0.46375 0.4066666671875 0.4625 0.41166666718749995 0.47062499999999996 0.43666666718749997 0.5131249999999999 0.4375 0.5118750000000001 0.40833333281249995
12 0.703125 0.6033333328125 0.69625 0.67 0.69875 0.6775 0.718125 0.6791666671875001 0.7381249999999999 0.6966666671875 0.748125 0.71 0.745625 0.7208333328125 0.748125 0.7325 0.75875 0.7358333328125 0.76375 0.7283333328125 0.755 0.7075 0.733125 0.6825 0.73625 0.6758333328125 0.74125 0.6791666671875001 0.746875 0.6766666671875 0.748125 0.6683333328125001 0.745625 0.6616666671875 0.74 0.6558333328125 0.725 0.655 0.7125 0.6491666671874999 0.71375 0.6266666671875 0.7525000000000001 0.6208333328125 0.7737499999999999 0.6116666671875 0.775625 0.5983333328125 0.7725 0.5941666671875 0.775625 0.5891666671875 0.791875 0.5808333328125 0.7943749999999999 0.5666666671875 0.80375 0.5491666671875 0.804375 0.5375 0.8231249999999999 0.5066666671875 0.8150000000000001 0.5066666671875 0.7993750000000001 0.5141666671875 0.780625 0.5183333328125 0.72875 0.5158333328125 0.7068749999999999 0.5508333328125 0.6950000000000001 0.5508333328125 0.680625 0.5408333328125 0.703125 0.6033333328125
12 0.655625 0.665 0.6609375 0.6583333328125 0.684375 0.6616666671875 0.6875 0.6558333328125 0.688125 0.6325000000000001 0.67875 0.6325000000000001 0.676875 0.645 0.6681250000000001 0.6483333328125 0.649375 0.6441666671874999 0.645625 0.6458333328125 0.640625 0.655 0.64125 0.6683333328125001 0.646875 0.6758333328125 0.653125 0.675 0.655625 0.665
6 0.174375 0.5633333328125001 0.20750000000000002 0.5383333328125001 0.206875 0.5349999999999999 0.178125 0.5283333328125 0.173125 0.5216666671875 0.15625 0.5216666671875 0.143125 0.5166666671875 0.13187500000000002 0.52 0.10500000000000001 0.5366666671875 0.10375000000000001 0.54 0.10625 0.5416666671875 0.16999999999999998 0.5633333328125001 0.174375 0.5633333328125001