12 0.47588954375 0.9001471125 0.4670856828125 0.870933175 0.5023809499999999 0.8569737703125 0.5088055140625001 0.86451013125 0.5156029296875 0.8612167953125001 0.5184369890625 0.848734975 0.517501653125 0.8353980062499999 0.5067408796875 0.829502859375 0.48918269218750005 0.826901046875 0.488542621875 0.799401046875 0.4992689296875 0.7769664984375 0.5038810078125 0.7603289203125 0.5065792953125 0.7420137671875 0.50609439375 0.7211804328125 0.5025232843749999 0.7019955875 0.49994569999999994 0.6986477078125 0.47338319999999995 0.698493171875 0.46480992812500005 0.6926107515625 0.477842275 0.6618574140625 0.477609521875 0.6518574140625 0.4736655609375 0.6435022625 0.46667418437499997 0.6384622640625001 0.4440190171875 0.6316646984375 0.4058746203125 0.6306095593750001 0.3914069671875 0.59969623125 0.3863099859375 0.5955004749999999 0.36193066093750004 0.6220216953125 0.347609521875 0.6511010953125 0.3491116703125 0.6619417000000001 0.3668013046875 0.6970398765625 0.371230165625 0.7262283609375 0.375135334375 0.73291684375 0.4113055140625 0.86394289375 0.39677101875 0.883855625 0.3916309203125 0.9046562328125001 0.40225592031249996 0.904718046875 0.4014175640625 0.8955477437500001 0.41220205937500004 0.8756131953124999 0.4372839703125 0.85242894375 0.449861553125 0.8558350000000001 0.45812232656249996 0.861715603125 0.46850592031250005 0.9051034781249999 0.47600592031250005 0.9051471125000001 0.47588954375 0.9001471125
9 0.5242841453125 0.5629743656249999 0.503111728125 0.5661840687499999 0.3619199171875 0.5678623015625 0.324784115625 0.6101404968749999 0.313335828125 0.62840474375 0.3122797890625 0.6367308046875 0.3142129765625 0.6392417125 0.35296297656250003 0.639467153125 0.3704867 0.6137392687500001 0.388243175 0.5980113828125 0.40983797656250004 0.6397980421875 0.48987676875 0.6419301359375 0.5272797890625001 0.6379816375 0.579174184375 0.6391167703125 0.6134716015625 0.6359834249999999 0.6119306609375 0.623476153125 0.5994349859375 0.5967404000000001 0.59099965 0.5833597968750001 0.580922065625 0.5799682859375 0.5799673328125 0.5657979828124999 0.5242841453125 0.5629743656249999
9 0.3780665203125 0.4829677484375 0.2767841453125 0.5615344531249999 0.2731505203125 0.5665126359375 0.35447810468749996 0.5703186671875 0.36559233281250003 0.564550784375 0.382685015625 0.547152596875 0.392413471875 0.5355441078125 0.3977669265625 0.5239101671874999 0.40458373906249995 0.521450165625 0.41917642187500004 0.5040374328125 0.4190988375 0.5007040984375 0.41468504531250006 0.4990119796875 0.3948208171875 0.5047289562499999 0.389021253125 0.49719623124999995 0.39081866875000004 0.49387380625 0.3893553125 0.4846998671875 0.3867971234375 0.482185321875 0.3780665203125 0.4829677484375
12 0.7407625703125 0.6008955015625 0.7503940453125 0.5851203468749999 0.7528789765624999 0.5576385265625 0.7672195109375 0.5293924609375 0.7658143421875 0.522718521875 0.7587259859375 0.513511859375 0.751792796875 0.5109718609375 0.7386246796875 0.535891865625 0.7004220953125 0.5323367265625001 0.6924522625 0.538956125 0.6884909968749999 0.6372530953125 0.6883315015625 0.657249459375 0.6988013343749999 0.6506446078125 0.7057539171875 0.6540179390625 0.713234521875 0.6532282390625 0.7273724421875001 0.6699748999999999 0.7307689875000001 0.6816597484375 0.7401439875 0.681714290625 0.732919859375 0.6666742921875 0.740264690625 0.6600512593750001 0.7472560671874999 0.66509125625 0.7495233140625001 0.6551058015625 0.7430599578125 0.6459027749999999 0.7242129765625 0.6416270234375 0.724217303125 0.6149639921875 0.7355060953125 0.6166961093750001 0.7407625703125 0.6008955015625
12 0.6751763625 0.6021803734375 0.6841300218749999 0.6109812781249999 0.6848617 0.61556825 0.6862949171875 0.569749459375 0.6756699171875 0.5696876453125 0.6696138781250001 0.57798461875 0.671232403125 0.5938252234375 0.6751763625 0.6021803734375
12 0.3304134421875 0.5835101921875 0.3314306890625 0.5735174640625 0.2713531046875 0.569835059375 0.26974965 0.5814908187500001 0.259982403125 0.591432640625 0.25644575937499997 0.600577490625 0.2579285109375 0.6105847625 0.2760535109375 0.6106902109375001 0.280579353125 0.6440453609375 0.2757733140625 0.6523496046874999 0.2664565015625 0.6547950625000001 0.2591116703125 0.6614180953125001 0.2562000265625 0.6705665828125 0.2569801953125 0.677236884375 0.2589133828125 0.6797477921875 0.2651051953125 0.6772841546875 0.27848234375 0.688193846875 0.2786181171875 0.6940271796874999 0.28182070000000004 0.69737869375 0.295648284375 0.7007920234375 0.3213293828125 0.59595565 0.3304134421875 0.5835101921875
12 0.24338327343750002 0.5763381015625 0.247172065625 0.578026584375 0.2441828375 0.5838417375 0.2562949171875 0.5672477921875 0.27436172812500004 0.564853240625 0.2774091453125 0.5615380890624999 0.2729565609375 0.558179303125 0.2726656203125 0.545679303125 0.267941490625 0.53065385 0.25556219375 0.5089180953125 0.2259695109375 0.5262435609375 0.22544149062500002 0.5304065921875 0.2371376 0.5496387078125 0.24338327343750002 0.5763381015625
11 0.4387346390625 0.458324090625 0.4360450046875 0.42331318281249997 0.40991138125 0.42816046406249997 0.40680577656250005 0.42897561875 0.406922153125 0.43397561875 0.414534203125 0.46568228125 0.4387346390625 0.458324090625
11 0.3957798765625 0.492236228125 0.4031441046875 0.4864465296875 0.40732514374999995 0.4781386484375 0.4057885296875 0.438968346875 0.3995385296875 0.43893198437500003 0.39096309375 0.44638107812500005 0.392616084375 0.49055137968749996 0.3957798765625 0.492236228125
11 0.5863359453125 0.4366858578125 0.58116138125 0.42915676875 0.5793057765625 0.42997919375000004 0.5771743015624999 0.44579798281249994 0.58201480625 0.46582343593750003 0.5840061828125 0.47083434375 0.5871505796875 0.47168585781249994 0.590629034375 0.4600410078125 0.5897518859375 0.44920403750000004 0.5863359453125 0.4366858578125
11 0.4508122515625 0.41340045 0.44700406406250004 0.41087863281250003 0.44145664843750004 0.4141792421875 0.44276050937500006 0.44334954375 0.4490493015625 0.4450525734375 0.452488965625 0.43174105625000003 0.4508122515625 0.41340045
11 0.46376268749999994 0.40597680937499997 0.46122389531249997 0.4042955984375 0.45757087500000004 0.4084404484375 0.456238965625 0.43176287343749997 0.4618833609375 0.43262893125 0.46479500468749996 0.4234804453125 0.46376268749999994 0.40597680937499997
4 0.6804200046875 0.42473491562500004 0.675928628125 0.4197094625 0.6684674203125 0.42133249531250005 0.6453186984375 0.44702765468749994 0.6371117875000001 0.4703100828125 0.6367389359375 0.4811397796875 0.64013548125 0.492824628125 0.6510126296875 0.503719775 0.6621225296875 0.524614921875 0.6855384718749999 0.537249459375 0.69735095625 0.5614815765625 0.7079371640625001 0.559876725 0.714971659375 0.5399203578125 0.7258725296875 0.5249858093750001 0.7263035703125 0.5166561125 0.7237065890625 0.5124749000000001 0.700271253125 0.49900702968750005 0.6912303125 0.486456125 0.6765880937500001 0.448042796875 0.6819609453125001 0.4372421875 0.6804200046875 0.42473491562500004
0 0.5929220953125001 0.5317113109375 0.6368660546875 0.540299175 0.6413186390625001 0.5436579609375001 0.649816490625 0.532875534375 0.6547776984375 0.53123795625 0.658353134375 0.523759771875 0.654389778125 0.5145712890625 0.6428100453125001 0.500339171875 0.6184156484375001 0.499364028125 0.59368719375 0.5108852500000001 0.5863811546875 0.5191749484375 0.5846807187499999 0.5266640406249999 0.587161321875 0.5258452515625 0.5929220953125001 0.5317113109375
13 0.5790126 0.5516276796875 0.5790276703125 0.5791240421875 0.581605253125 0.5824719218750001 0.588480253125 0.5825119187500001 0.5903164609375 0.5808561609375 0.5896182046875 0.5508561609375 0.5867496796875 0.5350082828125 0.5823940750000001 0.5358161625 0.5790126 0.5516276796875