9 0.29375 0.8833333328125 0.3275 0.8991666671875 0.356875 0.9199999999999999 0.505 0.9991666671875 0.7 0.9991666671875 0.703125 0.9891666671875001 0.7106250000000001 0.95 0.71 0.9324999999999999 0.70625 0.9333333328125001 0.680625 0.97 0.673125 0.9766666671875001 0.658125 0.9766666671875001 0.6212500000000001 0.9633333328125 0.49312500000000004 0.8916666671875 0.46749999999999997 0.8724999999999999 0.45437500000000003 0.8533333328125 0.453125 0.835 0.460625 0.7941666671875 0.460625 0.7816666671875 0.45625 0.7741666671874999 0.445625 0.7691666671874999 0.415625 0.765 0.381875 0.7383333328125 0.366875 0.7375 0.36 0.7325 0.36124999999999996 0.7191666671875 0.38 0.6950000000000001 0.380625 0.6875 0.38687499999999997 0.6816666671875 0.458125 0.6891666671875 0.49000000000000005 0.6858333328125 0.5125 0.6783333328125 0.52 0.6725 0.540625 0.6425 0.5706249999999999 0.6216666671875 0.5706249999999999 0.6174999999999999 0.553125 0.605 0.489375 0.5858333328125 0.396875 0.5525 0.38375 0.55 0.369375 0.5525 0.33375 0.58 0.27875 0.6358333328125 0.244375 0.6583333328125 0.24312499999999998 0.6708333328125 0.213125 0.71 0.199375 0.7241666671875 0.174375 0.74 0.141875 0.7725 0.141875 0.7858333328125 0.15 0.7958333328125 0.24125000000000002 0.8474999999999999 0.29375 0.8833333328125
9 0.925 0.9683333328125 0.9168749999999999 0.9591666671875 0.91375 0.9324999999999999 0.915625 0.9008333328125 0.914375 0.78 0.91875 0.745 0.9099999999999999 0.7366666671875 0.8931250000000001 0.7333333328125 0.813125 0.7025 0.796875 0.7025 0.7931250000000001 0.7066666671874999 0.79125 0.7150000000000001 0.775625 0.8724999999999999 0.7581249999999999 0.9991666671875 0.994375 0.9991666671875 0.925 0.9683333328125
0 0.369375 0.7391666671875 0.375 0.7341666671875 0.381875 0.7341666671875 0.395625 0.75 0.41187500000000005 0.7625 0.42874999999999996 0.7691666671874999 0.45 0.7725 0.46125 0.7808333328125 0.460625 0.8 0.453125 0.8458333328125001 0.456875 0.8574999999999999 0.465625 0.8691666671875 0.491875 0.8883333328124999 0.619375 0.9608333328124999 0.6537499999999999 0.9741666671875 0.680625 0.9733333328124999 0.7 0.9358333328124999 0.7162499999999999 0.915 0.7275 0.8608333328125 0.7275 0.8358333328124999 0.735 0.8074999999999999 0.744375 0.7125 0.7375 0.6900000000000001 0.72875 0.6766666671875 0.681875 0.6458333328125 0.665625 0.6458333328125 0.63125 0.6308333328125 0.593125 0.6208333328125 0.5700000000000001 0.6216666671875 0.5575 0.6266666671875 0.54375 0.6375 0.51375 0.6775 0.476875 0.6883333328125001 0.44437499999999996 0.6891666671875 0.4125 0.6849999999999999 0.4 0.6950000000000001 0.381875 0.6975 0.364375 0.7158333328125 0.356875 0.7258333328125001 0.356875 0.7308333328125001 0.36124999999999996 0.7375 0.369375 0.7391666671875
3 0.241875 0.7849999999999999 0.26625 0.7741666671874999 0.2975 0.75 0.31124999999999997 0.7333333328125 0.31625000000000003 0.7224999999999999 0.315625 0.7075 0.31 0.6925 0.296875 0.6808333328125 0.280625 0.6766666671875 0.26625 0.6633333328125001 0.25187499999999996 0.6608333328125 0.23937499999999998 0.67 0.23374999999999999 0.6916666671875 0.215 0.7224999999999999 0.1975 0.7433333328125 0.198125 0.76 0.21437499999999998 0.7775000000000001 0.22749999999999998 0.7841666671875 0.241875 0.7849999999999999
1 0.383125 0.6283333328125 0.396875 0.6216666671875 0.418125 0.5966666671875 0.418125 0.5925 0.40812499999999996 0.5808333328125 0.39 0.5758333328125 0.37 0.5866666671874999 0.351875 0.605 0.35125 0.6091666671875 0.356875 0.6158333328125 0.37625000000000003 0.6275000000000001 0.383125 0.6283333328125
13 0.31437499999999996 0.5075000000000001 0.31875 0.5041666671875 0.319375 0.4883333328125 0.311875 0.4091666671875 0.304375 0.3966666671875 0.3025 0.3858333328125 0.2925 0.385 0.2875 0.3883333328125 0.284375 0.4166666671875 0.291875 0.49416666718749996 0.29874999999999996 0.5025000000000001 0.31437499999999996 0.5075000000000001
2 0.36875 0.28250000000000003 0.366875 0.3066666671875 0.378125 0.3083333328125 0.368125 0.025 0.35875 0.0208333328125 0.27749999999999997 0.0191666671875 0.285625 0.25833333281250004 0.291875 0.2625 0.366875 0.27999999999999997 0.36875 0.28250000000000003
2 0.055625 0.2391666671875 0.060625 0.24416666718750002 0.10874999999999999 0.25166666718749997 0.109375 0.24333333281249997 0.09812499999999999 0.1741666671875 0.09625 0.1408333328125 0.1 0.1258333328125 0.10124999999999999 0.0866666671875 0.11937500000000001 0.0841666671875 0.11125 0.017499999999999998 0.1075 0.015 0.018125 0.0141666671875 0.017499999999999998 0.0258333328125 0.035625000000000004 0.1166666671875 0.0375 0.14250000000000002 0.055625 0.2391666671875
9 0.6643749999999999 0.3591666671875 0.666875 0.36583333281249997 0.6825 0.37 0.7525000000000001 0.3825 0.811875 0.3875 0.8418749999999999 0.3983333328125 0.85625 0.3958333328125 0.878125 0.4033333328125 0.9081250000000001 0.4058333328125 0.940625 0.4141666671875 0.975 0.4183333328125 0.985625 0.4266666671875 0.999375 0.42833333281249997 0.999375 0.3541666671875 0.9574999999999999 0.3483333328125 0.945625 0.34500000000000003 0.936875 0.3375 0.6368750000000001 0.2883333328125 0.63 0.2883333328125 0.6212500000000001 0.29500000000000004 0.58875 0.3291666671875 0.588125 0.3383333328125 0.5962500000000001 0.3441666671875 0.6575 0.3541666671875 0.6643749999999999 0.3591666671875
9 0.9425000000000001 0.5708333328124999 0.9581250000000001 0.5775 0.999375 0.58 0.999375 0.5241666671874999 0.968125 0.5191666671874999 0.8175000000000001 0.4783333328125 0.8106249999999999 0.4783333328125 0.806875 0.4841666671875 0.805 0.5108333328125 0.8012499999999999 0.5241666671874999 0.8025 0.5341666671875 0.9425000000000001 0.5708333328124999
9 0.7775000000000001 0.5291666671875 0.783125 0.5233333328125 0.790625 0.48166666718749995 0.79 0.47583333281250006 0.78625 0.4716666671875 0.6325000000000001 0.43666666718749997 0.5900000000000001 0.4233333328125 0.5818749999999999 0.4266666671875 0.57875 0.4525 0.578125 0.4691666671875 0.583125 0.47416666718749995 0.70375 0.5058333328125 0.7775000000000001 0.5291666671875
12 0.78125 0.3025 0.788125 0.24 0.685625 0.2266666671875 0.675 0.2816666671875 0.6743750000000001 0.2908333328125 0.6775 0.2958333328125 0.7775000000000001 0.3116666671875 0.78125 0.3025
12 0.945 0.3333333328125 0.9637499999999999 0.2533333328125 0.963125 0.24 0.953125 0.24333333281249997 0.889375 0.23500000000000001 0.885 0.24416666718750002 0.874375 0.2958333328125 0.8712500000000001 0.3175 0.8731249999999999 0.3275 0.9418749999999999 0.3383333328125 0.945 0.3333333328125
12 0.69625 0.4483333328125 0.698125 0.4516666671875 0.7075 0.45416666718750004 0.71375 0.45083333281250004 0.718125 0.40499999999999997 0.7234375 0.3983333328125 0.76875 0.4033333328125 0.7725 0.4 0.775625 0.3891666671875 0.7693749999999999 0.3741666671875 0.67625 0.3566666671875 0.6675 0.3566666671875 0.66125 0.3725 0.660625 0.38416666718750003 0.6637500000000001 0.3883333328125 0.70625 0.3975 0.69625 0.4483333328125
12 0.9043749999999999 0.4266666671875 0.9018750000000001 0.4375 0.903125 0.4516666671875 0.8887499999999999 0.4875 0.8881249999999999 0.49583333281249997 0.89 0.49749999999999994 0.909375 0.5 0.913125 0.4691666671875 0.9112500000000001 0.4533333328125 0.91625 0.4458333328125 0.9193749999999999 0.43333333281249997 0.925 0.4266666671875 0.9675 0.43333333281249997 0.9675 0.4158333328125 0.965625 0.41500000000000004 0.849375 0.3916666671875 0.8474999999999999 0.4 0.85 0.40499999999999997 0.9 0.42000000000000004 0.9043749999999999 0.4266666671875
10 0.371875 0.4933333328125 0.38125 0.4875 0.38625 0.4791666671875 0.38625 0.45999999999999996 0.378125 0.4533333328125 0.35750000000000004 0.4533333328125 0.34750000000000003 0.4641666671875 0.34500000000000003 0.4691666671875 0.34562499999999996 0.48333333281249996 0.35375 0.4916666671875 0.371875 0.4933333328125
12 0.29562499999999997 0.37 0.32999999999999996 0.3516666671875 0.3675 0.3525 0.36375 0.3408333328125 0.36375 0.32083333281250004 0.37 0.2866666671875 0.37 0.2808333328125 0.3675 0.2783333328125 0.26937500000000003 0.2575 0.265 0.26749999999999996 0.259375 0.30416666718749996 0.256875 0.3333333328125 0.26187499999999997 0.3633333328125 0.265 0.36666666718749996 0.29562499999999997 0.37
12 0.21187499999999998 0.3991666671875 0.198125 0.375 0.199375 0.3583333328125 0.205625 0.35 0.250625 0.3333333328125 0.253125 0.3283333328125 0.246875 0.3225 0.23125 0.3258333328125 0.199375 0.3383333328125 0.191875 0.34750000000000003 0.19 0.3741666671875 0.193125 0.3858333328125 0.20249999999999999 0.3991666671875 0.21187499999999998 0.3991666671875