4 0.840625 0.2541666671875 0.826875 0.2683333328125 0.82125 0.28250000000000003 0.805625 0.30416666718749996 0.795625 0.3125 0.791875 0.3233333328125 0.7837500000000001 0.33166666718750004 0.7825 0.3441666671875 0.796875 0.3791666671875 0.805 0.3916666671875 0.8087500000000001 0.4058333328125 0.8231249999999999 0.43333333281249997 0.8306250000000001 0.44333333281250004 0.834375 0.4591666671875 0.8425 0.4683333328125 0.8487500000000001 0.48333333281249996 0.8556250000000001 0.4925 0.86 0.5066666671875 0.871875 0.5308333328125 0.874375 0.5441666671875 0.8793749999999999 0.5516666671875 0.8825 0.5716666671875 0.8862500000000001 0.5808333328125 0.8881249999999999 0.5808333328125 0.898125 0.5725 0.903125 0.5541666671875001 0.91375 0.545 0.9243750000000001 0.525 0.92875 0.49833333281250003 0.9375 0.4808333328125 0.9425000000000001 0.45416666718750004 0.95 0.44666666718750003 0.953125 0.44000000000000006 0.9662499999999999 0.4325 0.975 0.4216666671875 0.9806250000000001 0.3783333328125 0.9712500000000001 0.3408333328125 0.96875 0.3166666671875 0.9625 0.29333333281249996 0.95375 0.27749999999999997 0.9175000000000001 0.2525 0.914375 0.24333333281249997 0.914375 0.2116666671875 0.9125 0.20249999999999999 0.899375 0.1916666671875 0.8724999999999999 0.1883333328125 0.8618750000000001 0.1925 0.85125 0.20249999999999999 0.8456250000000001 0.2166666671875 0.840625 0.2541666671875
4 0.35625 0.155 0.353125 0.1666666671875 0.3525 0.1975 0.35562499999999997 0.215 0.3675 0.2216666671875 0.37625000000000003 0.2133333328125 0.38125 0.205 0.38 0.1541666671875 0.38625 0.145 0.388125 0.1366666671875 0.38625 0.1266666671875 0.380625 0.1183333328125 0.365 0.11416666718749999 0.35875 0.1183333328125 0.353125 0.12833333281249998 0.3525 0.1416666671875 0.35625 0.155
13 0.46187500000000004 0.5625 0.46125 0.6558333328125 0.468125 0.6725 0.47750000000000004 0.6758333328125 0.490625 0.6716666671875 0.5 0.6616666671875 0.505625 0.6224999999999999 0.505 0.5416666671875 0.49874999999999997 0.52 0.496875 0.5058333328125 0.49124999999999996 0.5008333328125001 0.480625 0.49749999999999994 0.4725 0.5025000000000001 0.469375 0.5083333328124999 0.4625 0.5433333328125001 0.46187500000000004 0.5625
10 0.34125 0.71 0.35562499999999997 0.7175 0.375 0.7175 0.39 0.7108333328125 0.396875 0.7025 0.399375 0.6966666671875 0.39875 0.6816666671875 0.393125 0.6666666671875 0.3875 0.6583333328125 0.37875000000000003 0.6533333328125 0.354375 0.6525000000000001 0.339375 0.6583333328125 0.333125 0.6708333328125 0.335625 0.6966666671875 0.34125 0.71
7 0.224375 0.7233333328125 0.25 0.7433333328125 0.274375 0.7675 0.28125 0.77 0.2875 0.7658333328125 0.29125 0.76 0.29125 0.7325 0.29500000000000004 0.7166666671875 0.29500000000000004 0.7058333328125 0.29 0.6941666671875 0.26937500000000003 0.6741666671875 0.25375000000000003 0.6691666671875 0.23875000000000002 0.6691666671875 0.2225 0.675 0.215625 0.6816666671875 0.21375000000000002 0.7091666671875 0.224375 0.7233333328125
5 0.075625 0.8058333328125 0.068125 0.8158333328125 0.0625 0.8441666671875 0.0625 0.85 0.068125 0.8558333328125001 0.076875 0.8583333328125 0.088125 0.8516666671875001 0.09375 0.845 0.09812499999999999 0.835 0.100625 0.8216666671875 0.11875 0.7808333328125 0.12250000000000001 0.76 0.1275 0.745 0.12 0.7375 0.11125 0.7358333328125 0.0975 0.7458333328125 0.090625 0.7733333328125 0.081875 0.7825 0.075625 0.8058333328125
9 0 0.9991666671875 0.46187500000000004 0.9991666671875 0.46312499999999995 0.9733333328124999 0.46687500000000004 0.9491666671875001 0.48624999999999996 0.8708333328125001 0.49312500000000004 0.8266666671875 0.5 0.8066666671875 0.514375 0.7333333328125 0.5181250000000001 0.7041666671875 0.5275000000000001 0.6666666671875 0.530625 0.6475 0.529375 0.6433333328125 0.52 0.6391666671875 0.5075000000000001 0.6408333328125 0.503125 0.645 0.500625 0.6583333328125 0.49812500000000004 0.6616666671875 0.48624999999999996 0.6691666671875 0.476875 0.67 0.46875 0.6666666671875 0.465 0.6616666671875 0.46187500000000004 0.6491666671874999 0.460625 0.6316666671875 0.45062499999999994 0.625 0.40812499999999996 0.6166666671875001 0.166875 0.585 0.12875 0.575 0.021875 0.5625 0 0.5566666671875 0 0.9991666671875
0 0.603125 0.45583333281250005 0.590625 0.4641666671875 0.58375 0.4725 0.579375 0.48333333281249996 0.57875 0.49583333281249997 0.5825 0.505 0.5962500000000001 0.52 0.64 0.5383333328125001 0.6681250000000001 0.545 0.681875 0.5525 0.7125 0.5549999999999999 0.7275 0.5625 0.759375 0.5708333328124999 0.76875 0.5775 0.78 0.5808333328125 0.8081250000000001 0.5816666671874999 0.8237500000000001 0.5700000000000001 0.83125 0.5525 0.834375 0.5258333328125 0.83375 0.5058333328125 0.83125 0.4933333328125 0.819375 0.4625 0.8087500000000001 0.4458333328125 0.805625 0.43583333281250003 0.8006249999999999 0.4308333328125 0.7893749999999999 0.4258333328125 0.720625 0.4183333328125 0.6849999999999999 0.42416666718749996 0.658125 0.425 0.619375 0.43583333281250003 0.603125 0.45583333281250005
11 0.1275 0.1933333328125 0.13374999999999998 0.24500000000000002 0.135 0.2916666671875 0.139375 0.3016666671875 0.155 0.30416666718749996 0.18937500000000002 0.2966666671875 0.205 0.2858333328125 0.21625 0.275 0.220625 0.26749999999999996 0.226875 0.2483333328125 0.22125 0.1766666671875 0.215625 0.1666666671875 0.205 0.1666666671875 0.144375 0.17250000000000001 0.13374999999999998 0.1758333328125 0.129375 0.18 0.1275 0.1933333328125
11 0.2575 0.1766666671875 0.26375000000000004 0.2425 0.27 0.24583333281250003 0.281875 0.24666666718750002 0.3025 0.24 0.33999999999999997 0.23500000000000001 0.348125 0.22833333281249998 0.34875 0.1525 0.34125 0.145 0.321875 0.145 0.265 0.1516666671875 0.26 0.1558333328125 0.2575 0.1625 0.2575 0.1766666671875
11 0.41875 0.13916666718749998 0.41312499999999996 0.13999999999999999 0.409375 0.1483333328125 0.41125 0.1583333328125 0.41624999999999995 0.16583333281249998 0.42874999999999996 0.17333333281250002 0.43624999999999997 0.2 0.445 0.20833333281250002 0.45125000000000004 0.20750000000000002 0.46187500000000004 0.1975 0.469375 0.1675 0.46687500000000004 0.1341666671875 0.46312499999999995 0.1275 0.45437500000000003 0.125 0.44375 0.1275 0.43562500000000004 0.13333333281249998 0.42874999999999996 0.1533333328125 0.41875 0.13916666718749998
12 0.72875 0.215 0.72875 0.22000000000000003 0.7318749999999999 0.2383333328125 0.73875 0.2541666671875 0.743125 0.2733333328125 0.75625 0.28500000000000003 0.76125 0.28500000000000003 0.7681250000000001 0.275 0.775 0.24583333281250003 0.775625 0.22749999999999998 0.766875 0.20833333281250002 0.765625 0.1866666671875 0.7618750000000001 0.1825 0.755 0.1816666671875 0.745625 0.18416666718750002 0.74 0.1891666671875 0.735 0.2058333328125 0.72875 0.215
11 0.6487499999999999 0.195 0.6375 0.205 0.631875 0.2133333328125 0.6331249999999999 0.22999999999999998 0.624375 0.2408333328125 0.6287499999999999 0.2508333328125 0.6287499999999999 0.2575 0.6212500000000001 0.2991666671875 0.620625 0.32166666718750003 0.62375 0.3291666671875 0.63 0.3341666671875 0.656875 0.3358333328125 0.6775 0.3325 0.68625 0.3283333328125 0.6743750000000001 0.305 0.6756249999999999 0.2916666671875 0.6793750000000001 0.28500000000000003 0.690625 0.2783333328125 0.694375 0.26916666718750004 0.7025 0.2641666671875 0.7056250000000001 0.25833333281250004 0.7075 0.2241666671875 0.7006249999999999 0.20416666718749998 0.680625 0.19 0.678125 0.18 0.678125 0.1541666671875 0.67125 0.14250000000000002 0.665625 0.1491666671875 0.660625 0.16499999999999998 0.6537499999999999 0.175 0.6487499999999999 0.195
3 0.798125 0.6475 0.8006249999999999 0.6616666671875 0.8087500000000001 0.6766666671875 0.8462500000000001 0.6816666671875 0.8931250000000001 0.6791666671875001 0.9025000000000001 0.6808333328125 0.9081250000000001 0.6775 0.909375 0.6525000000000001 0.90625 0.6416666671875 0.899375 0.6291666671875 0.8800000000000001 0.6325000000000001 0.8637499999999999 0.6316666671875 0.838125 0.6191666671875 0.80625 0.6125 0.8018750000000001 0.6166666671875001 0.8025 0.6283333328125 0.798125 0.6375 0.798125 0.6475