4 0.7306250000000001 0.34249999999999997 0.755625 0.38166666718750003 0.7631249999999999 0.3866666671875 0.7725 0.3991666671875 0.7787499999999999 0.4 0.7893749999999999 0.3891666671875 0.788125 0.365 0.804375 0.33999999999999997 0.8025 0.3258333328125 0.7931250000000001 0.3083333328125 0.7943749999999999 0.2916666671875 0.8 0.28500000000000003 0.80375 0.29 0.8099999999999999 0.2916666671875 0.8175000000000001 0.27999999999999997 0.8150000000000001 0.2575 0.8168749999999999 0.1966666671875 0.8099999999999999 0.1933333328125 0.79875 0.1966666671875 0.791875 0.20833333281250002 0.788125 0.2233333328125 0.7681250000000001 0.2258333328125 0.72875 0.26 0.7306250000000001 0.2908333328125 0.7381249999999999 0.2991666671875 0.73 0.3308333328125 0.7306250000000001 0.34249999999999997
4 0.248125 0.20916666718750002 0.2525 0.2141666671875 0.26 0.25833333281250004 0.2625 0.25916666718750003 0.271875 0.2508333328125 0.27875 0.2633333328125 0.28312499999999996 0.2616666671875 0.284375 0.2575 0.274375 0.22999999999999998 0.27749999999999997 0.205 0.26687500000000003 0.16999999999999998 0.26125 0.1633333328125 0.259375 0.1491666671875 0.25187499999999996 0.14666666718750002 0.24874999999999997 0.1641666671875 0.2375 0.17333333281250002 0.236875 0.17916666718750002 0.241875 0.1891666671875 0.24562499999999998 0.2108333328125 0.248125 0.20916666718750002
9 0.31124999999999997 0.6075 0.3225 0.6183333328125 0.323125 0.6466666671875 0.32625000000000004 0.6666666671875 0.32625000000000004 0.6808333328125 0.3225 0.6925 0.325625 0.7383333328125 0.325 0.7675 0.31875 0.7825 0.21375000000000002 0.9266666671875001 0.203125 0.9383333328125 0.18875 0.9425000000000001 0.183125 0.9475 0.184375 0.9633333328125 0.196875 0.9783333328125 0.216875 0.9991666671875 0.65125 0.9991666671875 0.70625 0.5991666671875 0.70625 0.5925 0.7 0.5816666671874999 0.571875 0.5416666671875 0.54375 0.5416666671875 0.5287499999999999 0.525 0.5 0.505 0.471875 0.49416666718749996 0.43 0.49083333281249997 0.3875 0.48 0.35375 0.4658333328125 0.33125 0.45999999999999996 0.32687499999999997 0.4608333328125 0.3225 0.46666666718750005 0.3275 0.5116666671875 0.3275 0.5275000000000001 0.325625 0.53 0.319375 0.5341666671875 0.27749999999999997 0.5333333328125 0.265625 0.5391666671875 0.26187499999999997 0.5466666671875 0.2625 0.5825 0.27625 0.5883333328125 0.28375 0.5958333328125 0.31124999999999997 0.6075
9 0.099375 0.7333333328125 0.125 0.7166666671875 0.15375 0.7141666671875 0.19125 0.6816666671875 0.19375 0.6683333328125001 0.18875 0.6583333328125 0.13374999999999998 0.6558333328125 0.12125 0.6583333328125 0.12125 0.6616666671875 0.11499999999999999 0.6666666671875 0.091875 0.6666666671875 0.057499999999999996 0.6591666671875 0.05375 0.6541666671875 0.05375 0.645 0.096875 0.5908333328125 0.14875 0.5766666671875 0.169375 0.5758333328125 0.174375 0.5708333328124999 0.17875000000000002 0.5566666671875 0.18812500000000001 0.54 0.195625 0.5341666671875 0.18687499999999999 0.5308333328125 0.11125 0.5333333328125 0.1 0.54 0.08937500000000001 0.5575 0.074375 0.5716666671875 0.03625 0.5900000000000001 0.019375 0.6041666671875 0.000625 0.6141666671875 0 0.775 0.014374999999999999 0.7866666671875 0.060625 0.7683333328125 0.099375 0.7333333328125
8 0.11125 0.7916666671875 0.11125 0.8616666671875001 0.114375 0.8616666671875001 0.11750000000000001 0.8683333328125 0.12687500000000002 0.8766666671875001 0.12625 0.8833333328125 0.121875 0.8875 0.123125 0.8933333328125 0.13125 0.8833333328125 0.18625 0.8966666671875 0.18062499999999998 0.9258333328124999 0.184375 0.9308333328125 0.200625 0.9391666671875001 0.2425 0.8875 0.31 0.7941666671875 0.325625 0.7683333328125 0.32437499999999997 0.62 0.3225 0.6116666671875 0.29375 0.5991666671875 0.273125 0.585 0.259375 0.5833333328125 0.18812500000000001 0.5441666671875 0.18125 0.5458333328125 0.1925 0.6775 0.15437499999999998 0.7133333328125 0.14375 0.7675 0.11125 0.7916666671875
6 0.133125 0.6508333328125 0.191875 0.6533333328125 0.19375 0.6516666671875 0.19375 0.6358333328125 0.1875 0.5866666671874999 0.18125 0.5833333328125 0.099375 0.5841666671875 0.049375 0.6466666671875 0.048125 0.6525000000000001 0.050624999999999996 0.6541666671875 0.12437499999999999 0.6541666671875 0.133125 0.6508333328125
6 0.490625 0.6183333328125 0.491875 0.6133333328125 0.49312500000000004 0.58 0.49000000000000005 0.5741666671875 0.485 0.5733333328125 0.3875 0.5716666671875 0.38125 0.5783333328125 0.37312500000000004 0.6075 0.3725 0.615 0.37625000000000003 0.6183333328125 0.48687500000000006 0.62 0.490625 0.6183333328125
11 0.13874999999999998 0.5166666671875 0.144375 0.525 0.15687500000000001 0.53 0.22000000000000003 0.5291666671875 0.24500000000000002 0.5325 0.260625 0.5383333328125001 0.282375 0.5349999999999999 0.32125 0.5358333328125 0.33125 0.5316666671875 0.32937500000000003 0.49416666718749996 0.319375 0.4183333328125 0.313125 0.38166666718750003 0.30874999999999997 0.375 0.305 0.3725 0.258125 0.37 0.11687499999999999 0.365 0.104375 0.3675 0.1 0.3716666671875 0.09812499999999999 0.3825 0.105625 0.41 0.11750000000000001 0.4425 0.13874999999999998 0.5166666671875
11 0 0.47000000000000003 0.024375 0.46666666718750005 0.04 0.45999999999999996 0.0875 0.45583333281250005 0.11374999999999999 0.44749999999999995 0.11499999999999999 0.4375 0.10187500000000001 0.3883333328125 0.1025 0.37666666718749997 0.11187499999999999 0.36833333281249997 0.24375 0.3691666671875 0.25187499999999996 0.365 0.25375000000000003 0.3608333328125 0.25187499999999996 0.3266666671875 0.24375 0.28500000000000003 0.23562500000000003 0.2533333328125 0.228125 0.2391666671875 0.07062500000000001 0.2491666671875 0.0125 0.2558333328125 0 0.25916666718750003 0 0.47000000000000003
10 0.449375 0.7625 0.45999999999999996 0.7333333328125 0.45999999999999996 0.72 0.45062499999999994 0.7116666671874999 0.43624999999999997 0.7150000000000001 0.43125 0.7216666671875 0.42125 0.75 0.42125 0.7616666671875 0.429375 0.7716666671875 0.434375 0.7716666671875 0.449375 0.7625
10 0.33875 0.6808333328125 0.34562499999999996 0.6741666671875 0.354375 0.6375 0.34187500000000004 0.6341666671875 0.328125 0.6383333328125 0.325 0.6425 0.325625 0.6816666671875 0.330625 0.6833333328125 0.33875 0.6808333328125
13 0.558125 0.5808333328125 0.56125 0.5683333328125 0.563125 0.5349999999999999 0.563125 0.5041666671875 0.558125 0.48250000000000004 0.545 0.48166666718749995 0.5431250000000001 0.4933333328125 0.536875 0.5033333328125 0.5349999999999999 0.5283333328125 0.5349999999999999 0.5766666671875 0.5431250000000001 0.5858333328125 0.5549999999999999 0.5841666671875 0.558125 0.5808333328125
1 0.555625 0.8666666671875 0.5275000000000001 0.8158333328125 0.51625 0.8191666671875 0.47375 0.8516666671875001 0.473125 0.8566666671875 0.49812500000000004 0.9166666671874999 0.555625 0.8724999999999999 0.555625 0.8666666671875
1 0.6475 0.7566666671875 0.646875 0.75 0.6212500000000001 0.7016666671875 0.614375 0.7016666671875 0.583125 0.7150000000000001 0.583125 0.72 0.6 0.76 0.60875 0.7733333328125 0.6475 0.7566666671875
1 0.510625 0.6825 0.5131249999999999 0.6791666671875001 0.5125 0.6725 0.499375 0.6408333328125 0.45437500000000003 0.6558333328125 0.45125000000000004 0.6625 0.46375 0.6950000000000001 0.478125 0.6883333328125001 0.510625 0.6825
1 0.608125 0.6608333328125 0.608125 0.6516666671875 0.596875 0.6266666671875 0.55375 0.63 0.5525 0.6408333328125 0.563125 0.6675 0.5962500000000001 0.665 0.608125 0.6608333328125
7 0.556875 0.6925 0.551875 0.6866666671874999 0.5493750000000001 0.6666666671875 0.5431250000000001 0.6608333328125 0.534375 0.6608333328125 0.529375 0.6641666671875 0.529375 0.6758333328125 0.54625 0.7116666671874999 0.55375 0.7125 0.556875 0.6925
12 0.615 0.3391666671875 0.610625 0.3466666671875 0.61 0.35583333281249996 0.63 0.3541666671875 0.63 0.3633333328125 0.634375 0.3633333328125 0.635 0.3508333328125 0.645625 0.34249999999999997 0.645625 0.32799999999999996 0.6487499999999999 0.3158333328125 0.65625 0.31083333281250003 0.6643749999999999 0.31083333281250003 0.67125 0.3025 0.67625 0.3008333328125 0.6743750000000001 0.2916666671875 0.6775 0.2833333328125 0.6775 0.27 0.67125 0.2683333328125 0.6599999999999999 0.2733333328125 0.653125 0.2475 0.61375 0.24416666718750002 0.6168750000000001 0.3025 0.64125 0.3133333328125 0.6375 0.3341666671875 0.615 0.3391666671875
12 0.6599999999999999 0.3508333328125 0.660625 0.3633333328125 0.665 0.365 0.666875 0.3566666671875 0.661875 0.33999999999999997 0.655 0.335 0.6487499999999999 0.3366666671875 0.6481250000000001 0.3416666671875 0.653125 0.34249999999999997 0.656875 0.35 0.6599999999999999 0.3508333328125