2 0.365 0.46166666718749994 0.37312500000000004 0.4608333328125 0.3775 0.4325 0.42312500000000003 0.4341666671875 0.418125 0.3241666671875 0.354375 0.3241666671875 0.355 0.3641666671875 0.356875 0.36583333281249997 0.35750000000000004 0.3958333328125 0.365 0.46166666718749994
2 0.225 0.45416666718750004 0.230625 0.45999999999999996 0.2625 0.46333333281250005 0.27749999999999997 0.45583333281250005 0.26937500000000003 0.4308333328125 0.26187499999999997 0.3441666671875 0.25875 0.335 0.253125 0.3291666671875 0.22937500000000002 0.32999999999999996 0.213125 0.3333333328125 0.205625 0.3391666671875 0.209375 0.38 0.22000000000000003 0.4258333328125 0.22125 0.445 0.225 0.45416666718750004
9 0.683125 0.6683333328125001 0.723125 0.67 0.7325 0.6658333328125 0.744375 0.6658333328125 0.806875 0.675 0.81375 0.675 0.8168749999999999 0.6716666671875 0.8162499999999999 0.6466666671875 0.8125 0.625 0.80375 0.62 0.7849999999999999 0.6166666671875001 0.7787499999999999 0.6116666671875 0.7737499999999999 0.605 0.77 0.585 0.7625 0.5758333328125 0.7581249999999999 0.5591666671875 0.754375 0.5566666671875 0.724375 0.5541666671875001 0.720625 0.5791666671875 0.711875 0.5916666671875 0.705 0.5916666671875 0.6443749999999999 0.5816666671874999 0.64 0.5725 0.6381249999999999 0.5541666671875001 0.63375 0.5433333328125001 0.6075 0.54 0.605 0.5408333328125 0.60625 0.5458333328125 0.60375 0.5591666671875 0.5962500000000001 0.58 0.5925 0.6 0.59375 0.64 0.615 0.6533333328125 0.683125 0.6683333328125001
9 0.44625000000000004 0.6066666671875 0.446875 0.6108333328125 0.46312499999999995 0.6208333328125 0.5650000000000001 0.6433333328125 0.57375 0.6433333328125 0.5756249999999999 0.64 0.57875 0.6025 0.583125 0.5933333328125 0.5825 0.5875 0.5625 0.5908333328125 0.51125 0.5816666671874999 0.501875 0.5708333328124999 0.500625 0.5650000000000001 0.480625 0.5608333328125 0.47125000000000006 0.5541666671875001 0.47625 0.5483333328125 0.503125 0.5475 0.50875 0.5441666671875 0.5193749999999999 0.5291666671875 0.5131249999999999 0.5258333328125 0.456875 0.5208333328125 0.446875 0.5233333328125 0.40374999999999994 0.5566666671875 0.39375 0.5708333328124999 0.39625 0.5816666671874999 0.44437499999999996 0.5916666671875 0.45 0.5983333328125 0.44625000000000004 0.6066666671875
0 0.503125 0.5758333328125 0.515 0.5825 0.57125 0.5908333328125 0.583125 0.5858333328125 0.5862499999999999 0.58 0.589375 0.5700000000000001 0.5900000000000001 0.5466666671875 0.593125 0.5333333328125 0.588125 0.5283333328125 0.5337500000000001 0.5216666671875 0.5231250000000001 0.5258333328125 0.504375 0.5466666671875 0.47874999999999995 0.5458333328125 0.478125 0.5483333328125 0.469375 0.55 0.464375 0.5558333328125 0.46375 0.5583333328125 0.47375 0.5708333328124999 0.48187499999999994 0.575 0.503125 0.5758333328125
11 0.76 0.425 0.76375 0.38416666718750003 0.6837500000000001 0.3825 0.680625 0.4066666671875 0.678125 0.4375 0.6799999999999999 0.44000000000000006 0.75625 0.44000000000000006 0.76 0.425
11 0.9481249999999999 0.44333333281250004 0.9550000000000001 0.3933333328125 0.9487500000000001 0.3875 0.9262499999999999 0.38333333281250004 0.8568749999999999 0.3825 0.849375 0.385 0.844375 0.3966666671875 0.8425 0.4425 0.8474999999999999 0.4483333328125 0.9375 0.4566666671875 0.9481249999999999 0.44333333281250004
11 0.875 0.5508333328125 0.8793749999999999 0.5416666671875 0.8825 0.505 0.8931250000000001 0.45416666718750004 0.8868750000000001 0.4458333328125 0.875 0.44333333281250004 0.8175000000000001 0.44333333281250004 0.79 0.4375 0.749375 0.4408333328125 0.74125 0.4458333328125 0.73625 0.45416666718750004 0.7325 0.4883333328125 0.7318749999999999 0.5325 0.7368750000000001 0.54 0.8706250000000001 0.5525 0.875 0.5508333328125
6 0.70375 0.5383333328125001 0.6725 0.5066666671875 0.660625 0.5075000000000001 0.6425 0.515 0.64625 0.53 0.6743750000000001 0.5608333328125 0.7150000000000001 0.5566666671875 0.70375 0.5383333328125001
12 0.33875 0.6266666671875 0.336875 0.6266666671875 0.336875 0.6316666671875 0.35875 0.6666666671875 0.3675 0.6958333328124999 0.368125 0.7141666671875 0.37124999999999997 0.7258333328125001 0.396875 0.7733333328125 0.4225 0.8033333328125 0.44437499999999996 0.82 0.44125 0.8291666671875 0.40812499999999996 0.8316666671874999 0.3975 0.8375 0.39187500000000003 0.8474999999999999 0.38625 0.8666666671875 0.38625 0.875 0.39 0.8800000000000001 0.40062499999999995 0.8758333328125 0.438125 0.8958333328125001 0.42625 0.9491666671875001 0.426875 0.97 0.429375 0.9766666671875001 0.433125 0.9775 0.44312500000000005 0.97 0.43875000000000003 0.9308333328125 0.45499999999999996 0.8741666671875 0.46187500000000004 0.86 0.4725 0.8583333328125 0.478125 0.8533333328125 0.49625 0.8658333328125 0.5225 0.9008333328125 0.524375 0.9341666671875 0.5287499999999999 0.9383333328125 0.538125 0.9341666671875 0.5375 0.9166666671874999 0.529375 0.8916666671875 0.503125 0.8591666671875 0.5175 0.8308333328125 0.525625 0.8341666671875 0.529375 0.8275 0.530625 0.8099999999999999 0.524375 0.8 0.524375 0.7941666671875 0.534375 0.7608333328125 0.54875 0.7375 0.5493750000000001 0.73 0.5443749999999999 0.7216666671875 0.5425 0.6941666671875 0.535625 0.6849999999999999 0.529375 0.6833333328125 0.520625 0.6925 0.515 0.6933333328125 0.499375 0.6841666671875 0.47125000000000006 0.675 0.433125 0.6691666671875 0.428125 0.6599999999999999 0.43125 0.6475 0.43 0.6341666671875 0.421875 0.6241666671874999 0.41187500000000005 0.6216666671875 0.374375 0.65 0.365625 0.6508333328125 0.353125 0.6358333328125 0.33875 0.6266666671875
9 0.42750000000000005 0.5241666671874999 0.45437500000000003 0.5216666671875 0.47062499999999996 0.5116666671875 0.51 0.47416666718749995 0.5193749999999999 0.4583333328125 0.5193749999999999 0.45416666718750004 0.51 0.44749999999999995 0.49000000000000005 0.4441666671875 0.468125 0.44333333281250004 0.441875 0.4491666671875 0.409375 0.4733333328125 0.385625 0.4858333328125 0.365625 0.4883333328125 0.36 0.49416666718749996 0.354375 0.5075000000000001 0.354375 0.5183333328125 0.36312500000000003 0.5208333328125 0.403125 0.52 0.42750000000000005 0.5241666671874999