4 0.765625 0.4033333328125 0.781875 0.41333333281250006 0.796875 0.4091666671875 0.8006249999999999 0.40499999999999997 0.803125 0.38333333281250004 0.8074999999999999 0.3716666671875 0.8143750000000001 0.3633333328125 0.818125 0.3533333328125 0.8175000000000001 0.3125 0.8231249999999999 0.2941666671875 0.8262499999999999 0.24416666718750002 0.8256249999999999 0.2133333328125 0.82 0.20833333281250002 0.8081250000000001 0.20833333281250002 0.796875 0.2308333328125 0.781875 0.2341666671875 0.77 0.24333333281249997 0.75125 0.26749999999999996 0.7474999999999999 0.27749999999999997 0.746875 0.3083333328125 0.739375 0.34500000000000003 0.740625 0.3616666671875 0.765625 0.4033333328125
4 0.273125 0.2383333328125 0.27999999999999997 0.24500000000000002 0.28875 0.2783333328125 0.2925 0.27999999999999997 0.296875 0.26916666718750004 0.29375 0.2325 0.30125 0.22000000000000003 0.29874999999999996 0.20416666718749998 0.289375 0.1808333328125 0.28312499999999996 0.1741666671875 0.281875 0.1625 0.27749999999999997 0.1575 0.27125 0.1591666671875 0.26875 0.1766666671875 0.26125 0.1875 0.260625 0.19583333281249998 0.265 0.205 0.26875 0.2258333328125 0.273125 0.2383333328125
9 0.315 0.615 0.3225 0.6224999999999999 0.325 0.6291666671875 0.32875 0.7766666671875 0.318125 0.7991666671875 0.25375000000000003 0.8866666671875001 0.213125 0.9366666671875 0.203125 0.9466666671875 0.18812500000000001 0.9483333328124999 0.181875 0.9541666671875 0.18 0.9650000000000001 0.1875 0.9866666671875001 0.18812500000000001 0.9991666671875 0.665625 0.9991666671875 0.7150000000000001 0.6358333328125 0.7175 0.6075 0.711875 0.5958333328125 0.5962500000000001 0.5508333328125 0.58125 0.5483333328125 0.5549999999999999 0.5516666671875 0.51125 0.5175 0.4925 0.5075000000000001 0.43937499999999996 0.49749999999999994 0.40374999999999994 0.48333333281249996 0.355 0.47083333281249995 0.344375 0.46333333281250005 0.336875 0.4641666671875 0.33125 0.4716666671875 0.3375 0.525 0.3375 0.5325 0.3325 0.5408333328125 0.32999999999999996 0.5433333328125001 0.28875 0.5416666671875 0.275 0.545 0.275625 0.5725 0.271875 0.5816666671874999 0.275 0.5925 0.315 0.615
9 0 0.7725 0.01875 0.7908333328125 0.026875 0.7925 0.064375 0.7791666671875 0.08125 0.765 0.100625 0.7424999999999999 0.1275 0.725 0.15125 0.7233333328125 0.16375 0.7175 0.19 0.6958333328124999 0.19875 0.6833333328125 0.19875 0.6716666671875 0.190625 0.6616666671875 0.161875 0.6683333328125001 0.15875 0.6716666671875 0.159375 0.6825 0.1575 0.6849999999999999 0.153125 0.6883333328125001 0.14375 0.6883333328125001 0.12687500000000002 0.6841666671875 0.11937500000000001 0.6741666671875 0.1025 0.665 0.07125000000000001 0.6591666671875 0.06937499999999999 0.645 0.1075 0.5958333328125 0.108125 0.5908333328125 0.1 0.585 0.09625 0.5775 0.0875 0.5766666671875 0.06875 0.5883333328125 0.05 0.5941666671875 0.041875 0.6025 0.03625 0.6041666671875 0.03 0.6141666671875 0.01875 0.6216666671875 0.013125000000000001 0.6308333328125 0 0.6283333328125 0 0.7725
8 0.1625 0.7258333328125001 0.17375000000000002 0.7375 0.17250000000000001 0.7441666671875 0.16625 0.7508333328125001 0.16125 0.7516666671875 0.160625 0.76 0.146875 0.7758333328125 0.12 0.7966666671875 0.12 0.8558333328125001 0.13874999999999998 0.8791666671874999 0.141875 0.8775000000000001 0.19 0.9175000000000001 0.18687499999999999 0.9258333328124999 0.1875 0.9324999999999999 0.20249999999999999 0.9458333328125 0.209375 0.9475 0.333125 0.7791666671875 0.33375 0.6266666671875 0.330625 0.6191666671875 0.2325 0.5700000000000001 0.20375000000000001 0.5508333328125 0.195625 0.5491666671875 0.191875 0.5533333328125 0.199375 0.6283333328125 0.20187499999999997 0.6816666671875 0.1625 0.72 0.1625 0.7258333328125001
6 0.146875 0.6558333328125 0.20187499999999997 0.6591666671875 0.1975 0.5916666671875 0.11125 0.5891666671875 0.063125 0.6475 0.06 0.6525000000000001 0.063125 0.6583333328125 0.1325 0.6591666671875 0.146875 0.6558333328125
6 0.49874999999999997 0.6283333328125 0.50125 0.5966666671875 0.5 0.5883333328125 0.49375 0.5841666671875 0.395 0.5816666671874999 0.38875000000000004 0.5883333328125 0.380625 0.6166666671875001 0.380625 0.6266666671875 0.384375 0.6291666671875 0.49437499999999995 0.6325000000000001 0.49874999999999997 0.6283333328125
11 0.1575 0.5341666671875 0.170625 0.5383333328125001 0.213125 0.5366666671875 0.32625000000000004 0.5475 0.340625 0.5416666671875 0.34249999999999997 0.5258333328125 0.335 0.48166666718749995 0.32937500000000003 0.4175 0.32437499999999997 0.3933333328125 0.318125 0.38333333281250004 0.19624999999999998 0.375 0.1275 0.3741666671875 0.114375 0.3791666671875 0.114375 0.39249999999999996 0.121875 0.4233333328125 0.15 0.5216666671875 0.1575 0.5341666671875
11 0.034999999999999996 0.4808333328125 0.134375 0.45999999999999996 0.135 0.45499999999999996 0.11499999999999999 0.3866666671875 0.11625 0.37666666718749997 0.27125 0.3775 0.250625 0.25666666718750003 0.246875 0.2475 0.0025 0.2633333328125 0 0.2641666671875 0.000625 0.4733333328125 0.024375 0.4808333328125 0.034999999999999996 0.4808333328125
10 0.45062499999999994 0.7858333328125 0.458125 0.7783333328125 0.46375 0.7633333328125 0.46875 0.7433333328125 0.468125 0.7333333328125 0.458125 0.7233333328125 0.44437499999999996 0.7258333328125001 0.438125 0.7341666671875 0.428125 0.7625 0.428125 0.7741666671874999 0.433125 0.7833333328125 0.43937499999999996 0.7875 0.45062499999999994 0.7858333328125
10 0.3625 0.6475 0.350625 0.6433333328125 0.34750000000000003 0.6475 0.34125 0.6441666671874999 0.33375 0.65 0.33375 0.6908333328125 0.34562499999999996 0.6908333328125 0.355 0.6808333328125 0.3625 0.6475
1 0.50875 0.9341666671875 0.564375 0.8891666671875 0.5387500000000001 0.8366666671875 0.5325 0.8308333328125 0.48375 0.8633333328124999 0.48 0.8683333328125 0.480625 0.8733333328124999 0.505 0.9341666671875 0.50875 0.9341666671875
1 0.6575 0.7725 0.630625 0.7175 0.62 0.7183333328125 0.591875 0.7291666671875 0.594375 0.7424999999999999 0.61625 0.7908333328125 0.6537499999999999 0.7766666671875 0.6575 0.7725
1 0.516875 0.6975 0.521875 0.6933333328125 0.52125 0.6858333328125 0.5081249999999999 0.6533333328125 0.460625 0.6683333328125001 0.45999999999999996 0.6783333328125 0.4725 0.7091666671875 0.48375 0.7083333328125 0.516875 0.6975
1 0.6174999999999999 0.6741666671875 0.6168750000000001 0.665 0.60625 0.6408333328125 0.5625 0.6433333328125 0.56125 0.655 0.57125 0.6816666671875 0.6131249999999999 0.6783333328125 0.6174999999999999 0.6741666671875
13 0.568125 0.5875 0.5725 0.5383333328125001 0.5725 0.5166666671875 0.566875 0.495 0.55375 0.495 0.5525 0.505 0.54625 0.5108333328125 0.5443749999999999 0.5391666671875 0.54375 0.5883333328125 0.5525 0.5983333328125 0.56125 0.5983333328125 0.568125 0.5875
7 0.5650000000000001 0.7066666671874999 0.560625 0.7008333328125 0.558125 0.6799999999999999 0.5475 0.6733333328125 0.5375 0.6775 0.5375 0.6891666671875 0.5549999999999999 0.7266666671875 0.5625 0.7258333328125001 0.5650000000000001 0.7066666671874999
5 0.53125 0.8025 0.534375 0.8016666671875001 0.5349999999999999 0.7966666671875 0.53 0.7841666671875 0.5037499999999999 0.7283333328125 0.49812500000000004 0.72 0.49312500000000004 0.7183333328125 0.491875 0.7241666671875 0.495625 0.735 0.5275000000000001 0.7975 0.53125 0.8025
12 0.64625 0.3433333328125 0.6287499999999999 0.3491666671875 0.6212500000000001 0.34750000000000003 0.61625 0.3525 0.61375 0.3625 0.615 0.3725 0.6725 0.38333333281250004 0.67625 0.3691666671875 0.67125 0.3516666671875 0.66875 0.3483333328125 0.6587500000000001 0.34750000000000003 0.655 0.333125 0.66125 0.3241666671875 0.6743750000000001 0.3225 0.68125 0.31416666718749997 0.6875 0.29500000000000004 0.6875 0.28250000000000003 0.68125 0.2808333328125 0.67125 0.28500000000000003 0.665625 0.2733333328125 0.663125 0.26 0.634375 0.26 0.6224999999999999 0.25666666718750003 0.62625 0.315 0.64625 0.32083333281250004 0.650625 0.325 0.64625 0.3433333328125