9 0.48671828906250003 0.6879218234375 0.4908515984375 0.68986925625 0.4967058578125 0.688721253125 0.4985358875 0.6793767671875 0.483752109375 0.6191095765625 0.48169970781250004 0.5934448484375 0.441296253125 0.4252140875 0.4372392984375 0.41889232187500003 0.43140685312500004 0.418790515625 0.40632339999999995 0.42335344375000006 0.38615192187499997 0.43300287343750005 0.3266015859375 0.45446684531250003 0.2937574890625 0.47389659687499996 0.291094253125 0.48322653750000005 0.35713076718750003 0.6631564375 0.3709571375 0.6827757296875 0.3780960390625 0.70352848125 0.3870322453125 0.7168114625 0.425389990625 0.8112452796875 0.4367058328125 0.8314458453125001 0.4517513953125 0.876715321875 0.46561048749999995 0.8944598984375001 0.49131321093749997 0.94991691875 0.5064351281249999 0.9908120609375001 0.510546621875 0.9940093046875 0.523062315625 0.9454703406249999 0.526052784375 0.9173932546874999 0.5320706625 0.906871678125 0.5365748328125 0.8875723484375 0.5378770734375 0.8607159843750001 0.534631509375 0.855658571875 0.52466575625 0.8536093328125001 0.51559865625 0.8478252093749999 0.4680387 0.7075988171875001 0.47999809843749996 0.6909299984375 0.48671828906250003 0.6879218234375
11 0.5018250828124999 0.6819345609374999 0.5008173515625 0.6919184953124999 0.5091100015625 0.742070859375 0.5154266046875 0.7621841640625 0.5586006296875 0.7716891015625 0.596862678125 0.7761075390625 0.595770159375 0.6954511875 0.585003921875 0.691512690625 0.5018250828124999 0.6819345609374999
11 0.6468885156249999 0.5363190890625 0.6085828375 0.5344002718749999 0.60105125625 0.5361440921875 0.5998799078125 0.5555015984375 0.6097474921875 0.5631749796875 0.6127749015624999 0.5807304890625 0.6185528078125 0.58395681875 0.63435100625 0.5861078625 0.647682309375 0.5863405625 0.6485482390625 0.584480390625 0.6468885156249999 0.5363190890625
11 0.6149919328125 0.9789548328125001 0.6233239968750001 0.9791002703125 0.6213915812499999 0.9465615890624999 0.560072446875 0.9261133078125001 0.5599306453125 0.9342370703125 0.568637790625 0.960643053125 0.6149919328125 0.9789548328125001
11 0.5258480109375 0.8336269234374999 0.5256298562499999 0.8461250187499999 0.601102590625 0.8674454468749999 0.6094455625 0.8669659796875001 0.5955755640625 0.8498463062500001 0.535911934375 0.83005201875 0.530912696875 0.8299647562500001 0.5258480109375 0.8336269234374999
11 0.6292880640625 0.7329168625 0.6492959265625 0.73264100625 0.6514640953125 0.703924471875 0.6490735546875 0.6976317921875 0.6132784015625 0.6951317 0.6127111984375 0.72762675 0.6292880640625 0.7329168625
11 0.6520330421875 0.8145762546875 0.6529207875 0.8114662734375001 0.6516688703125 0.7876908031250001 0.620072471875 0.783388715625 0.618002471875 0.80648110625 0.642867771875 0.8144162734375 0.6520330421875 0.8145762546875
13 0.47357489218750004 0.5814262203125 0.4128053625 0.5772400078125 0.4125763 0.5903630093750001 0.417521 0.5935747953125 0.4665820078125 0.6000570140625 0.48576757031250006 0.599141709375 0.48916584218750003 0.5954504546875 0.48929673593749995 0.5879515984375 0.47357489218750004 0.5814262203125
4 0.5882829390625 0.455909034375 0.5889634359375 0.4646722453125 0.5930313 0.47036910781249996 0.6030297765625 0.47054363125 0.6375948265625 0.44801844375 0.6551357921875 0.4458242421875 0.6644101390625 0.4397351734375 0.6621177671875 0.4278183515625 0.6397411796875 0.42055171874999997 0.63327186875 0.4091870828125 0.6249943421874999 0.4059171234375 0.605786965625 0.40808223750000006 0.6066789265625 0.452479565625 0.5966040953125 0.4566793765625 0.5882829390625 0.455909034375
9 0.3847807484375 0.177315 0.37879559375 0.1859618625 0.377733325 0.19907031875 0.3870446140625 0.238613846875 0.40847222656250004 0.300247196875 0.42186650312499996 0.392369990625 0.4290708515625 0.4093733125 0.444057659375 0.410260003125 0.5103063671875 0.38703766562499997 0.5320679046875 0.3817916578125 0.540519953125 0.37506314218750003 0.557947625 0.3316106796875 0.5499712984375 0.263336075 0.5459797921875 0.2532648796875 0.5369345062499999 0.2462309453125 0.4616362953125 0.21491204062499997 0.4319899125 0.1943915140625 0.3997348328125 0.18007640625000002 0.3847807484375 0.177315
0 0.57749066875 0.4057130390625 0.580273890625 0.38950914375 0.5844944609375 0.3864573390625 0.5850834796875 0.352712478125 0.578483275 0.3488467 0.5728689859375 0.3362467984375 0.5612040953124999 0.3360431875 0.5509874640625 0.348366759375 0.5529526031249999 0.37903072656250003 0.5633043453125001 0.40671560625 0.5724259843749999 0.4093752046875 0.57749066875 0.4057130390625
12 0.42761488906249995 0.06304515468750001 0.40583153593750004 0.0695409734375 0.3989913625 0.0794231 0.398016353125 0.08753231875 0.38705377812499997 0.09484210937500001 0.377910321875 0.09343231874999999 0.37120104062500003 0.0958155890625 0.36241085 0.12191615468749999 0.35810723437499997 0.17747450781250002 0.3289013796875 0.1794650984375 0.32612485 0.147536778125 0.3121675875 0.1354163453125 0.302190925 0.1339920109375 0.2988144703125 0.1364334546875 0.2978721859375 0.14266795937500001 0.3035846453125 0.14964371875 0.294353928125 0.1532331671875 0.2648275296875 0.1258386875 0.239194471875 0.11413954687500001 0.23164107500000003 0.11713317812499999 0.23063334531250002 0.1271171125 0.236334896875 0.13471777499999998 0.2521221859375 0.1374937234375 0.255520459375 0.1338024703125 0.2621861109375 0.13391881875 0.28027668125 0.1479866859375 0.3047711171875 0.17716861718750002 0.3060775734375 0.1978195640625 0.3219194046875 0.1974709890625 0.37712918281249996 0.185932775 0.4020708359375 0.18949360937499998 0.42292281093749995 0.188607390625 0.439270615625 0.207020503125 0.451659634375 0.2134877078125 0.459147584375 0.21424350468750003 0.43955421718750004 0.190772978125 0.43884099374999996 0.1838844828125 0.471696 0.1638298265625 0.484423159375 0.15092498125 0.47988204687499997 0.12459171718749999 0.4790446234375 0.07706986406250001 0.49165848749999996 0.02290675625 0.485804228125 0.0240547609375 0.45110828437499995 0.05407880625 0.44115343906250004 0.0514046625 0.42761488906249995 0.06304515468750001
12 0.3141847921875 0.2585953109375 0.322407778125 0.2649897953125 0.33491678281250004 0.2645830453125 0.340956475 0.252811659375 0.337270384375 0.22524312968750002 0.3573436921875 0.22121784375 0.35914099843749997 0.2137480734375 0.353450353125 0.20552250625 0.3250340734375 0.21002725937500002 0.33358851093749997 0.245181909375 0.330124790625 0.2526225921875 0.31848171718749996 0.25116917031249997 0.314261146875 0.2542209765625 0.3141847921875 0.2585953109375
6 0.4883628875 0.6892007203125 0.4850627828125 0.68726783125 0.4740347609375 0.69832705 0.46457498125 0.7150394999999999 0.48619893281250004 0.7654245640624999 0.49123089531249997 0.7636371109375 0.5040780390624999 0.7438583125 0.504263471875 0.7332349312499999 0.4883628875 0.6892007203125