4 0.5599999999999999 0.4891666671875 0.5706249999999999 0.48166666718749995 0.571875 0.4725 0.5662499999999999 0.4483333328125 0.559375 0.43916666718749997 0.555625 0.42416666718749996 0.551875 0.4233333328125 0.53625 0.4266666671875 0.531875 0.43583333281250003 0.529375 0.45083333281250004 0.5193749999999999 0.465 0.501875 0.4808333328125 0.501875 0.4925 0.5193749999999999 0.49583333281249997 0.533125 0.49000000000000005 0.5599999999999999 0.4891666671875
9 0.24500000000000002 0.7091666671875 0.258125 0.7258333328125001 0.42000000000000004 0.79 0.45499999999999996 0.8066666671875 0.48687500000000006 0.8166666671874999 0.49437499999999995 0.8141666671875001 0.49812500000000004 0.8058333328125 0.49874999999999997 0.7933333328125001 0.5075000000000001 0.7808333328125 0.515625 0.7608333328125 0.528125 0.7166666671875 0.55625 0.6541666671875 0.5443749999999999 0.6483333328125 0.41875 0.62 0.371875 0.615 0.359375 0.6066666671875 0.28625 0.5916666671875 0.27625 0.5925 0.27625 0.6091666671875 0.25 0.6283333328125 0.2375 0.6275000000000001 0.19 0.6058333328125001 0.165625 0.6058333328125001 0.146875 0.6 0.12875 0.6016666671875 0.065625 0.6275000000000001 0.060625 0.6308333328125 0.064375 0.6375 0.22562500000000002 0.7041666671875 0.24500000000000002 0.7091666671875
9 0.666875 0.6733333328125 0.705 0.6858333328125 0.75125 0.6950000000000001 0.7675 0.7008333328125 0.778125 0.7116666671874999 0.781875 0.7108333328125 0.783125 0.6958333328124999 0.78125 0.6883333328125001 0.76875 0.665 0.754375 0.625 0.746875 0.6125 0.7224999999999999 0.5541666671875001 0.7162499999999999 0.5416666671875 0.71 0.5358333328125 0.6381249999999999 0.5291666671875 0.6174999999999999 0.5408333328125 0.61125 0.5533333328125 0.6025 0.5541666671875001 0.5912499999999999 0.5650000000000001 0.5675 0.6391666671875 0.564375 0.6533333328125 0.5706249999999999 0.6575 0.635 0.6708333328125 0.666875 0.6733333328125
9 0 0.6108333328125 0.040625 0.6266666671875 0.059375 0.625 0.08687500000000001 0.6133333328125 0.088125 0.6083333328125 0.07625 0.605 0.06687499999999999 0.5941666671875 0.0675 0.5900000000000001 0.071875 0.5858333328125 0.095625 0.58 0.104375 0.5591666671875 0.10375000000000001 0.5516666671875 0.095625 0.5475 0.061875 0.5516666671875 0.025625 0.5658333328125 0 0.5683333328125 0 0.6108333328125
12 0.780625 0.7858333328125 0.805 0.7883333328125001 0.829375 0.8091666671875 0.8487500000000001 0.8333333328125001 0.846875 0.8483333328124999 0.849375 0.8591666671875 0.859375 0.8675 0.86875 0.865 0.8699999999999999 0.8566666671875 0.8556250000000001 0.8283333328125 0.825 0.795 0.82875 0.7866666671875 0.83625 0.7925 0.8418749999999999 0.7916666671875 0.844375 0.7866666671875 0.844375 0.78 0.835 0.765 0.825 0.7616666671875 0.825 0.725 0.850625 0.7224999999999999 0.8724999999999999 0.7133333328125 0.875 0.705 0.8712500000000001 0.6950000000000001 0.8768750000000001 0.6858333328125 0.8875 0.6833333328125 0.89375 0.6775 0.8949999999999999 0.6591666671875 0.905625 0.6416666671875 0.903125 0.6308333328125 0.911875 0.6133333328125 0.9256249999999999 0.5958333328125 0.9256249999999999 0.5916666671875 0.88375 0.6041666671875 0.8081250000000001 0.6008333328125001 0.78625 0.6383333328125 0.770625 0.6375 0.7525000000000001 0.6233333328125 0.753125 0.6291666671875 0.785625 0.7025 0.779375 0.7675 0.780625 0.7858333328125
12 0 0.8333333328125001 0.035625000000000004 0.8591666671875 0.05125 0.8833333328125 0.06 0.89 0.094375 0.9016666671875001 0.10500000000000001 0.8991666671875 0.10874999999999999 0.9075 0.0875 0.9408333328125 0.09125 0.9508333328124999 0.17375000000000002 0.975 0.17875000000000002 0.985 0.1925 0.9991666671875 0.41875 0.9991666671875 0.43187499999999995 0.9925 0.43624999999999997 0.9866666671875001 0.45125000000000004 0.8491666671875 0.45125000000000004 0.8150000000000001 0.448125 0.8008333328124999 0.43562500000000004 0.7983333328125 0.429375 0.8041666671875 0.42374999999999996 0.8166666671874999 0.39187500000000003 0.8033333328125 0.375625 0.8 0.35125 0.7991666671875 0.315625 0.805 0.305 0.8108333328124999 0.281875 0.8433333328125 0.276875 0.8358333328124999 0.274375 0.7983333328125 0.26937500000000003 0.7758333328125 0.26125 0.7641666671875 0.24874999999999997 0.7625 0.24375 0.7583333328124999 0.240625 0.7491666671874999 0.224375 0.7275 0.195 0.7133333328125 0.169375 0.7116666671874999 0.12437499999999999 0.7391666671875 0.12 0.7316666671875 0.13374999999999998 0.6941666671875 0.1325 0.675 0.12375 0.6666666671875 0.095 0.6591666671875 0.071875 0.6475 0 0.6475 0 0.8333333328125001
11 0.278125 0.5900000000000001 0.284375 0.5883333328125 0.278125 0.4933333328125 0.190625 0.4875 0.18937500000000002 0.49749999999999994 0.196875 0.575 0.21749999999999997 0.5808333328125 0.278125 0.5900000000000001
11 0.125 0.5558333328125 0.125 0.5516666671875 0.11687499999999999 0.5091666671875 0.110625 0.4891666671875 0.10375000000000001 0.4841666671875 0.099375 0.47416666718749995 0.093125 0.4733333328125 0.0925 0.4841666671875 0.10625 0.5650000000000001 0.118125 0.5650000000000001 0.125 0.5558333328125
11 0.43125 0.4766666671875 0.441875 0.47416666718749995 0.440625 0.4425 0.39249999999999996 0.4408333328125 0.39375 0.45999999999999996 0.39187500000000003 0.4683333328125 0.39375 0.47083333281249995 0.43125 0.4766666671875
11 0.26 0.4691666671875 0.27875 0.47083333281249995 0.278125 0.4375 0.25375000000000003 0.4341666671875 0.2425 0.43583333281250003 0.241875 0.4491666671875 0.24562499999999998 0.4716666671875 0.25625 0.4725 0.26 0.4691666671875
11 0 0.5233333328125 0.017499999999999998 0.5291666671875 0.020624999999999998 0.5275000000000001 0.020624999999999998 0.5208333328125 0.016875 0.49583333281249997 0.009375 0.4658333328125 0.006875000000000001 0.46333333281250005 0 0.46333333281250005 0 0.5233333328125
6 0.27625 0.6058333328125001 0.27625 0.6033333328125 0.265 0.6016666671875 0.22562500000000002 0.5841666671875 0.215 0.5866666671874999 0.191875 0.6016666671875 0.193125 0.6058333328125001 0.24562499999999998 0.6283333328125 0.25 0.6275000000000001 0.27625 0.6058333328125001
6 0.13625 0.5883333328125 0.138125 0.5783333328125 0.135 0.5716666671875 0.13125 0.5708333328124999 0.13125 0.5741666671875 0.123125 0.58 0.08625000000000001 0.5916666671875 0.074375 0.5991666671875 0.07375000000000001 0.6033333328125 0.076875 0.605 0.09875 0.6041666671875 0.13625 0.5883333328125
11 0.15812500000000002 0.43333333281249997 0.16 0.4641666671875 0.18687499999999999 0.46333333281250005 0.184375 0.43333333281249997 0.15812500000000002 0.43333333281249997
8 0.5662499999999999 0.5116666671875 0.5675 0.49833333281250003 0.5650000000000001 0.4808333328125 0.5237499999999999 0.48 0.51875 0.4808333328125 0.5231250000000001 0.51 0.563125 0.5141666671875 0.5662499999999999 0.5116666671875
13 0.38 0.6825 0.385625 0.6783333328125 0.39125 0.6675 0.395 0.6458333328125 0.393125 0.625 0.37875000000000003 0.6041666671875 0.369375 0.6125 0.36375 0.6316666671875 0.36875 0.6691666671875 0.3725 0.6783333328125 0.38 0.6825