12 0.623208265625 0.080548396875 0.6210317546875 0.0682044609375 0.6125105468750001 0.06673480000000001 0.606550528125 0.0759656265625 0.6044347953125 0.0850045859375 0.610871909375 0.098083353125 0.6108985453125 0.13313870781249998 0.5741842421875 0.14390448281249998 0.5686114046874999 0.135249259375 0.5641584609375 0.135336153125 0.5564357484375 0.1493923484375 0.5543516562499999 0.161001453125 0.5625514625 0.16925485625 0.570495653125 0.1731896875 0.5972449515625 0.1752384796875 0.5948078203125 0.191061178125 0.5875355671875 0.192371615625 0.5836255 0.20366579375 0.57106766875 0.20320972343750002 0.549791284375 0.23459092187500002 0.5384141234375 0.26425986562500003 0.5351734921875 0.2970419171875 0.5386647390625 0.301063640625 0.558334125 0.3036011453125 0.5645472609375 0.314931490625 0.54903855625 0.337903584375 0.5469544625 0.349512690625 0.5493233125 0.3610349046875 0.5597654109375 0.3705299328125 0.609899321875 0.380886375 0.61863950625 0.41658966875000003 0.6230924484375 0.416502775 0.6419633390625 0.4035144234375 0.6589766171875 0.3876409984375 0.671729290625 0.37103274062499997 0.673813384375 0.3594236359375 0.66481758125 0.3194017734375 0.668345471875 0.2935084375 0.665175625 0.282702971875 0.6651639984375 0.1501919984375 0.68458026875 0.1321683296875 0.6983604203125 0.10034914375 0.6960864875 0.09653737031250001 0.6859632875 0.096501203125 0.6825985984375 0.102760065625 0.6780457328125 0.127621725 0.666030778125 0.138372940625 0.6320700031250001 0.1590174828125 0.6190009328125 0.1499242734375 0.6198094359375 0.1004797140625 0.623208265625 0.080548396875
12 0.6678092171875 0.44729733281249995 0.6702754875 0.45028738281249997 0.7203777578125 0.45807367968749996 0.7240030671875 0.42364818125000003 0.7173078328125 0.4224934453125 0.7143936046875 0.41600655 0.7225034984375001 0.38406430625 0.725675846875 0.37862717031250004 0.7295201312499999 0.3784353 0.729554271875 0.36476284375 0.72295395625 0.3713185484375 0.711452740625 0.3744643015625 0.7101330015625 0.41527172031250004 0.7043020421875 0.41854053125 0.7032454265625 0.4149387078125 0.69658183125 0.41635412031249996 0.6946267984375 0.4220012125 0.674346253125 0.435601334375 0.6678092171875 0.44729733281249995
12 0.7172686875000001 0.468651109375 0.7173611046875 0.492604153125 0.7242120359374999 0.5228522250000001 0.7304909515625 0.5230802609375 0.75788305 0.51156156875 0.7592610640624999 0.5083796515625 0.7542019671875 0.492118965625 0.7539197109375 0.4527450421875 0.7378997703125 0.467079996875 0.721081334375 0.4658890953125 0.7172686875000001 0.468651109375
12 0.748510075 0.42445534531250007 0.7310829812499999 0.42315946875000005 0.7273627515625 0.4498745265625 0.7370379953125 0.44641384687499996 0.7458173234375 0.4359594765625 0.748510075 0.42445534531250007
12 0.7543485390625 0.37245872343749997 0.7357674078125 0.3760931890625 0.734613371875 0.38102352968750003 0.75140016875 0.379644284375 0.7614284515625 0.3719700125 0.7653385187499999 0.36067583281250004 0.763865584375 0.3561473109375 0.759412640625 0.356234203125 0.7558872531249999 0.3658849359375 0.7569438703125 0.3694867578125 0.7543485390625 0.37245872343749997
12 0.7013611765625 0.37699828125 0.7012978984375 0.3718579890625 0.6910797796875 0.36411138125 0.697616815625 0.35241538125 0.6910822796875 0.347868778125 0.6861155984375 0.355561134375 0.6856334984375 0.3657367453125 0.6948582828125 0.375021821875 0.7013611765625 0.37699828125
12 0.7390055375 0.359553740625 0.7417299296875 0.3506197578125 0.74714456875 0.346424246875 0.7490996015625 0.3407771578125 0.7441670609375 0.3347970578125 0.7397457578125 0.33745409843749996 0.738591721875 0.3423844390625 0.7365709078125 0.3591338375 0.7390055375 0.359553740625
12 0.2813240890625 0.2994246484375 0.2857112515625 0.31044006562500004 0.2983323625 0.3160364296875 0.2915688453125 0.34222660781249997 0.283880275 0.34261034375 0.2763499015625 0.3558448140625 0.26414260624999997 0.36741775468750004 0.251772109375 0.39862516718749996 0.2336047953125 0.4194289359375 0.23164976249999997 0.42507602499999997 0.2407771265625 0.442893265625 0.262148428125 0.41922250781250003 0.2983148515625 0.429734653125 0.3097527875 0.4214486078125 0.3385670515625 0.328105128125 0.3361982 0.3165829140625 0.3398185078125 0.3146426234375 0.3419658796875 0.30817381093749996 0.3320982953125 0.3124562125 0.31624155625 0.30715669375 0.3060575765625 0.28573763125 0.308334009375 0.2733068015625 0.30625241875000003 0.2686733046875 0.30199181406250003 0.2679384734375 0.29817916875 0.2707004890625 0.2970251328125 0.27563082968749997 0.3006429359375 0.2899331421875 0.2913840109375 0.2943205203125 0.2864831109375 0.29091056718749997 0.2813240890625 0.2994246484375
12 0.322378903125 0.3945597640625 0.3319250875 0.3970611 0.3391340609375 0.390610371875 0.3432364671875 0.3784944671875 0.3412522953125 0.3653288078125 0.33289178750000004 0.36046727500000003 0.322378903125 0.3945597640625
9 0.700396978125 0.3973495046875 0.7023520125 0.39170241250000004 0.700462759375 0.38624719218750003 0.66455195625 0.3800536171875 0.64555200625 0.39900398593749997 0.6208501562500001 0.4152611484375 0.6136778265625 0.39179681718750003 0.610544621875 0.35107629375 0.436884840625 0.321979896875 0.4100039796875 0.3421357265625 0.40791988593750006 0.35374483125 0.4124602421875 0.4100961890625 0.42408801875 0.417231025 0.48537010625 0.428655309375 0.6376635890625 0.4489372578125 0.6780007015625 0.41998858749999995 0.700396978125 0.3973495046875
0 0.3993203890625 0.44459049687499996 0.35982341875 0.42666475625 0.3549541578125 0.4258249515625 0.352198128125 0.4321887875 0.340952528125 0.4396531078125 0.3392847546875 0.45218891406250006 0.3424229609375 0.4604242328125 0.3477718203125 0.4673310328125 0.358566959375 0.47261246874999996 0.3846759609375 0.47198613749999996 0.39758683281249996 0.4682286140625 0.4049881453125 0.46095616093749997 0.4096334265625 0.46004754375 0.4105634859375 0.4533687796875 0.3993203890625 0.44459049687499996
13 0.42242524687499994 0.397281621875 0.41761926562499996 0.40158210937499994 0.4099256890625 0.434451053125 0.410052246875 0.444731640625 0.41655514374999997 0.446708096875 0.4206891875 0.43716234218750005 0.429760778125 0.4011114796875 0.42242524687499994 0.397281621875
9 0.7100622171875 0.4588592375 0.6473388328125 0.4454765765625 0.633626965625 0.4499508484375 0.6215803703125 0.45813191875000003 0.5648386375000001 0.503058990625 0.5644855984375 0.507272584375 0.5693548609375 0.5081123921875 0.5875513125 0.506121375 0.591298178125 0.5144616703125 0.5887661265624999 0.5225739296875 0.5900467203125 0.5279241734375 0.5991765859375 0.5294988109375 0.6146827890625 0.5227693203125 0.723099646875 0.4653823 0.7100622171875 0.4588592375
11 0.562235803125 0.5547587671875001 0.5624622828125 0.5402645875000001 0.5337579515625 0.543862884375 0.5287229859375 0.57890015625 0.5568503 0.577767028125 0.562235803125 0.5547587671875001
11 0.5848585609375 0.517625503125 0.57418998125 0.5226246546875 0.56983195625 0.5304219875 0.5617853421875 0.567504525 0.56566126875 0.569882803125 0.5775471640625 0.565093603125 0.587517171875 0.5197938296875 0.5848585609375 0.517625503125
11 0.3860123296875 0.5312044859375 0.3861705265625 0.54405521875 0.3908790890625 0.5482868953125 0.3977716671875 0.5161347000000001 0.396556853125 0.49968214531250005 0.3940905828125 0.49669209375 0.3860123296875 0.5312044859375
11 0.514789640625 0.5653834015625 0.51142245 0.587884865625 0.5197196796875 0.5876061046875 0.5268362359375 0.55720233125 0.5227679703125 0.5556457765625 0.518731346875 0.55665936875 0.514789640625 0.5653834015625
11 0.49607694843749994 0.5912224875 0.502163525 0.5922722453125 0.5070985671875 0.5820097421875 0.5115540125 0.5656802453124999 0.5079020671875 0.5650503890625 0.49953905625 0.5764314625 0.49607694843749994 0.5912224875
11 0.40061761249999994 0.5499665078125 0.3962937296875 0.5440913843749999 0.388473596875 0.5666797421875 0.3905551875 0.5713132390625 0.3939831546875 0.5701946734375001 0.40061761249999994 0.5499665078125
11 0.40760010625 0.5580099609375 0.4009048703125 0.5568552265625 0.39510305 0.5789367859375 0.3975376796875 0.579356690625 0.40311302031249996 0.5717693109375 0.40760010625 0.5580099609375
4 0.29243474062499997 0.5441315390625 0.3021732640625 0.5458111531250001 0.315758575 0.531056296875 0.3304321390625 0.5224734062499999 0.33760947343750003 0.5134525296875 0.3441148703125 0.499186384375 0.3474162796875 0.48778723125 0.3464887234375 0.478223390625 0.34014652968750003 0.4728550625 0.33268694062500004 0.44250201562499997 0.3125063171875 0.43132737343749994 0.3120292203125 0.40901777656249994 0.30828235625 0.4006774828125 0.29918413125 0.401672990625 0.2702191765625 0.4334379265625 0.2689360796875 0.44433028593749996 0.29372784375 0.46826876874999995 0.2994917703125 0.48422357031249996 0.30096095156249997 0.5131159953125 0.2914122671875 0.5268572625 0.289905190625 0.536001196875 0.29243474062499997 0.5441315390625
10 0.489696490625 0.4182878296875 0.47653 0.4177267859375 0.4753759640625 0.4226571265625 0.47787387499999995 0.42821732343749996 0.48315945468750005 0.42998382968750004 0.4908163859375 0.42702994531250005 0.4925790796875 0.422204578125 0.489696490625 0.4182878296875
7 0.4626282953125 0.4067801765625 0.46208291562500003 0.4118154921875 0.48031100625 0.412394621875 0.480856384375 0.40735930624999994 0.476371803125 0.404876053125 0.46499964531250004 0.4020597859375 0.4626282953125 0.4067801765625