12 0.364375 0.7316666671875 0.395 0.8608333328125 0.38 0.8816666671875 0.37374999999999997 0.915 0.37687499999999996 0.9183333328125001 0.38687499999999997 0.9166666671874999 0.38875000000000004 0.9099999999999999 0.3875 0.885 0.396875 0.8724999999999999 0.425625 0.8466666671875 0.440625 0.8533333328125 0.45125000000000004 0.9016666671875001 0.4525 0.9216666671875 0.4575 0.9333333328125001 0.46624999999999994 0.9333333328125001 0.47000000000000003 0.9233333328125 0.47000000000000003 0.9141666671875001 0.460625 0.9025000000000001 0.4525 0.8683333328125 0.48624999999999996 0.8516666671875001 0.49375 0.8591666671875 0.49812500000000004 0.8583333328125 0.5025000000000001 0.8433333328125 0.501875 0.8316666671874999 0.491875 0.825 0.48312499999999997 0.8225 0.45625 0.825 0.45499999999999996 0.8091666671875 0.46187500000000004 0.8066666671875 0.46312499999999995 0.795 0.47562499999999996 0.7933333328125001 0.489375 0.7591666671875 0.49375 0.7283333328125 0.489375 0.6958333328124999 0.485 0.6925 0.465 0.6933333328125 0.45625 0.6833333328125 0.46624999999999994 0.6583333328125 0.465625 0.6466666671875 0.460625 0.6358333328125 0.448125 0.6283333328125 0.39625 0.6266666671875 0.379375 0.5933333328125 0.375 0.5941666671875 0.359375 0.61 0.34625 0.6283333328125 0.3375 0.6466666671875 0.338125 0.6583333328125 0.35625 0.6958333328124999 0.35875 0.7216666671875 0.364375 0.7316666671875
12 0.284375 0.6425 0.28250000000000003 0.6483333328125 0.27875 0.6491666671874999 0.281875 0.6625 0.286875 0.655 0.2975 0.65 0.289375 0.61 0.294375 0.6058333328125001 0.29625 0.6091666671875 0.3025 0.6066666671875 0.303125 0.6008333328125001 0.32 0.5841666671875 0.32375 0.5716666671875 0.320625 0.5691666671875 0.26937500000000003 0.5700000000000001 0.27375 0.6041666671875 0.280625 0.6041666671875 0.28500000000000003 0.61 0.284375 0.6425
12 0.25 0.5641666671875 0.26687500000000003 0.5625 0.27 0.5591666671875 0.26437499999999997 0.5358333328125 0.250625 0.5075000000000001 0.244375 0.5083333328124999 0.22000000000000003 0.5241666671874999 0.21937500000000001 0.5275000000000001 0.228125 0.5425 0.2375 0.5808333328125 0.25 0.5641666671875
12 0.255625 0.5841666671875 0.24937499999999999 0.5958333328125 0.24937499999999999 0.6075 0.26687500000000003 0.6058333328125001 0.26437499999999997 0.5791666671875 0.255625 0.5841666671875
12 0.255625 0.6658333328125 0.25375000000000003 0.6625 0.255625 0.6591666671875 0.273125 0.6525000000000001 0.273125 0.6475 0.256875 0.6516666671875 0.24874999999999997 0.6608333328125 0.2475 0.6725 0.25 0.6766666671875 0.254375 0.6758333328125 0.255625 0.6658333328125
12 0.32375 0.6725 0.32687499999999997 0.6641666671875 0.325 0.6541666671875 0.31375000000000003 0.6466666671875 0.306875 0.6458333328125 0.308125 0.6508333328125 0.32 0.6566666671875 0.31625000000000003 0.6691666671875 0.32375 0.6725
12 0.274375 0.6941666671875 0.278125 0.6908333328125 0.278125 0.6858333328125 0.27625 0.6691666671875 0.27375 0.6691666671875 0.273125 0.6783333328125 0.26875 0.6833333328125 0.268125 0.6891666671875 0.274375 0.6941666671875
12 0.6775 0.6525000000000001 0.68625 0.6466666671875 0.703125 0.6491666671874999 0.718125 0.6683333328125001 0.71875 0.6808333328125 0.721875 0.6849999999999999 0.7262500000000001 0.6849999999999999 0.729375 0.6816666671875 0.729375 0.6766666671875 0.7224999999999999 0.6633333328125001 0.7306250000000001 0.6575 0.73625 0.6599999999999999 0.739375 0.6508333328125 0.7325 0.6408333328125 0.71875 0.6375 0.719375 0.6108333328125 0.7268749999999999 0.6091666671875 0.73125 0.595 0.740625 0.5816666671874999 0.745625 0.5491666671875 0.75875 0.5258333328125 0.759375 0.52 0.7462500000000001 0.5041666671875 0.7306250000000001 0.5308333328125 0.6925 0.5266666671875 0.683125 0.5366666671875 0.67625 0.6325000000000001 0.68125 0.6433333328125 0.678125 0.6458333328125 0.6775 0.6525000000000001
12 0.676875 0.5650000000000001 0.666875 0.5641666671875 0.66125 0.5716666671875 0.6599999999999999 0.5841666671875 0.665 0.5966666671875 0.6743750000000001 0.6 0.676875 0.5650000000000001
9 0.356875 0.615 0.3775 0.595 0.39 0.6166666671875001 0.4025 0.6558333328125 0.5806250000000001 0.655 0.6025 0.6308333328125 0.6018749999999999 0.6191666671875 0.584375 0.5650000000000001 0.57125 0.5599999999999999 0.5081249999999999 0.5591666671875 0.353125 0.5650000000000001 0.32 0.6 0.303125 0.6258333328125001 0.3025 0.6316666671875 0.305625 0.6366666671875 0.34249999999999997 0.6366666671875 0.356875 0.615
0 0.6375 0.54 0.63875 0.5333333328125 0.6481250000000001 0.5241666671874999 0.646875 0.5116666671875 0.641875 0.5041666671875 0.635 0.49833333281250003 0.623125 0.495 0.5974999999999999 0.5 0.5856250000000001 0.5058333328125 0.58 0.5141666671875 0.5756249999999999 0.5158333328125 0.57625 0.5225 0.589375 0.5291666671875 0.6325000000000001 0.54 0.6375 0.54
13 0.58125 0.5408333328125 0.57875 0.5308333328125 0.571875 0.53 0.5700000000000001 0.54 0.569375 0.5766666671875 0.5775 0.5791666671875 0.58125 0.5741666671875 0.58125 0.5408333328125
9 0.356875 0.5633333328125001 0.366875 0.5533333328125 0.4125 0.5 0.41187500000000005 0.49583333281249997 0.406875 0.49583333281249997 0.38937499999999997 0.5008333328125001 0.38375 0.4933333328125 0.384375 0.485 0.381875 0.48 0.3725 0.48 0.35875 0.4891666671875 0.265 0.5633333328125001 0.27937500000000004 0.5675 0.344375 0.5700000000000001 0.356875 0.5633333328125001
11 0.43062500000000004 0.42000000000000004 0.403125 0.4258333328125 0.403125 0.4491666671875 0.40625 0.46333333281250005 0.43375 0.45499999999999996 0.43062500000000004 0.42000000000000004
11 0.40125 0.47416666718749995 0.40062499999999995 0.43666666718749997 0.39625 0.43499999999999994 0.385625 0.44166666718750003 0.38625 0.4875 0.38937499999999997 0.4891666671875 0.39875 0.48250000000000004 0.40125 0.47416666718749995
11 0.5825 0.4425 0.579375 0.43 0.57375 0.4266666671875 0.5743750000000001 0.4591666671875 0.579375 0.475 0.5825 0.47750000000000004 0.5825 0.4425
11 0.44749999999999995 0.4308333328125 0.445625 0.40833333281249995 0.4375 0.41 0.4375 0.4408333328125 0.441875 0.44166666718750003 0.445625 0.44000000000000006 0.44749999999999995 0.4308333328125
11 0.45999999999999996 0.4025 0.45375 0.4025 0.45125000000000004 0.41333333281250006 0.45062499999999994 0.43 0.45437500000000003 0.43 0.45999999999999996 0.4175 0.45999999999999996 0.4025
11 0.56875 0.40416666718750005 0.565625 0.4058333328125 0.56375 0.4266666671875 0.569375 0.43166666718749996 0.571875 0.40833333281249995 0.56875 0.40416666718750005
11 0.5599999999999999 0.3975 0.55625 0.4058333328125 0.5549999999999999 0.42000000000000004 0.561875 0.42000000000000004 0.5625 0.3975 0.5599999999999999 0.3975
4 0.655625 0.52 0.678125 0.5275000000000001 0.6837500000000001 0.5491666671875 0.689375 0.5566666671875 0.698125 0.5541666671875001 0.719375 0.5183333328125 0.718125 0.5075000000000001 0.688125 0.4883333328125 0.67875 0.47375 0.670625 0.4458333328125 0.676875 0.4308333328125 0.67625 0.4216666671875 0.671875 0.4141666671875 0.661875 0.4141666671875 0.651875 0.4308333328125 0.639375 0.44166666718750003 0.634375 0.4516666671875 0.63125 0.46666666718750005 0.630625 0.4783333328125 0.63375 0.4875 0.64125 0.4916666671875 0.655625 0.52
10 0.5193749999999999 0.5633333328125001 0.515625 0.5583333328125 0.51 0.5575 0.503125 0.5616666671874999 0.5025000000000001 0.5666666671875 0.50625 0.5700000000000001 0.5193749999999999 0.5683333328125 0.5193749999999999 0.5633333328125001
7 0.535625 0.5766666671875 0.5349999999999999 0.5716666671875 0.516875 0.5741666671875 0.5175 0.5791666671875 0.5225 0.5808333328125 0.534375 0.5816666671874999 0.535625 0.5766666671875