4 0.769922834375 0.148556740625 0.7633665921875 0.14240501875 0.72726781875 0.1497661265625 0.6823348593749999 0.1531282140625 0.6684603515624999 0.164181965625 0.6180053484375 0.1707045703125 0.5980563203125 0.18749885625 0.57520973125 0.193311953125 0.5679613156250001 0.2035916984375 0.5755499484375 0.234148746875 0.5908033859375 0.23551131406249998 0.595496265625 0.239994090625 0.6046760890625 0.23955064843749999 0.6323525453125 0.24700850000000002 0.6721789484375 0.2354387421875 0.6937137453125 0.232923225 0.7017196703125 0.23701899843750002 0.7010982484375 0.238978196875 0.7062057109375 0.23963932500000001 0.72325446875 0.2345034796875 0.7291230515625 0.21935395624999998 0.74285966875 0.20705857343749998 0.7542484890625001 0.2038416171875 0.7600472234375 0.1956178203125 0.760254965625 0.189933725 0.754733825 0.1855477 0.7539754140625 0.178718725 0.7701278671875 0.165512271875 0.769922834375 0.148556740625
4 0.769097578125 0.7001719171875 0.7695802046875 0.7045176296875 0.7984995046875001 0.708057084375 0.8048489062499999 0.7123463578125 0.8044343250000001 0.7161680046875001 0.8121644640625 0.7177805125 0.8397728796875 0.7170710046875 0.8512297421874999 0.72202140625 0.8626185640624999 0.7188044484375 0.868210459375 0.7087182046875 0.8809110703125 0.702203665625 0.8803594968749999 0.6972371390625 0.876632771875 0.69389924375 0.8632426953125 0.6942056234375 0.8516479390624999 0.6880135890625 0.8352904531249999 0.68426450625 0.8149295515625001 0.6822408109375 0.769097578125 0.7001719171875
11 0.6132974078125 0.868671075 0.6017017484375 0.870025584375 0.5986644875 0.8728958499999999 0.58388554375 0.9437978765624999 0.58595484375 0.9548758156250001 0.5798794203125001 0.9681628906249999 0.5851919140625 0.9857795515625 0.586227015625 0.9875452499999999 0.8014371062500001 0.9611484499999999 0.79937955 0.8519654593749999 0.7913191312500001 0.7265041890624999 0.7842793609375 0.723553296875 0.7292013265625 0.7186674015625 0.6584552734375 0.7162405828125 0.674725746875 0.8702997015625 0.6660285499999999 0.8750888546875 0.6313803640625 0.872847471875 0.6132974078125 0.868671075
11 0.4890843828125 0.6643339359375 0.48487322656250004 0.6717434156250001 0.4861823078125 0.6910854625 0.5039786375 0.7833371062500001 0.5098381875 0.8436530093749999 0.51287454375 0.848329284375 0.5295078171875 0.8545616296875 0.6357285125 0.8742261656249999 0.664716759375 0.8783864359375 0.6712049578125 0.8763707984375 0.6768657984375 0.8669053703125 0.6765909156250001 0.8568755640625 0.6588689515625 0.7199654796875 0.650247025 0.6725496515625 0.6463134593750001 0.667349309375 0.6409991578125 0.6648257328125 0.6063509734375 0.66258435 0.52994498125 0.66207641875 0.4890843828125 0.6643339359375
6 0.4631734359375 0.8994135796875 0.45214018749999996 0.8151761046875 0.3836022265625 0.8175223140625001 0.3934651921875 0.8761128312500001 0.3907726640625 0.882087178125 0.39780430624999996 0.9529569515625 0.3991841390625 0.9578267281249999 0.4050509171875 0.957770290625 0.4631734359375 0.8994135796875
6 0.40101739687500004 0.634373528125 0.40757454375 0.6329787062500001 0.44043012031249995 0.6190788734375 0.4425012234375 0.615063725 0.4311241453125 0.520175628125 0.4287092125 0.5135401546875 0.424223171875 0.5109198265625 0.3869514046875 0.51527360625 0.378598940625 0.523166840625 0.39487483437500004 0.6319467015625 0.40101739687500004 0.634373528125
8 0.11883614843750001 0.8358726984375 0.155894753125 0.8824822687499999 0.152305015625 0.8879325515625001 0.2302224140625 0.947377690625 0.2541730484375 0.9439511046875 0.25755684687499997 0.9290918343750001 0.2869641953125 0.89169774375 0.307949228125 0.8691226125 0.3331436109375 0.8542310890625 0.3602730125 0.8189897 0.4219090953125 0.8149342328125 0.473260403125 0.816482234375 0.4914821546875 0.8143537203125 0.489481803125 0.8038966000000001 0.422544065625 0.69977689375 0.41246884218749996 0.684603184375 0.40536012499999996 0.681031478125 0.254409696875 0.696777646875 0.1636375390625 0.77844318125 0.106274334375 0.8360823249999999 0.1064811734375 0.8379447750000001 0.11883614843750001 0.8358726984375
10 0.2506938125 0.6028812421875 0.2630487875 0.6008091671875 0.2876906953125 0.5884976562500001 0.29604315937500003 0.5806044234375001 0.29625180625 0.5673737859375 0.2860377859375 0.5585049875 0.2695415015625 0.561060815625 0.238756128125 0.5784920437500001 0.235717965625 0.588908853125 0.2409624171875 0.5983581546875001 0.2506938125 0.6028812421875
1 0.15220596718749999 0.5621895859375 0.15676185625 0.5578841859375 0.18340953437500002 0.5107505421874999 0.1836862265625 0.5056872625 0.17630172187499998 0.49963229218749994 0.13068110625 0.48169313437500005 0.124814328125 0.481749571875 0.085327240625 0.541702665625 0.0856719734375 0.5448067453125 0.1488239734375 0.561955771875 0.15220596718749999 0.5621895859375
1 0.28653938125 0.40437330468750005 0.285712021875 0.3969235125 0.23567431249999998 0.37698484374999996 0.2281510109375 0.3772347828125 0.216206103125 0.413217925 0.21689556875 0.4194260859375 0.2699705375 0.4364944875 0.2782531515625 0.43552698124999994 0.28653938125 0.40437330468750005
1 0.32076214375 0.5009948468750001 0.31530814375 0.5123227234375001 0.3077803265625 0.550305375 0.314129728125 0.5545946500000001 0.3433937640625 0.561238184375 0.35057233125 0.5578841640625 0.3603789953125 0.51020226875 0.32076214375 0.5009948468750001
1 0.3643887328125 0.455651084375 0.3664598390625 0.45163593593750007 0.36377273125 0.41233102656250004 0.3609432140625 0.40951719999999997 0.34196305 0.4048167375 0.3301605484375 0.4043087984375 0.3258114984375 0.410476646875 0.3269799765625 0.4512166890625 0.3537592265625 0.45815047499999995 0.3643887328125 0.455651084375
13 0.41125309843749996 0.462125303125 0.41946586249999995 0.46808352343750004 0.46992086562499996 0.4615609171875 0.490489509375 0.4579005203125 0.51119695 0.4479352109375 0.5142342109375 0.44506494375 0.512302803125 0.435228640625 0.48842201718749995 0.43172949687499995 0.46102044218750005 0.4343014515625 0.4167769484375 0.4438717 0.41146174375 0.44889466562499997 0.41125309843749996 0.462125303125
12 0.5836036515624999 0 0.556871765625 0.013081812500000001 0.5475531453125 0.0198301640625 0.5374053625 0.034221809375 0.5287081640625 0.0390109625 0.531604821875 0.057538690625 0.5382980546875 0.0724785875 0.54416483125 0.0724221484375 0.5498946171875 0.0635775359375 0.5556235015625 0.062279465624999995 0.5676319375000001 0.0721963953125 0.5701838625 0.08762004375 0.5572065609375 0.09919786093750001 0.5561016109375 0.10435788906250001 0.558931128125 0.10717171875 0.567006903125 0.1043417640625 0.5790180484375 0.091619065625 0.58033074375 0.0807749421875 0.5762601890625 0.06678642500000001 0.5864760140625 0.0605621390625 0.603178234375 0.0674153015625 0.605455275 0.07280914375 0.62477926875 0.08816022812499999 0.6310615312500001 0.0767356 0.6449351375 0.0732283921875 0.65480623125 0.063900025 0.643766659375 0.03248835 0.6448026640625 0.0267075046875 0.6691696890625 0.0043661875 0.668568734375 0 0.5836036515624999 0
12 0.6452500609375 0.32536837812499997 0.643249709375 0.31491125625 0.6243384921875 0.3108316109375 0.6130186171875 0.3146693828125 0.6152956578125 0.32006322656249997 0.631239465625 0.3200874125 0.6428342234375 0.3262794453125 0.63178923125 0.340147025 0.6210907796875 0.34202559843749997 0.6210209296875 0.3489513265625 0.6236436046875 0.34990270625000003 0.636067528125 0.348451446875 0.6532550828125 0.3370106921875 0.6687162640625 0.33268916718749997 0.67610076875 0.3387441375 0.6837601546875 0.3548289140625 0.739253671875 0.348346621875 0.7325631515625 0.310767096875 0.7190351828125 0.30983184375 0.68797673125 0.3021401796875 0.6829391203124999 0.294553325 0.678866759375 0.29565789374999996 0.6709279734375 0.3072760234375 0.6697531718749999 0.3193617796875 0.662988284375 0.3264406953125 0.6452500609375 0.32536837812499997
7 0.33574341093750004 0.4696879796875 0.3292561140625 0.464157075 0.3092399453125 0.46523745625 0.3035809109375 0.45960980156250003 0.2839784234375 0.46441508125000003 0.28487472812500003 0.47248568906250005 0.322351528125 0.48508744375 0.3339471875 0.483732934375 0.33574341093750004 0.4696879796875
10 0.336545475 0.688440965625 0.36967593593750003 0.6845709390625 0.382721278125 0.68116048125 0.3870703296875 0.6749926328125 0.38431156718750004 0.6577065359375001 0.3777553234375 0.6515548140625 0.35470189531249996 0.6555054640625 0.33903296875 0.6655110859375 0.33185349999999997 0.6764116484375 0.331852596875 0.6839581890625 0.336545475 0.688440965625