12 0.9166567296875 0 0.9125315015625001 0.0036982078125 0.9064959859374999 0.019950682812500002 0.9002681515625 0.026201634374999998 0.8865475546875 0.032452587500000005 0.8851225765624999 0.0287020171875 0.8809599296874999 0.028702015625 0.8749566796874999 0.0574563953125 0.8646885359375001 0.178849884375 0.845846509375 0.27811500312500004 0.8437258109375 0.3112450484375 0.8471682218750001 0.3224967609375 0.9054852656250001 0.32187166718750004 0.9255860015625 0.31999638125 0.9332788296875 0.31687090625000003 0.9506418984374999 0.3187461921875 0.9652750515624999 0.3112450484375 0.985739584375 0.288721775 0.9991870171875 0 0.9166567296875 0
12 0.8134578140625001 0.6800512203125 0.8088150109375001 0.6875523625 0.803116371875 0.737559978125 0.8072712687499999 0.750686978125 0.8008033546875 0.7606885 0.784145025 0.7738155 0.7742914890625 0.8106961171875 0.7722908296875 0.841950878125 0.7631420343750001 0.8938337796875 0.7633666203125 0.91633720625 0.767481503125 0.9300893015625 0.7741417359375 0.9300893015625 0.8179211515624999 0.909461159375 0.847699878125 0.8994596359375 0.8880213890625 0.8938337796875 0.914517759375 0.8700801625000001 0.9286707546875 0.8700801625000001 0.9519893156249999 0.8569531625 0.9619926046874999 0.7006793609375 0.946614696875 0.6938033140625001 0.9236717531249999 0.6750504578125 0.860687384375 0.6575477921874999 0.85073705 0.6569226968749999 0.8353914078125 0.6625485531249999 0.8270983828125 0.6750504578125 0.82186313125 0.6788010296875 0.8134578140625001 0.6800512203125
11 0.687860865625 0.418136328125 0.69191121875 0.406884615625 0.699649253125 0.25998724218749997 0.6998170531250001 0.2443598625 0.6963346328125 0.23373324375 0.6189465843749999 0.23748381406250002 0.5704226828125 0.23685872031250002 0.5609847703125 0.2412343859375 0.5517585015625001 0.4243872796875 0.562461340625 0.426262565625 0.668352578125 0.423762184375 0.6809205406250001 0.42251199375 0.687860865625 0.418136328125
11 0.6631779390625 0.6606732671875 0.6852470687500001 0.6150413171875 0.6844622984375001 0.6012892234375 0.5534351359375 0.606289984375 0.5499849796875 0.608165271875 0.5443818609375 0.6306686984375001 0.54122856875 0.6669242203125 0.5440552859375 0.7138063609375 0.54757771875 0.723807884375 0.6134675515625 0.7219325984375 0.647208859375 0.7150565515625 0.6586396796875 0.6925531234375 0.6631779390625 0.6606732671875
11 0.47393316875 0.4306382328125 0.47848819843749996 0.4375142796875 0.4983888703125 0.4387644703125 0.5366852062499999 0.4387644703125 0.538470303125 0.436889184375 0.5443845046875 0.35750209375 0.5349543406249999 0.3487507609375 0.484010015625 0.35125114218750003 0.48131236250000003 0.3543766171875 0.47393316875 0.4306382328125
11 0.6280579796875 0.988224225 0.6308989828125 0.943841396875 0.62776893125 0.9407159187499999 0.5866549046875 0.9457166812500001 0.5550188015625 0.9457166812500001 0.5230225796875 0.9513425390625001 0.516874771875 0.9563433 0.5147073828125001 0.9902027671875 0.6280579796875 0.988224225
11 0.46165423437499997 0.8825820656250001 0.4589965953125 0.885082446875 0.4551153171875 0.9457166812500001 0.457492865625 0.9475919671874999 0.4724783875 0.9475919671874999 0.5109347750000001 0.9450915859375 0.5170735609375 0.8882079234375 0.5131910093750001 0.8838322562500001 0.49253783437500004 0.8813318750000001 0.46165423437499997 0.8825820656250001
11 0.474306140625 0.67192498125 0.46815833125 0.67692574375 0.46185949375 0.7363097890625 0.4639969625 0.7419356453125 0.47132967187499997 0.744436025 0.5063359046875 0.74381093125 0.51664635625 0.7388101687499999 0.510866415625 0.7250580734375001 0.5113298015625001 0.6788010296875 0.5058622171875 0.673175171875 0.474306140625 0.67192498125
6 0.745400890625 0.390632140625 0.7670841046875 0.25998724218749997 0.767724315625 0.2499857171875 0.764674290625 0.24561005156250001 0.7285154265625 0.251235909375 0.7235925296875 0.26311271875000003 0.7178216125 0.30124352656250003 0.7074233828125001 0.3206214765625 0.7066631328125 0.33249828593749997 0.7126031296875001 0.3437499984375 0.707087784375 0.3518762359375 0.7032542671875001 0.3987583765625 0.725492471875 0.4025089484375 0.739645465625 0.402508946875 0.745400890625 0.390632140625
6 0.6838917234374999 0.8963341609375 0.6733566859375 0.8788314937499999 0.6624215171875 0.8675797796875001 0.6467480234375 0.8913333984375 0.6410093703124999 0.9419661109374999 0.64068151875 0.960093871875 0.64448404375 0.965719728125 0.646061328125 0.9800969171875 0.6500639203125 0.9825972984375 0.6583491984375 0.98322239375 0.6643369546875 0.9807220125 0.6836839125 0.9125866359374999 0.6838917234374999 0.8963341609375
6 0.6865752484375001 0.5812861765624999 0.7494718421875 0.61316603125 0.752841971875 0.6125409375 0.7558674765625 0.5912877 0.753505425 0.563158415625 0.6976937140625 0.5506565125 0.67592791875 0.552531796875 0.6748875765625 0.568784271875 0.6865752484375001 0.5812861765624999
4 0.4606566390625 0.22185643437499997 0.44360592499999996 0.22810738593750002 0.43856299062500004 0.24185948124999998 0.44620805781249995 0.2524861 0.4813665953125 0.26248762187499997 0.48952408593749996 0.2781150015625 0.49673675624999997 0.28249067031249997 0.541685575 0.29561766718750004 0.54830579375 0.2962427640625 0.5528685703125 0.28999181093750004 0.5567706703125 0.2420382578125 0.5579347484375 0.23685871875000003 0.5630899734375 0.2343583390625 0.5636101453125 0.2262321015625 0.558022521875 0.2224815296875 0.5358643437499999 0.2174807671875 0.5344070984375 0.2012282921875 0.527746865625 0.2012282921875 0.5208465546875 0.20497886406250002 0.49254056874999996 0.20497886250000003 0.48999522031250003 0.2187309578125 0.4837673859375 0.224981909375 0.47484964375 0.22123133906249998 0.4606566390625 0.22185643437499997
8 0.5350718265625 0.21685567187500002 0.5364567921875001 0.22123133906249998 0.5504497328125 0.22373171875 0.5567898609374999 0.22873248125 0.5548046984375 0.23373324218749997 0.568005121875 0.23560852968749998 0.5760980796874999 0.2262321 0.5800593843749999 0.164347675 0.576929334375 0.16122219843750002 0.5392331953125 0.1518457703125 0.5350718265625 0.21685567187500002
0 0.577649571875 0.1499704859375 0.5817321890625 0.1512206765625 0.584349815625 0.14934539062500002 0.591850325 0.13621839062500002 0.6062421203125 0.06745791875 0.6188178296875 0.053080728125 0.6177929828125001 0.0430792046875 0.6208907671875 0.033702778125 0.617640678125 0.032452587500000005 0.6059452578125 0.033077682812499995 0.6007100046875 0.0368282546875 0.5822343140624999 0.039328634375 0.569418525 0.0574563953125 0.56555274375 0.09183663125 0.571444978125 0.1168404390625 0.5707970203125 0.1399689625 0.577649571875 0.1499704859375
0 0.55530673125 0.5250276078125 0.561454540625 0.520026846875 0.567033140625 0.471894515625 0.5568504734374999 0.46189299375 0.549557778125 0.45876751718750003 0.5444425640625 0.46064280156250004 0.5282566453124999 0.4793956578125 0.524958796875 0.4918975625 0.530530925 0.52190213125 0.5371911578125 0.5219021328125 0.5427387687499999 0.5262777984375 0.5469014140625 0.5262777984375 0.55530673125 0.5250276078125