12 0.4704711640625 0.6801972625 0.47076199062499996 0.6707519515625 0.4448161234375 0.6007543328125 0.44106802343749996 0.592104003125 0.43245506875000006 0.58428261875 0.3948158296875 0.59400600625 0.3371355140625 0.625935796875 0.3332873703125 0.6223207015625001 0.3386338328125 0.6076363703125 0.33378759375 0.5971445296875 0.321770865625 0.5944942359375001 0.3098355640625 0.5981294953125 0.306704 0.6051760640625 0.3197188234375 0.614703103125 0.321361378125 0.6202955671875 0.3110407046875 0.6465044718749999 0.30259060625 0.651254190625 0.2844201 0.6520014062499999 0.25326269687499997 0.626240403125 0.228421925 0.6096529937499999 0.21493480625 0.6083209484375 0.210251421875 0.6104002109375 0.20555872812499998 0.6181398671875 0.2081993796875 0.630609078125 0.21498830781249997 0.6315876796875 0.2251810078125 0.6273951906249999 0.2350921921875 0.6269876187500001 0.27853853125 0.657274390625 0.27273838906250003 0.6688329296875 0.2742809 0.679460628125 0.2025504328125 0.7176282046875 0.192639246875 0.718035778125 0.17447805 0.7131225999999999 0.1605279421875 0.7143251515625 0.152803728125 0.7240761421874999 0.15508143593749998 0.73404471875 0.1694852234375 0.7359679578125 0.20344848125 0.7295401859374999 0.25221570781249997 0.704894715625 0.28069522343750003 0.74082808125 0.2721450796875 0.7506130343749999 0.27690058125 0.76047971875 0.2862580421875 0.7619815859375 0.2917673578125 0.759868359375 0.4076677 0.8142179171875 0.40894731249999994 0.8173097484375 0.42224365312499995 0.82305186875 0.4323083828125 0.8408757953125001 0.4379898640625 0.8456732796875001 0.44606771093750003 0.8440833187499999 0.45911046093749996 0.836629178125 0.46654385 0.8363234984375 0.54447924375 0.8752542375000001 0.5555793046875 0.8773133359375 0.57849835625 0.834864103125 0.618654975 0.74516815625 0.6236384953125 0.727983190625 0.6208977984375 0.7205492125 0.6046699828125 0.7117831890625 0.5959662921875 0.703336646875 0.528630734375 0.691641178125 0.478993384375 0.6873934875 0.4704711640625 0.6801972625
9 0.500121071875 0.357824584375 0.488385859375 0.3513893734375 0.45935261875 0.31736545 0.45467854374999994 0.31378431875 0.4427525515625 0.311759184375 0.4278578484375 0.32935172343749997 0.3795443015625 0.35712298750000004 0.35472910625 0.380783490625 0.34398267968749996 0.386885421875 0.3411233234375 0.3958074671875 0.33340841875 0.39989806250000004 0.326328665625 0.4083647703125 0.3266729921875 0.4221861921875 0.4538245890625 0.5540554390625 0.4926596609375 0.59836741875 0.520150390625 0.6217636453125001 0.5460706828124999 0.6515133515625 0.590787325 0.6905523484375 0.6105724593749999 0.7123787765625 0.617179915625 0.7121070609375 0.6281357390625 0.6902742703125 0.63676035625 0.63520616875 0.643868034375 0.60975828125 0.6461015484375 0.59079973125 0.642825746875 0.5739544078125001 0.6045002078125 0.4988058625 0.5245174718750001 0.36562580625 0.5161767234375 0.359679896875 0.500121071875 0.357824584375
0 0.4444719265625 0.21483941093749997 0.430484584375 0.2386835375 0.38224315625 0.278400746875 0.39185420625 0.293098878125 0.43516561718749996 0.293833365625 0.446528578125 0.303428334375 0.4506396203125 0.3145792984375 0.48645248125 0.35524222031249997 0.49461175625 0.3599378109375 0.5050266406249999 0.360138415625 0.5160766796875 0.36471513125 0.5129451140625 0.37176170000000003 0.51504135 0.3804799578125 0.5347636734375001 0.3847000484375 0.5273861375 0.3510433671875 0.5368622609375 0.3361892140625 0.544905225 0.300011734375 0.54155730625 0.2712204671875 0.5279259484375001 0.245996528125 0.50118903125 0.21062039375000002 0.481666796875 0.196329834375 0.46817967656250004 0.19499778750000002 0.4444719265625 0.21483941093749997
9 0.6740180328125 0.6343029312499999 0.67759396875 0.63604255 0.683103284375 0.6339293234375 0.700036115625 0.4929905203125 0.6990380203125001 0.486113775 0.6775637875 0.486996846875 0.6722452515625 0.48469999843749995 0.6678340765625 0.4886547375 0.6646932015625 0.5013616984375 0.649614675 0.5749330125000001 0.6489422890625 0.5931984734375 0.6740180328125 0.6343029312499999
8 0.44474883906249996 0.1022567015625 0.483246540625 0.184315959375 0.5669006515625 0.20540260937500002 0.5776377671875 0.20496107343749997 0.5966435140625 0.19851950000000002 0.6020620937500001 0.1957811140625 0.59821395 0.19216601875 0.533728440625 0.1772089 0.4979807421875 0.096923225 0.48266028437499997 0.094408790625 0.46281929843749997 0.1065447203125 0.45275456875 0.0887207953125 0.44257117656249995 0.087252890625 0.44474883906249996 0.1022567015625
11 0.7189883609375001 0.4632822140625 0.7613924125 0.4577651140625 0.7595335015625 0.41633481406249995 0.7130905265624999 0.42264689375 0.7035422859375 0.4255551015625 0.7039959640625 0.4286808953125 0.6930680671875 0.43353250781249997 0.7012180359375 0.44388849218750004 0.6991659921875 0.4640973578125 0.7189883609375001 0.4632822140625
11 0.7100799734375001 0.3561083484375 0.7123018296875 0.400039284375 0.7142259015625 0.40184683281250005 0.74212611875 0.399441728125 0.7632374078125 0.39605801875 0.757076675 0.347886828125 0.7100799734375001 0.3561083484375
11 0.7588030078125 0.30253575312500003 0.7240138171875 0.30899749062500004 0.718685971875 0.31236103437499996 0.7152822 0.3175321265625 0.7181043218750001 0.33125165624999997 0.7369192875 0.32922015781249997 0.7609713625000001 0.3231999578125 0.7588030078125 0.30253575312500003
11 0.7454252390625 0.290508078125 0.7490104843750001 0.286587303125 0.7593846578125001 0.28364513125 0.7572069953125 0.268641321875 0.7285622734375 0.27736594375 0.7121343687499999 0.2786703890625 0.7129416828124999 0.2899572125 0.7187232078125 0.2897194609375 0.7236694906250001 0.29517606875 0.7454252390625 0.290508078125
6 0.57892208125 0.09359471875 0.5712164859375 0.092024921875 0.5721052265625 0.1095972953125 0.604421228125 0.21203524218749997 0.615239771875 0.2178792578125 0.6209305609375 0.2170163484375 0.5903757765625001 0.1038148453125 0.57892208125 0.09359471875
0 0.61621464375 0.12727899843749998 0.6377796140624999 0.1270210859375 0.621000425 0.0629354109375 0.6089115781250001 0.048339171874999996 0.6043282390625 0.0453832 0.5968041140625 0.0450637203125 0.5936818578125 0.0464498953125 0.5909132359375 0.055997098437500004 0.593163015625 0.0829468546875 0.6072294359375 0.12261737343750001 0.61621464375 0.12727899843749998
0 0.6128015625 0.1381104859375 0.625372015625 0.1388513375 0.628666434375 0.1443758734375 0.637570215625 0.1427519484375 0.6369443718750001 0.13271544375 0.610514546875 0.13380230312500002 0.6128015625 0.1381104859375
13 0.7225247109375 0.5448924984375 0.6994986578125 0.5408082671875001 0.6807744296875 0.5434649234375 0.6796669796875 0.5472838046875 0.6810373265624999 0.5510007921875 0.6945244484375 0.5523328390625 0.7152634859375 0.5521088890625 0.721598734375 0.5499616984375 0.7225247109375 0.5448924984375
10 0.5907129515625 0.51257951875 0.5772258328125 0.511247471875 0.575201715625 0.514475159375 0.577842365625 0.5269443703125 0.5814183015625 0.528683990625 0.593716546875 0.527549365625 0.5951055109375 0.5199455671875 0.5907129515625 0.51257951875
1 0.45286852812499995 0.1868229578125 0.4609556859375 0.1795726046875 0.4602297984375 0.174571334375 0.43900219687500003 0.1370819703125 0.435607734375 0.1365926703125 0.4226557203125 0.14467196875 0.42320013593750005 0.14842292343750002 0.4450721953125 0.184628003125 0.448003671875 0.18765190468749998 0.45286852812499995 0.1868229578125