9 0.39437500000000003 0.8175000000000001 0.40125 0.8791666671874999 0.40750000000000003 0.9083333328125001 0.4125 0.9199999999999999 0.42437500000000006 0.9883333328124999 0.600625 0.9883333328124999 0.610625 0.9824999999999999 0.666875 0.9650000000000001 0.75125 0.93 0.8175000000000001 0.9108333328124999 0.859375 0.8908333328125 0.9324999999999999 0.8683333328125 0.9412499999999999 0.86 0.94375 0.8483333328124999 0.954375 0.8425 0.969375 0.8408333328125 0.9731249999999999 0.8474999999999999 0.983125 0.8474999999999999 0.999375 0.8416666671874999 0.999375 0.6691666671875 0.9337500000000001 0.6858333328125 0.9181250000000001 0.6849999999999999 0.826875 0.5991666671875 0.819375 0.5891666671875 0.818125 0.5808333328125 0.8143750000000001 0.5758333328125 0.69625 0.5966666671875 0.690625 0.5991666671875 0.6900000000000001 0.6025 0.5818749999999999 0.6224999999999999 0.56875 0.6208333328125 0.37374999999999997 0.6616666671875 0.365 0.6641666671875 0.36062500000000003 0.6691666671875 0.36062500000000003 0.6733333328125 0.36625 0.6799999999999999 0.380625 0.7766666671875 0.39437500000000003 0.8175000000000001
11 0.64 0.3241666671875 0.6490625 0.3175 0.681875 0.315 0.6837500000000001 0.3133333328125 0.6950000000000001 0.2166666671875 0.583125 0.21916666718750002 0.5775 0.2858333328125 0.5756249999999999 0.3158333328125 0.5775 0.3225 0.6331249999999999 0.32 0.64 0.3241666671875
11 0.8387499999999999 0.305 0.88125 0.30583333281249997 0.896875 0.215 0.8006249999999999 0.20916666718750002 0.7787499999999999 0.20916666718750002 0.77625 0.2133333328125 0.764375 0.3025 0.8008749999999999 0.3025 0.825 0.3075 0.8387499999999999 0.305
0 0.53 0.8275 0.535625 0.8283333328125 0.5443749999999999 0.8458333328125001 0.565625 0.8533333328125 0.584375 0.85 0.62 0.8091666671875 0.624375 0.8091666671875 0.6331249999999999 0.8016666671875001 0.641875 0.8216666671875 0.6625 0.845 0.6825 0.8566666671875 0.7056250000000001 0.8541666671874999 0.8162499999999999 0.825 0.828125 0.8175000000000001 0.8400000000000001 0.8041666671875 0.8462500000000001 0.7825 0.844375 0.755 0.836875 0.7308333328125001 0.791875 0.6666666671875 0.739375 0.6216666671875 0.7006249999999999 0.605 0.640625 0.6041666671875 0.6331249999999999 0.6108333328125 0.60375 0.6133333328125 0.583125 0.6216666671875 0.576875 0.6308333328125 0.571875 0.6508333328125 0.571875 0.72 0.569375 0.73 0.558125 0.75 0.535625 0.7766666671875 0.5393749999999999 0.7858333328125 0.53 0.8016666671875001 0.526875 0.82 0.53 0.8275
9 0 0.7424999999999999 0.32687499999999997 0.675 0.344375 0.6691666671875 0.34750000000000003 0.6633333328125001 0.334375 0.5866666671874999 0.3225 0.5416666671875 0.305625 0.4575 0.299375 0.39249999999999996 0.2925 0.38416666718750003 0.075625 0.40083333281250005 0.045625 0.46333333281250005 0.045625 0.49833333281250003 0.028749999999999998 0.5041666671875 0.006875000000000001 0.5475 0 0.5633333328125001 0 0.7424999999999999
13 0.290625 0.6483333328125 0.29562499999999997 0.6591666671875 0.31437499999999996 0.6599999999999999 0.323125 0.6508333328125 0.325 0.6433333328125 0.32 0.5541666671875001 0.316875 0.545 0.31062500000000004 0.5375 0.30874999999999997 0.5241666671874999 0.296875 0.5225 0.29 0.5283333328125 0.289375 0.5425 0.284375 0.5541666671875001 0.284375 0.5658333328125 0.290625 0.6483333328125
1 0.46875 0.7224999999999999 0.46687500000000004 0.6849999999999999 0.458125 0.675 0.425625 0.6775 0.418125 0.6808333328125 0.41500000000000004 0.6883333328125001 0.41500000000000004 0.7208333328125 0.42062499999999997 0.73 0.456875 0.7291666671875 0.46875 0.7224999999999999
3 0.46125 0.9425000000000001 0.471875 0.9475 0.48312499999999997 0.9483333328124999 0.488125 0.9475 0.48875 0.9433333328125 0.528125 0.9358333328124999 0.53125 0.9191666671875 0.5287499999999999 0.8724999999999999 0.5225 0.8474999999999999 0.510625 0.82 0.49812500000000004 0.8183333328125 0.4875 0.8216666671875 0.48 0.8291666671875 0.473125 0.8425 0.468125 0.8425 0.46125 0.8316666671874999 0.45 0.8316666671874999 0.436875 0.8391666671875001 0.43 0.8491666671875 0.42437500000000006 0.8641666671875001 0.425 0.8775000000000001 0.44312500000000005 0.9191666671875 0.46125 0.9425000000000001
10 0.258125 0.6233333328125 0.268125 0.6183333328125 0.271875 0.6141666671875 0.27749999999999997 0.5933333328125 0.276875 0.5891666671875 0.265 0.5816666671874999 0.24500000000000002 0.5858333328125 0.24 0.5908333328125 0.23312499999999997 0.615 0.238125 0.6216666671875 0.24562499999999998 0.6233333328125 0.258125 0.6233333328125
12 0.47375 0.30333333281249997 0.48250000000000004 0.3233333328125 0.565625 0.3183333328125 0.566875 0.27999999999999997 0.564375 0.24500000000000002 0.480625 0.24500000000000002 0.478125 0.2475 0.479375 0.2836108328125 0.478125 0.29500000000000004 0.47375 0.2983333328125 0.47375 0.30333333281249997
12 0.41 0.3266666671875 0.405625 0.2733333328125 0.4025 0.2625 0.3125 0.2633333328125 0.31 0.2658333328125 0.31437499999999996 0.315 0.30874999999999997 0.3233333328125 0.31437499999999996 0.3308333328125 0.41 0.3266666671875
12 0.33625 0.41 0.343125 0.42000000000000004 0.371875 0.41916666718749995 0.37625000000000003 0.4291666671875 0.37124999999999997 0.4575 0.37312500000000004 0.47083333281249995 0.3875 0.4691666671875 0.384375 0.4408333328125 0.39 0.43499999999999994 0.39437500000000003 0.4158333328125 0.434375 0.40833333281249995 0.43937499999999996 0.40416666718750005 0.43875000000000003 0.3958333328125 0.43187499999999995 0.38333333281250004 0.3225 0.3916666671875 0.320625 0.3975 0.323125 0.40499999999999997 0.325625 0.40833333281249995 0.33625 0.41
12 0.520625 0.44666666718750003 0.52125 0.4525 0.528125 0.4533333328125 0.535625 0.45 0.5349999999999999 0.41 0.54 0.40750000000000003 0.5443749999999999 0.3883333328125 0.58125 0.385 0.585 0.38333333281250004 0.5862499999999999 0.37666666718749997 0.584375 0.3708333328125 0.576875 0.3708333328125 0.521875 0.37666666718749997 0.516875 0.38 0.51625 0.3883333328125 0.5237499999999999 0.39 0.528125 0.3966666671875 0.520625 0.44666666718750003
6 0.8881249999999999 0.5875 0.999375 0.6358333328125 0.999375 0.5425 0.83625 0.5025000000000001 0.8300000000000001 0.5033333328125 0.80625 0.5183333328125 0.796875 0.5291666671875 0.798125 0.5349999999999999 0.805625 0.54 0.86875 0.5733333328125 0.8881249999999999 0.5875
9 0.35375 0.3983333328125 0.46125 0.3908333328125 0.49375 0.3866666671875 0.5193749999999999 0.37666666718749997 0.566875 0.3716666671875 0.593125 0.3725 0.593125 0.3225 0.578125 0.3233333328125 0.5706249999999999 0.3175 0.472916875 0.3233333328125 0.42125 0.3241666671875 0.41312499999999996 0.32166666718750003 0.403625 0.3275 0.28500000000000003 0.3325 0.28875 0.38166666718750003 0.296875 0.3883333328125 0.30125 0.3966666671875 0.35375 0.3983333328125
7 0.22594875 0.5757091671875 0.234595625 0.5691966671875 0.236099375 0.56068 0.23271562499999998 0.5566725 0.224820625 0.55517 0.216925625 0.5581758328124999 0.21316625 0.5611816671875001 0.21278999999999998 0.5701983328125 0.20113562499999998 0.5696966671875 0.2018875 0.5912391671874999 0.209406875 0.5937433328124999 0.216925625 0.5827225 0.22594875 0.5757091671875
5 0.180458125 0.5351316671874999 0.11165875 0.5581758328124999 0.113538125 0.5686958328125 0.182338125 0.5496591671875 0.180458125 0.5351316671874999