12 0.18458312500000001 0.63 0.183333125 0.6383333328125 0.188333125 0.6433333328125 0.206458125 0.6508333328125 0.21270812499999997 0.6633333328125001 0.215833125 0.6641666671875 0.27458312500000004 0.7725 0.27270812499999997 0.7783333328125 0.27458312500000004 0.7875 0.284583125 0.7908333328125 0.29395812499999996 0.7808333328125 0.330833125 0.8041666671875 0.308333125 0.8566666671875 0.303333125 0.8916666671875 0.30583312500000004 0.9058333328125 0.315833125 0.9066666671875 0.32520812499999996 0.8975 0.325833125 0.8833333328125 0.320208125 0.8658333328125 0.320208125 0.8558333328125001 0.355208125 0.7783333328125 0.365833125 0.7783333328125 0.377083125 0.7708333328125 0.408958125 0.8099999999999999 0.408958125 0.82 0.405208125 0.8308333328125 0.406458125 0.8375 0.41895812499999996 0.8383333328125 0.426458125 0.8324999999999999 0.428333125 0.8275 0.426458125 0.8141666671875001 0.408958125 0.7916666671875 0.38208312499999997 0.7641666671875 0.38208312499999997 0.7458333328125 0.386458125 0.7366666671875 0.412083125 0.7224999999999999 0.417708125 0.7233333328125 0.427708125 0.735 0.43458312499999996 0.7308333328125001 0.437708125 0.7183333328125 0.43458312499999996 0.7066666671874999 0.42395812499999996 0.7033333328125 0.409583125 0.7108333328125 0.405833125 0.7075 0.43520812500000006 0.645 0.443333125 0.6058333328125001 0.43520812500000006 0.5983333328125 0.426458125 0.5958333328125 0.35583312500000003 0.58 0.346458125 0.5816666671874999 0.338958125 0.5741666671875 0.332708125 0.525 0.318333125 0.4591666671875 0.30958312499999996 0.4516666671875 0.300208125 0.43666666718749997 0.292708125 0.43499999999999994 0.275833125 0.4425 0.188333125 0.49583333281249997 0.147083125 0.525 0.14958312499999998 0.5358333328125 0.19145812499999998 0.6083333328125 0.19145812499999998 0.6158333328125 0.18458312500000001 0.63
9 0.4025 0.5233333328125 0.426875 0.5475 0.4725 0.58 0.60875 0.6883333328125001 0.6224999999999999 0.6866666671874999 0.630625 0.6783333328125 0.634375 0.67 0.6431250000000001 0.6658333328125 0.6487499999999999 0.6541666671875 0.67125 0.6258333328125001 0.696875 0.5733333328125 0.71375 0.5558333328125 0.7112499999999999 0.5441666671875 0.7075 0.54 0.6725 0.5158333328125 0.665625 0.505 0.663125 0.4891666671875 0.656875 0.48166666718749995 0.52125 0.42083333281249996 0.445 0.3933333328125 0.428125 0.39249999999999996 0.409375 0.3975 0.384375 0.40833333281249995 0.32999999999999996 0.425 0.30874999999999997 0.43916666718749997 0.30874999999999997 0.4458333328125 0.33125 0.4625 0.371875 0.5016666671875 0.4025 0.5233333328125
0 0.663125 0.5004166671875 0.6637500000000001 0.5108333328125 0.66875 0.5183333328125 0.7106250000000001 0.5483333328125 0.721875 0.5508333328125 0.7318749999999999 0.5608333328125 0.734375 0.6041666671875 0.749375 0.6116666671875 0.786875 0.5575 0.8099999999999999 0.54 0.82875 0.5133333328125 0.826875 0.5 0.811875 0.48250000000000004 0.775625 0.4608333328125 0.75 0.45083333281250004 0.7212500000000001 0.4516666671875 0.685625 0.465 0.67125 0.4766666671875 0.6375 0.47416666718749995 0.6425 0.4933333328125 0.65125 0.49416666718749996 0.658125 0.49000000000000005 0.663125 0.5004166671875
9 0.44375 0.3866666671875 0.51625 0.3608333328125 0.5287499999999999 0.35583333281249996 0.5325 0.3508333328125 0.53 0.3458333328125 0.53 0.3241666671875 0.5231250000000001 0.3241666671875 0.38375 0.3616666671875 0.381875 0.3675 0.38375 0.3708333328125 0.425625 0.39 0.44375 0.3866666671875
8 0.921875 0.5233333328125 0.936875 0.5233333328125 0.9349999999999999 0.5133333328125 0.9168749999999999 0.5058333328125 0.928125 0.4841666671875 0.925 0.4691666671875 0.84375 0.445 0.8262499999999999 0.3825 0.8225 0.3791666671875 0.82 0.385 0.8143750000000001 0.40499999999999997 0.8143750000000001 0.4158333328125 0.8387499999999999 0.4966666671875 0.921875 0.5233333328125
11 0.586875 0.31083333281250003 0.5900000000000001 0.31083333281250003 0.5925 0.3008333328125 0.596875 0.2533333328125 0.555625 0.2575 0.551875 0.3008333328125 0.551875 0.32083333281250004 0.571875 0.3158333328125 0.5825 0.3225 0.586875 0.31083333281250003
11 0.665 0.24583333281250003 0.6168750000000001 0.24666666718750002 0.614375 0.2683333328125 0.6131249999999999 0.2966666671875 0.615 0.2983333328125 0.6587500000000001 0.2941666671875 0.665 0.24583333281250003
11 0.705 0.2733333328125 0.71 0.2375 0.689375 0.2383333328125 0.684375 0.2633333328125 0.683125 0.28250000000000003 0.696875 0.2833333328125 0.701875 0.2791666671875 0.705 0.2733333328125
11 0.735625 0.2808333328125 0.73625 0.2641666671875 0.74375 0.2341666671875 0.72875 0.2341666671875 0.7262500000000001 0.24500000000000002 0.7224999999999999 0.2491666671875 0.71875 0.2716666671875 0.724375 0.2758333328125 0.724375 0.2816666671875 0.735625 0.2808333328125
6 0.9268750000000001 0.395 0.925 0.3875 0.914375 0.3775 0.8006249999999999 0.3633333328125 0.8 0.3691666671875 0.80625 0.3791666671875 0.909375 0.3966666671875 0.9268750000000001 0.395
0 0.961875 0.37 0.9712500000000001 0.36583333281249997 0.9724999999999999 0.3625 0.971875 0.355 0.96875 0.3508333328125 0.95375 0.3408333328125 0.889375 0.3333333328125 0.89 0.355 0.8949999999999999 0.3633333328125 0.9349999999999999 0.3716666671875 0.961875 0.37
0 0.88375 0.3616666671875 0.88375 0.335 0.87375 0.3358333328125 0.8724999999999999 0.34500000000000003 0.878125 0.34750000000000003 0.8793749999999999 0.36 0.88375 0.3616666671875
13 0.47000000000000003 0.3525 0.47375 0.3508333328125 0.47562499999999996 0.33166666718750004 0.47062499999999996 0.3091666671875 0.465625 0.31083333281250003 0.46375 0.3175 0.464375 0.3383333328125 0.46624999999999994 0.3516666671875 0.47000000000000003 0.3525
10 0.51 0.45 0.5081249999999999 0.43666666718749997 0.500625 0.43333333281249997 0.49312500000000004 0.43583333281250003 0.4925 0.4483333328125 0.49437499999999995 0.4516666671875 0.506875 0.4525 0.51 0.45
1 0.880625 0.5516666671875 0.8881249999999999 0.5375 0.8875 0.5341666671875 0.849375 0.5183333328125 0.844375 0.5183333328125 0.8375 0.5275000000000001 0.836875 0.5325 0.8400000000000001 0.5349999999999999 0.8768750000000001 0.5516666671875 0.880625 0.5516666671875