13 0.36625 0.6216666671875 0.3675 0.6608333328125 0.37312500000000004 0.6733333328125 0.379375 0.6775 0.385 0.6775 0.395625 0.675 0.40812499999999996 0.6625 0.41125 0.6566666671875 0.41125 0.645 0.40625 0.6308333328125 0.40499999999999997 0.5775 0.39625 0.5325 0.39 0.5241666671874999 0.3775 0.5225 0.37124999999999997 0.5266666671875 0.366875 0.5349999999999999 0.3625 0.5974999999999999 0.36625 0.6216666671875
10 0.26 0.6733333328125 0.263125 0.6808333328125 0.26749999999999996 0.6849999999999999 0.275625 0.6875 0.294375 0.6849999999999999 0.30062500000000003 0.6808333328125 0.306875 0.6708333328125 0.305625 0.6516666671875 0.3 0.635 0.29562499999999997 0.63 0.278125 0.6275000000000001 0.268125 0.6325000000000001 0.26125 0.6425 0.259375 0.6566666671875 0.26 0.6733333328125
5 0.024375 0.7091666671875 0.02375 0.7233333328125 0.039375 0.7233333328125 0.053125 0.7116666671874999 0.073125 0.6875 0.08687500000000001 0.6758333328125 0.095625 0.6633333328125001 0.096875 0.655 0.09125 0.6433333328125 0.08625000000000001 0.6425 0.07125000000000001 0.6508333328125 0.0625 0.6658333328125 0.027500000000000004 0.705 0.024375 0.7091666671875
7 0.18812500000000001 0.6833333328125 0.203125 0.6900000000000001 0.21125 0.6691666671875 0.213125 0.6433333328125 0.210625 0.635 0.20625 0.6291666671875 0.18687499999999999 0.625 0.1775 0.6316666671875 0.16999999999999998 0.6458333328125 0.183125 0.6766666671875 0.18812500000000001 0.6833333328125
7 0.756875 0.2391666671875 0.755 0.28250000000000003 0.744375 0.32 0.74375 0.3325 0.7462500000000001 0.3416666671875 0.7625 0.3375 0.7675 0.3275 0.79125 0.30333333281249997 0.8025 0.2791666671875 0.8074999999999999 0.2391666671875 0.8081250000000001 0.1808333328125 0.804375 0.1741666671875 0.79625 0.17250000000000001 0.77 0.1883333328125 0.764375 0.195 0.76125 0.2033333328125 0.756875 0.2391666671875
12 0.128125 0.1983333328125 0.128125 0.2058333328125 0.138125 0.24 0.13874999999999998 0.2541666671875 0.15125 0.2791666671875 0.166875 0.2816666671875 0.230625 0.2666666671875 0.24125000000000002 0.26 0.24375 0.255 0.24312499999999998 0.23500000000000001 0.23500000000000001 0.2 0.22562500000000002 0.1766666671875 0.213125 0.17250000000000001 0.190625 0.17916666718750002 0.140625 0.1875 0.130625 0.1925 0.128125 0.1983333328125
12 0 0.4258333328125 0.010624999999999999 0.42750000000000005 0.01125 0.42416666718749996 0.014374999999999999 0.42416666718749996 0.019375 0.4291666671875 0.027500000000000004 0.43 0.052500000000000005 0.445 0.058750000000000004 0.4441666671875 0.0625 0.45083333281250004 0.08875 0.45083333281250004 0.08875 0.4441666671875 0.084375 0.43499999999999994 0.08499999999999999 0.43166666718749996 0.094375 0.4266666671875 0.100625 0.4266666671875 0.09375 0.43333333281249997 0.088125 0.4341666671875 0.08875 0.4375 0.0925 0.44000000000000006 0.09375 0.44666666718750003 0.11875 0.44749999999999995 0.1125 0.4441666671875 0.115625 0.43833333281250003 0.11499999999999999 0.43 0.11687499999999999 0.4258333328125 0.11687499999999999 0.42083333281249996 0.113125 0.4175 0.128125 0.4091666671875 0.1275 0.3691666671875 0.05625 0.3991666671875 0.03125 0.4066666671875 0.021875 0.4125 0 0.40083333281250005 0 0.4258333328125
12 0 0.3375 0.02 0.3341666671875 0.041249999999999995 0.3258333328125 0.053125 0.325 0.065 0.3175 0.0625 0.2925 0.04625 0.25 0.03375 0.22999999999999998 0.025625 0.22916666718749998 0 0.2366666671875 0 0.3375
11 0.74875 0.3125 0.7462500000000001 0.3275 0.7462500000000001 0.3416666671875 0.748125 0.3433333328125 0.7575000000000001 0.3433333328125 0.764375 0.33999999999999997 0.7825 0.3133333328125 0.79375 0.30416666718749996 0.804375 0.2808333328125 0.81125 0.21916666718750002 0.811875 0.1808333328125 0.809375 0.17333333281250002 0.79625 0.17333333281250002 0.77125 0.1925 0.764375 0.2033333328125 0.75875 0.2816666671875 0.74875 0.3125
11 0.29125 0.1541666671875 0.29625 0.1875 0.29812500000000003 0.2416666671875 0.303125 0.2508333328125 0.316875 0.2533333328125 0.33999999999999997 0.2491666671875 0.35875 0.25 0.36625 0.24333333281249997 0.37875000000000003 0.24500000000000002 0.38125 0.2408333328125 0.388125 0.2258333328125 0.39 0.2158333328125 0.39125 0.1508333328125 0.3875 0.12833333281249998 0.383125 0.1241666671875 0.3775 0.1233333328125 0.368125 0.1266666671875 0.3025 0.1358333328125 0.29312499999999997 0.1416666671875 0.29125 0.1541666671875
11 0.43499999999999994 0.15 0.43624999999999997 0.16499999999999998 0.429375 0.1875 0.43 0.1916666671875 0.44125 0.1983333328125 0.456875 0.2 0.465 0.1975 0.49375 0.1983333328125 0.51875 0.1925 0.52625 0.1875 0.530625 0.175 0.531875 0.13999999999999999 0.528125 0.11499999999999999 0.5237499999999999 0.10833333281249999 0.465 0.1066666671875 0.44625000000000004 0.10916666718750001 0.43937499999999996 0.11416666718749999 0.438125 0.1416666671875 0.43499999999999994 0.15
11 0.56375 0.11333333281249999 0.56125 0.1241666671875 0.5625 0.145 0.5700000000000001 0.1616666671875 0.57625 0.16999999999999998 0.583125 0.175 0.6125 0.17250000000000001 0.658125 0.155 0.671875 0.14250000000000002 0.6725 0.1358333328125 0.6693749999999999 0.13 0.654375 0.1358333328125 0.63375 0.1358333328125 0.629375 0.1325 0.62625 0.1266666671875 0.62625 0.1108333328125 0.6224999999999999 0.0875 0.608125 0.0775 0.60375 0.0716666671875 0.6012500000000001 0.0633333328125 0.59375 0.058333332812500006 0.585 0.0616666671875 0.5806250000000001 0.0666666671875 0.573125 0.1 0.56375 0.11333333281249999
11 0.89 0.12 0.885 0.1458333328125 0.885 0.1591666671875 0.8868750000000001 0.16499999999999998 0.9 0.16833333281250001 0.9112500000000001 0.1633333328125 0.91625 0.1575 0.9243750000000001 0.12833333281249998 0.930625 0.1166666671875 0.9324999999999999 0.1058333328125 0.9324999999999999 0.09 0.9243750000000001 0.08333333281250001 0.9125 0.09 0.905625 0.1008333328125 0.898125 0.1058333328125 0.89 0.12
0 0.835625 0.2908333328125 0.8324999999999999 0.2983333328125 0.8300000000000001 0.3183333328125 0.836875 0.3291666671875 0.843125 0.3333333328125 0.849375 0.34249999999999997 0.858125 0.3483333328125 0.9356249999999999 0.36833333281249997 0.95 0.36833333281249997 0.961875 0.35750000000000004 0.97625 0.3525 0.983125 0.3458333328125 0.985 0.3275 0.9887499999999999 0.31916666718750003 0.9875 0.31416666718749997 0.945625 0.29500000000000004 0.9243750000000001 0.2808333328125 0.909375 0.2808333328125 0.900625 0.2841666671875 0.8550000000000001 0.2841666671875 0.840625 0.2875 0.835625 0.2908333328125
0 0.595625 0.515 0.595625 0.5225 0.6068749999999999 0.5366666671875 0.620625 0.5483333328125 0.6287499999999999 0.5508333328125 0.634375 0.5558333328125 0.645 0.5583333328125 0.64625 0.5683333328125 0.6675 0.5716666671875 0.671875 0.5775 0.67625 0.5791666671875 0.696875 0.5808333328125 0.721875 0.5925 0.7375 0.6033333328125 0.7462500000000001 0.6141666671875 0.756875 0.6216666671875 0.775625 0.6208333328125 0.7993750000000001 0.6241666671874999 0.809375 0.6166666671875001 0.8256249999999999 0.5908333328125 0.8393750000000001 0.5558333328125 0.845 0.5325 0.845 0.505 0.835625 0.4925 0.820625 0.48166666718749995 0.775625 0.4591666671875 0.735 0.45083333281250004 0.693125 0.45 0.659375 0.45416666718750004 0.6174999999999999 0.47750000000000004 0.6018749999999999 0.49416666718749996 0.595625 0.515