13 0.365625 0.5941666671875 0.365 0.635 0.370625 0.6558333328125 0.375 0.6983333328125 0.38125 0.7058333328125 0.39249999999999996 0.7075 0.40812499999999996 0.6983333328125 0.4125 0.6883333328125001 0.4125 0.67 0.40875000000000006 0.6558333328125 0.40875000000000006 0.6133333328125 0.39875 0.5566666671875 0.39249999999999996 0.5516666671875 0.37875000000000003 0.5516666671875 0.371875 0.5583333328125 0.369375 0.5658333328125 0.368125 0.585 0.365625 0.5941666671875
10 0.27749999999999997 0.7191666671875 0.29 0.7191666671875 0.305625 0.7141666671875 0.311875 0.7083333328125 0.31437499999999996 0.6983333328125 0.311875 0.6775 0.308125 0.6658333328125 0.303125 0.6599999999999999 0.2875 0.6591666671875 0.270625 0.6658333328125 0.265 0.675 0.265 0.7091666671875 0.27749999999999997 0.7191666671875
7 0.18812500000000001 0.7066666671874999 0.2 0.7183333328125 0.205625 0.7191666671875 0.2125 0.7158333328125 0.21749999999999997 0.7066666671874999 0.22000000000000003 0.6958333328124999 0.220625 0.67 0.213125 0.6599999999999999 0.2 0.6566666671875 0.18125 0.6691666671875 0.179375 0.6858333328125 0.183125 0.6983333328125 0.18812500000000001 0.7066666671874999
5 0.096931875 0.6772674999999999 0.034254375 0.7510741671875001 0.040813749999999996 0.7569008328125 0.101305 0.6821233328125 0.096931875 0.6772674999999999
12 0 0.3775 0.079375 0.35 0.0775 0.3341666671875 0.058750000000000004 0.2841666671875 0.05125 0.27 0.045 0.2683333328125 0 0.2808333328125 0 0.3775
12 0.063125 0.47583333281250006 0.06999999999999999 0.47750000000000004 0.07375000000000001 0.48333333281249996 0.08 0.4875 0.08687500000000001 0.4875 0.08249999999999999 0.475 0.083125 0.47000000000000003 0.12062500000000001 0.4516666671875 0.15625 0.42833333281249997 0.15875 0.425 0.15875 0.42083333281249996 0.155 0.41333333281250006 0.15125 0.4125 0.06625 0.4491666671875 0.056874999999999995 0.45416666718750004 0.048125 0.4641666671875 0.063125 0.47583333281250006
12 0.15562499999999999 0.2808333328125 0.15562499999999999 0.2866666671875 0.150625 0.29 0.150625 0.2941666671875 0.16 0.3025 0.16375 0.3225 0.1775 0.3175 0.18625 0.3175 0.193125 0.3133333328125 0.210625 0.3091666671875 0.21812499999999999 0.30333333281249997 0.226875 0.30333333281249997 0.255625 0.29333333281249996 0.253125 0.265 0.246875 0.24 0.238125 0.2116666671875 0.2325 0.20916666718750002 0.19 0.2208333328125 0.141875 0.22916666718749998 0.14250000000000002 0.2375 0.15562499999999999 0.2808333328125
12 0.2425 0.4641666671875 0.244375 0.46749999999999997 0.2475 0.46666666718750005 0.24874999999999997 0.46333333281250005 0.259375 0.4608333328125 0.26375000000000004 0.45583333281250005 0.255 0.4125 0.25 0.40750000000000003 0.24937499999999999 0.3975 0.26 0.39416666718750004 0.26125 0.3916666671875 0.25875 0.3758333328125 0.254375 0.3725 0.24375 0.3783333328125 0.24625 0.40833333281249995 0.2425 0.4125 0.2425 0.4641666671875
11 0.30874999999999997 0.2158333328125 0.311875 0.2783333328125 0.318125 0.2925 0.328125 0.2883333328125 0.35 0.2891666671875 0.354375 0.2858333328125 0.35562499999999997 0.2808333328125 0.365 0.2783333328125 0.3725 0.2791666671875 0.37875000000000003 0.2833333328125 0.39375 0.2741666671875 0.4 0.2658333328125 0.4025 0.25166666718749997 0.399375 0.2383333328125 0.40062499999999995 0.1875 0.398125 0.16583333281249998 0.393125 0.16 0.38 0.16 0.315 0.17250000000000001 0.305 0.1775 0.30375 0.1891666671875 0.30874999999999997 0.2158333328125
11 0.45375 0.22916666718749998 0.468125 0.22999999999999998 0.48 0.2258333328125 0.506875 0.2241666671875 0.525625 0.22000000000000003 0.5325 0.2141666671875 0.5375 0.1825 0.536875 0.15 0.534375 0.1408333328125 0.53 0.1375 0.49375 0.1375 0.45625 0.14250000000000002 0.44749999999999995 0.1508333328125 0.44875 0.21833333281249998 0.45375 0.22916666718749998
11 0.57375 0.1433333328125 0.573125 0.1675 0.5775 0.1833333328125 0.58875 0.1966666671875 0.599375 0.1991666671875 0.6212500000000001 0.1925 0.645625 0.17916666718750002 0.64625 0.1775 0.63375 0.1641666671875 0.63125 0.1583333328125 0.6287499999999999 0.1291666671875 0.624375 0.1108333328125 0.61625 0.10166666718749999 0.609375 0.0883333328125 0.595625 0.0841666671875 0.590625 0.0866666671875 0.5825 0.1 0.5818749999999999 0.1241666671875 0.57375 0.1433333328125
11 0.6481250000000001 0.1341666671875 0.65 0.1558333328125 0.655 0.16833333281250001 0.6587500000000001 0.17250000000000001 0.66875 0.175 0.6825 0.1708333328125 0.68875 0.1641666671875 0.694375 0.1325 0.694375 0.11333333281249999 0.691875 0.10166666718749999 0.6849999999999999 0.0975 0.670625 0.0958333328125 0.6625 0.1 0.654375 0.1116666671875 0.65 0.12250000000000001 0.6481250000000001 0.1341666671875
1 0.504375 0.6433333328125 0.4925 0.645 0.49124999999999996 0.6558333328125 0.480625 0.6583333328125 0.48125 0.6608333328125 0.48562500000000003 0.6625 0.491875 0.6591666671875 0.49625 0.6599999999999999 0.505625 0.6666666671875 0.51125 0.675 0.528125 0.6825 0.53625 0.6916666671875 0.54625 0.6950000000000001 0.5549999999999999 0.7033333328125 0.56875 0.7041666671875 0.575 0.6950000000000001 0.578125 0.6941666671875 0.584375 0.6849999999999999 0.589375 0.6816666671875 0.595625 0.6691666671875 0.600625 0.6658333328125 0.60375 0.6599999999999999 0.6012500000000001 0.65 0.595 0.6458333328125 0.5925 0.6333333328124999 0.588125 0.6291666671875 0.57125 0.6266666671875 0.56125 0.6208333328125 0.553125 0.6208333328125 0.526875 0.63 0.5237499999999999 0.6275000000000001 0.5231250000000001 0.6216666671875 0.52 0.62 0.5175 0.6216666671875 0.515 0.63 0.505625 0.6325000000000001 0.504375 0.6433333328125
0 0.6118750000000001 0.5058333328125 0.603125 0.52 0.60375 0.5425 0.6075 0.5541666671875001 0.6174999999999999 0.5591666671875 0.6224999999999999 0.5658333328125 0.634375 0.5691666671875 0.640625 0.5783333328125 0.645625 0.5816666671874999 0.65625 0.585 0.659375 0.595 0.66875 0.5983333328125 0.6825 0.595 0.684375 0.5983333328125 0.6837500000000001 0.6075 0.69875 0.6083333328125 0.7006249999999999 0.6191666671875 0.7075 0.6258333328125001 0.71 0.6258333328125001 0.716875 0.6183333328125 0.724375 0.6191666671875 0.7306250000000001 0.6291666671875 0.7424999999999999 0.635 0.740625 0.6408333328125 0.7418750000000001 0.6525000000000001 0.745625 0.6608333328125 0.755625 0.6716666671875 0.75875 0.6691666671875 0.76 0.6583333328125 0.764375 0.6525000000000001 0.781875 0.6491666671874999 0.8099999999999999 0.6516666671875 0.825 0.6366666671875 0.8400000000000001 0.6083333328125 0.8550000000000001 0.5625 0.8574999999999999 0.5325 0.8487500000000001 0.5183333328125 0.825 0.5016666671875 0.7731250000000001 0.4791666671875 0.733125 0.47416666718749995 0.68125 0.4733333328125 0.67 0.47416666718749995 0.659375 0.4783333328125 0.621875 0.49749999999999994 0.6118750000000001 0.5058333328125
11 0.764375 0.305 0.7537499999999999 0.3391666671875 0.7525000000000001 0.3508333328125 0.753125 0.3566666671875 0.75875 0.3625 0.771875 0.35750000000000004 0.7837500000000001 0.3483333328125 0.8006249999999999 0.32166666718750003 0.8081250000000001 0.30416666718749996 0.8150000000000001 0.2666666671875 0.8168749999999999 0.23333333281250002 0.8162499999999999 0.20166666718749998 0.8125 0.1941666671875 0.8081250000000001 0.1933333328125 0.775625 0.2125 0.76625 0.2241666671875 0.764375 0.2375 0.764375 0.305
9 0.45999999999999996 0.6758333328125 0.465 0.6808333328125 0.488125 0.6916666671875 0.53625 0.72 0.5425 0.7258333328125001 0.553125 0.73 0.5587500000000001 0.7358333328125 0.571875 0.7408333328125 0.59375 0.7575000000000001 0.60375 0.7608333328125 0.61125 0.7675 0.621875 0.7716666671875 0.62625 0.7766666671875 0.63875 0.7808333328125 0.6443749999999999 0.7875 0.654375 0.7916666671875 0.6575 0.8008333328124999 0.6637500000000001 0.8041666671875 0.6675 0.8108333328124999 0.676875 0.8150000000000001 0.68125 0.8208333328125 0.725625 0.8458333328125001 0.735 0.8533333328125 0.78 0.8758333328125 0.795 0.8858333328124999 0.8 0.8933333328125 0.8074999999999999 0.8941666671874999 0.8162499999999999 0.8708333328125001 0.8331250000000001 0.8099999999999999 0.89125 0.5866666671874999 0.9 0.5641666671875 0.898125 0.5549999999999999 0.891875 0.55 0.878125 0.545 0.8643750000000001 0.5408333328125 0.859375 0.5416666671875 0.8550000000000001 0.55 0.85125 0.5733333328125 0.8418749999999999 0.5983333328125 0.81875 0.645 0.8081250000000001 0.6525000000000001 0.784375 0.6483333328125 0.7681250000000001 0.6483333328125 0.765625 0.6508333328125 0.765625 0.6741666671875 0.760625 0.6933333328125 0.755 0.7008333328125 0.743125 0.7075 0.74 0.7133333328125 0.746875 0.7233333328125 0.7631249999999999 0.735 0.783125 0.755 0.790625 0.7591666671875 0.806875 0.7608333328125 0.8074999999999999 0.7633333328125 0.798125 0.7675 0.795625 0.7716666671875 0.795 0.7825 0.798125 0.7891666671875 0.79625 0.795 0.775625 0.805 0.759375 0.8066666671875 0.735 0.8025 0.7068749999999999 0.7925 0.6975 0.7883333328125001 0.6925 0.7825 0.693125 0.7708333328125 0.7112499999999999 0.7208333328125 0.7162499999999999 0.7133333328125 0.7175 0.7016666671875 0.701875 0.6833333328125 0.6950000000000001 0.6675 0.6643749999999999 0.6183333328125 0.626875 0.585 0.6012500000000001 0.5533333328125 0.599375 0.5416666671875 0.60375 0.5341666671875 0.60375 0.525 0.600625 0.5183333328125 0.598125 0.5183333328125 0.49812500000000004 0.6258333328125001 0.46624999999999994 0.6633333328125001 0.45999999999999996 0.6716666671875 0.45999999999999996 0.6758333328125
9 0.80625 0.3116666671875 0.791875 0.3325 0.779375 0.3441666671875 0.776875 0.3525 0.776875 0.355 0.781875 0.35750000000000004 0.8006249999999999 0.36 0.804375 0.3625 0.8087500000000001 0.37333333281250003 0.8125 0.3758333328125 0.838125 0.3783333328125 0.8487500000000001 0.3891666671875 0.85375 0.4016666671875 0.85375 0.4066666671875 0.8487500000000001 0.41166666718749995 0.835625 0.41166666718749995 0.83125 0.4141666671875 0.8243750000000001 0.43583333281250003 0.805 0.465 0.8012499999999999 0.46749999999999997 0.7875 0.46666666718750005 0.771875 0.45999999999999996 0.7 0.44000000000000006 0.6912499999999999 0.43333333281249997 0.6875 0.4216666671875 0.6825 0.42083333281249996 0.66125 0.4458333328125 0.653125 0.4516666671875 0.64375 0.46333333281250005 0.64 0.4716666671875 0.621875 0.49000000000000005 0.619375 0.4966666671875 0.6212500000000001 0.49916666718749997 0.6375 0.4966666671875 0.6525000000000001 0.4841666671875 0.656875 0.4766666671875 0.66875 0.4716666671875 0.76625 0.4791666671875 0.81875 0.5 0.83625 0.51 0.859375 0.5283333328125 0.871875 0.53 0.89375 0.5383333328125001 0.9018750000000001 0.5375 0.906875 0.5283333328125 0.9256249999999999 0.4591666671875 0.9337500000000001 0.42416666718749996 0.934375 0.40416666718750005 0.9425000000000001 0.3933333328125 0.944375 0.385 0.938125 0.38166666718750003 0.890625 0.3741666671875 0.8618750000000001 0.36666666718749996 0.8331250000000001 0.3433333328125 0.829375 0.335 0.8331250000000001 0.315 0.836875 0.3083333328125 0.8412499999999999 0.3066666671875 0.9018750000000001 0.3008333328125 0.923125 0.29333333281249996 0.931875 0.2983333328125 0.93875 0.3066666671875 0.95375 0.3166666671875 0.961875 0.31916666718750003 0.9668749999999999 0.315 0.9675 0.30416666718749996 0.974375 0.275 0.969375 0.27 0.954375 0.26749999999999996 0.92125 0.2641666671875 0.911875 0.2683333328125 0.900625 0.26916666718750004 0.853125 0.2616666671875 0.836875 0.25666666718750003 0.82875 0.2625 0.8237500000000001 0.2716666671875 0.811875 0.2833333328125 0.80625 0.3116666671875
9 0 0.9991666671875 0.17875000000000002 0.9991666671875 0.19437500000000002 0.9875 0.205625 0.975 0.226875 0.945 0.254375 0.9166666671874999 0.28875 0.8724999999999999 0.306875 0.8550000000000001 0.365625 0.7816666671875 0.383125 0.7641666671875 0.43499999999999994 0.6958333328124999 0.4325 0.6849999999999999 0.416875 0.6808333328125 0.414375 0.6841666671875 0.4125 0.6958333328124999 0.40812499999999996 0.7 0.396875 0.7041666671875 0.38125 0.7016666671875 0.37625000000000003 0.6958333328124999 0.370625 0.655 0.368125 0.6458333328125 0.36375 0.6408333328125 0.325 0.6174999999999999 0.303125 0.6091666671875 0.24874999999999997 0.5758333328125 0.210625 0.5591666671875 0.18 0.54 0.14125000000000001 0.5208333328125 0.1125 0.5016666671875 0.052500000000000005 0.47000000000000003 0.042499999999999996 0.46166666718749994 0.028125 0.45583333281250005 0.016875 0.45583333281250005 0 0.4583333328125 0 0.6408333328125 0.003125 0.635 0.011875 0.6325000000000001 0.017499999999999998 0.635 0.018125 0.64 0.018125 0.6441666671874999 0.014374999999999999 0.65 0 0.6525000000000001 0 0.9991666671875
11 0.868125 0.1875 0.8612500000000001 0.2166666671875 0.853125 0.22749999999999998 0.8474999999999999 0.24 0.85 0.2483333328125 0.860625 0.2525 0.8862500000000001 0.2491666671875 0.899375 0.2408333328125 0.9349999999999999 0.225 0.94625 0.2125 0.95 0.2033333328125 0.951875 0.19083333281249998 0.9487500000000001 0.185 0.9400000000000001 0.1775 0.934375 0.1591666671875 0.9337500000000001 0.1491666671875 0.93875 0.1266666671875 0.938125 0.11416666718749999 0.934375 0.11333333281249999 0.9043749999999999 0.1366666671875 0.890625 0.1558333328125 0.883125 0.1741666671875 0.868125 0.1875