12 0.6167270296875 0.11992140312499999 0.620540675 0.150072940625 0.583222828125 0.15761974375 0.5781236515625 0.1491201515625 0.57083505 0.15116625625 0.5659293203125 0.16290316875 0.5646147421875 0.1761325796875 0.5742862140625 0.1837772859375 0.5912462890625 0.1893758875 0.587258975 0.21643031875 0.5728606984375 0.2365477640625 0.56549484375 0.2520475015625 0.559743321875 0.2695232328125 0.556722628125 0.290019015625 0.5570369078125 0.30943568906249996 0.5590282484375 0.3131634578125 0.5853214140625 0.3179281765625 0.5928275671875001 0.3251804921875 0.5747463625 0.3530478078125 0.57329643125 0.36288578125000004 0.5758001312500001 0.3717567625 0.5818804562500001 0.3779089703125 0.60318569375 0.388503615625 0.6408032921875 0.39616221875 0.64994325 0.42896241718750006 0.6542884140624999 0.4339584625 0.682901409375 0.412208303125 0.7019782828125 0.3862048734375 0.7023117171875 0.37532284531250004 0.6906825859375 0.33786293437500003 0.6911995765625 0.30849617500000004 0.688454221875 0.30126485937499997 0.674635040625 0.16660946875 0.692382809375 0.1496241828125 0.7009714671875 0.1301374015625 0.6904542 0.1282315140625 0.6897437578125001 0.13736177031250002 0.6757079625 0.155019721875 0.6469596156249999 0.17337844375 0.6350696734375 0.1678569 0.6278728499999999 0.16066063749999998 0.624875946875 0.1163477484375 0.6174519953125001 0.1150024140625 0.6167270296875 0.11992140312499999
9 0.5121121765625001 0.44186306562500005 0.5336300203125 0.4423955171875 0.673810284375 0.4652731125 0.717710925 0.430300490625 0.732123725 0.4143943109375 0.7345693265625 0.40642022187500004 0.733075821875 0.4036243953125 0.6947187312499999 0.39667351093750003 0.6730318546875 0.4188370609375 0.6527949078125 0.43116263593750004 0.638420421875 0.386471409375 0.5594732437500001 0.3704815375 0.5217493421875 0.3678540328125 0.47052115937499994 0.3577289875 0.43601139843750003 0.35484220624999996 0.435436309375 0.36736389687500004 0.4433244171875 0.39572860625 0.44943378906250003 0.41030334843749994 0.45884908125 0.41537645 0.457413675 0.42942569375 0.5121121765625001 0.44186306562500005
9 0.64354464375 0.54564468125 0.757102625 0.486259028125 0.7615395671875 0.4820127078125 0.6815967203125 0.46415895 0.6696149984375 0.46787977031250005 0.6497550609375 0.48195711875 0.63816486875 0.4916409796875 0.6309053171875 0.5021096171874999 0.62373754375 0.5033358906250001 0.60635225625 0.51786168125 0.6058689453125 0.5211410078125 0.6099579296875 0.523565446875 0.6306009312499999 0.5214141796875 0.635081446875 0.5298016609375 0.6327421484375 0.532744653125 0.63265036875 0.54198701875 0.6347625359375 0.5448949562500001 0.64354464375 0.54564468125
12 0.3039899453125 0.367112190625 0.291795615625 0.3808952109375 0.2847149890625 0.4073890859375 0.26575894375 0.4325726828125 0.26602964687499997 0.4393555578125 0.2715058328125 0.4496069203125 0.2779486390625 0.453299634375 0.29518405 0.43117114062499995 0.3324391671875 0.44128923750000004 0.34144840468750004 0.43618802968750003 0.361892696875 0.3405690546875 0.36541122187499997 0.321005215625 0.35392733593750003 0.3256579765625 0.3476053546875 0.32114543125 0.340060575 0.32061992968749997 0.3288665484375 0.3017568640625 0.3274648203125 0.2897186703125 0.31818487968750003 0.2880370046875 0.32281527187500003 0.30402718906250004 0.314424696875 0.3092405078125 0.3083443734375 0.30308829843749996 0.304419790625 0.31247782968750004 0.3092773140625 0.32261708125 0.3272330578125 0.3300795703125 0.322747909375 0.356202059375 0.31185363593750004 0.35254439843749996 0.3039899453125 0.367112190625
12 0.36919118906250004 0.3772441875 0.3617986015625 0.36706640468749996 0.361844490625 0.36244522031250004 0.35272431718749997 0.407087496875 0.363241584375 0.408993384375 0.3706364890625 0.40191618125 0.371694890625 0.3861151640625 0.36919118906250004 0.3772441875
12 0.7076578109375 0.45541397968749997 0.7049705546875 0.4650277328125 0.7638788671875 0.47906971406250004 0.7674264421875 0.4679284109375 0.778774978125 0.4598842109375 0.783816059375 0.45153873281249995 0.784028665625 0.4414765375 0.7660874453125001 0.4382253171875 0.7672085765625 0.4047594015625 0.7733661546875 0.397457978125 0.7830085796875 0.39668015 0.791399153125 0.39146683125 0.7958215703125 0.38300924062499997 0.7961695296875 0.37633848125 0.794676025 0.3735426546875 0.7881269140625 0.37488103906250003 0.7767057546875 0.3618689 0.77755155 0.35613008125 0.7749415468749999 0.35229020312500003 0.7618142765625 0.34654443437500004 0.7187501671875001 0.44479817656250004 0.7076578109375 0.45541397968749997
12 0.7926853109375 0.47755606093749997 0.789214990625 0.47524373124999997 0.793154096875 0.47006546718750003 0.7783642890625 0.48421987343749995 0.7600605875 0.48342814843750004 0.7564839625 0.486146915625 0.760331290625 0.49021101875 0.7585188765625 0.5025084875 0.7606746171875 0.518050228125 0.769287690625 0.5414959500000001 0.8015208828124999 0.5296608218750001 0.802743684375 0.5256737765625 0.7943867921875001 0.5047996593749999 0.7926853109375 0.47755606093749997
11 0.5792908625 0.5592527375 0.5760720906250001 0.5940219828125 0.6027808921875 0.5938116578125 0.6059950328125 0.59355238125 0.6067199984375 0.58863339375 0.6045061609375 0.5562465859375 0.5792908625 0.5592527375
11 0.627551190625 0.533487428125 0.6192814453125 0.5378809140625 0.613742528125 0.54529445 0.608682290625 0.5839386281250001 0.6148689187499999 0.5850597390625001 0.6246176453125 0.5792508109375001 0.6304028484375 0.5356876453125 0.627551190625 0.533487428125
11 0.42940544531249997 0.5548178703125 0.4332672984375 0.563093240625 0.4352441140625 0.5626097421875 0.44001449062500003 0.5474813921874999 0.438583715625 0.527020665625 0.43745269374999995 0.5217653453125 0.4344802078125 0.5203849593750001 0.42907664375000004 0.5311899296875 0.428124546875 0.5419598484375 0.42940544531249997 0.5548178703125
11 0.559774253125 0.6011692953125001 0.5631237453125 0.6043014546875 0.569175021875 0.6020311265625 0.5727853265625 0.573224925 0.5668403546875 0.5704641500000001 0.5611951359375 0.582908784375 0.559774253125 0.6011692953125001
11 0.545694884375 0.60619344375 0.5479278812499999 0.60828155 0.5522439968749999 0.604855059375 0.557483159375 0.5822361171875 0.552036021875 0.5804072875 0.5476136046875 0.5888648765625 0.545694884375 0.60619344375
4 0.3341749546875 0.5501865765625 0.3377806296875 0.5558903421875 0.3454462375 0.5555960125 0.3727010796875 0.5344414609375 0.38474553125 0.5130557390625 0.3869349546875 0.5025100453125 0.3855332296875 0.49047185156250006 0.3765867203125 0.477908159375 0.36909014687499997 0.45550649062500004 0.3480120390625 0.43906091406250003 0.3403801125 0.4132678109375 0.329621190625 0.41300158593749997 0.31929737343750003 0.43133220312500004 0.3059865453125 0.44407116875 0.30415960625 0.45215736875 0.30603011874999997 0.45670496875 0.326987396875 0.4739703765625 0.33383626093749996 0.4878374 0.34188876874999996 0.5280160781250001 0.33475004375 0.5376648859375 0.3341749546875 0.5501865765625
0 0.438849159375 0.46057233281250004 0.3967510453125 0.44452624687500003 0.3929037171875 0.440462146875 0.3826716765625 0.44955039843750005 0.3774807203125 0.4502931734375 0.3726812953125 0.4569989875 0.3750641671875 0.46668979843749997 0.384146025 0.4826449265625 0.40815304531249996 0.4878370890625 0.4345911421875 0.480843890625 0.4432233734375 0.47399091093749995 0.44616680937500003 0.46694876250000006 0.44357133125 0.46732015000000005 0.438849159375 0.46057233281250004
13 0.4559782671875 0.4434749359375 0.4605842421875 0.416532615625 0.4585929015625 0.41280484531250006 0.4517876125 0.411571625 0.44968996875 0.4128749546875 0.445340171875 0.44238887968749996 0.44551909843750004 0.4584141171875 0.449970565625 0.4583790625 0.4559782671875 0.4434749359375