9 0.385 0.5141666671875 0.3975 0.5208333328125 0.426875 0.5491666671875 0.60625 0.6866666671874999 0.6131249999999999 0.6858333328125 0.623125 0.6791666671875001 0.70625 0.5583333328125 0.705 0.5458333328125 0.701875 0.5408333328125 0.675 0.525 0.665625 0.515 0.661875 0.5083333328124999 0.66125 0.49416666718749996 0.658125 0.49000000000000005 0.645625 0.4883333328125 0.6368750000000001 0.4791666671875 0.55375 0.4441666671875 0.5175 0.425 0.448125 0.3991666671875 0.43375 0.3966666671875 0.415625 0.3991666671875 0.4025 0.4058333328125 0.338125 0.425 0.31124999999999997 0.44000000000000006 0.31 0.4425 0.3125 0.44749999999999995 0.33625 0.4658333328125 0.385 0.5141666671875
12 0.18375 0.6341666671875 0.184375 0.6408333328125 0.20625 0.6516666671875 0.21187499999999998 0.6566666671875 0.21375000000000002 0.665 0.21937500000000001 0.6599999999999999 0.22562500000000002 0.6599999999999999 0.255625 0.6758333328125 0.24312499999999998 0.7025 0.24375 0.7175 0.275 0.7375 0.273125 0.7566666671875 0.275625 0.7666666671875 0.291875 0.76 0.29812500000000003 0.7508333328125001 0.30625 0.7508333328125001 0.31062500000000004 0.755 0.33999999999999997 0.7633333328125 0.343125 0.7675 0.34375 0.7758333328125 0.31 0.8474999999999999 0.305625 0.8641666671875001 0.305625 0.8891666671875 0.32 0.885 0.3175 0.8708333328125001 0.32 0.8508333328125 0.35375 0.78 0.36312500000000003 0.7791666671875 0.369375 0.7741666671874999 0.37687499999999996 0.775 0.40812499999999996 0.8125 0.403125 0.8333333328125001 0.40437500000000004 0.8425 0.415625 0.8458333328125001 0.4225 0.8416666671874999 0.42625 0.8291666671875 0.42374999999999996 0.8166666671874999 0.41125 0.7991666671875 0.380625 0.7675 0.380625 0.745 0.3975 0.725 0.40125 0.7291666671875 0.41500000000000004 0.7224999999999999 0.418125 0.7325 0.42437500000000006 0.7383333328125 0.42874999999999996 0.7383333328125 0.43375 0.7333333328125 0.43624999999999997 0.7175 0.4325 0.7091666671875 0.4225 0.7066666671874999 0.40750000000000003 0.7150000000000001 0.40374999999999994 0.71 0.433125 0.6483333328125 0.44125 0.6166666671875001 0.44125 0.6075 0.43187499999999995 0.6 0.3525 0.5825 0.34375 0.5841666671875 0.335 0.57875 0.330625 0.5533333328125 0.33375 0.5483333328125 0.33375 0.5383333328125001 0.328125 0.5091666671875 0.31625000000000003 0.46666666718750005 0.308125 0.4583333328125 0.29812500000000003 0.44000000000000006 0.290625 0.43916666718749997 0.275625 0.4458333328125 0.210625 0.48333333281249996 0.14937499999999998 0.5233333328125 0.14875 0.5333333328125 0.19125 0.6083333328125 0.191875 0.6158333328125 0.18375 0.6341666671875
0 0.705 0.55 0.719375 0.5583333328125 0.7318749999999999 0.5716666671875 0.733125 0.6066666671875 0.74 0.6108333328125 0.746875 0.6108333328125 0.7525000000000001 0.6008333328125001 0.759375 0.595 0.7618750000000001 0.5825 0.7825 0.5616666671874999 0.8074999999999999 0.5441666671875 0.8243750000000001 0.52 0.8243750000000001 0.5066666671875 0.8150000000000001 0.4925 0.77 0.4641666671875 0.7474999999999999 0.45583333281250005 0.723125 0.4566666671875 0.6925 0.46749999999999997 0.670625 0.48250000000000004 0.660625 0.4966666671875 0.6587500000000001 0.5066666671875 0.66625 0.5216666671875 0.696875 0.54 0.705 0.55
8 0.835 0.5016666671875 0.89625 0.5158333328125 0.896875 0.5058333328125 0.8887499999999999 0.505 0.890625 0.48166666718749995 0.903125 0.4808333328125 0.92125 0.4883333328125 0.9175000000000001 0.47416666718749995 0.8375 0.4491666671875 0.81875 0.3858333328125 0.815625 0.3875 0.811875 0.40083333281250005 0.809375 0.4125 0.81125 0.42750000000000005 0.82875 0.49000000000000005 0.835 0.5016666671875
9 0.4225 0.395 0.44749999999999995 0.3966666671875 0.49312500000000004 0.3791666671875 0.5037499999999999 0.3875 0.50625 0.38166666718750003 0.528125 0.3741666671875 0.5325 0.36 0.54 0.3541666671875 0.5506249999999999 0.3516666671875 0.551875 0.34750000000000003 0.5425 0.34249999999999997 0.535625 0.32999999999999996 0.528125 0.3275 0.381875 0.36583333281249997 0.38125 0.37333333281250003 0.399375 0.3825 0.40437500000000004 0.3975 0.4225 0.395
1 0.87625 0.5533333328125 0.883125 0.5416666671875 0.878125 0.5358333328125 0.844375 0.5233333328125 0.8400000000000001 0.5233333328125 0.83375 0.5325 0.8331250000000001 0.5366666671875 0.8387499999999999 0.5408333328125 0.871875 0.5549999999999999 0.87625 0.5533333328125
10 0.50125 0.43833333281250003 0.4925 0.44000000000000006 0.49312500000000004 0.45499999999999996 0.51 0.4533333328125 0.5075000000000001 0.4408333328125 0.50125 0.43833333281250003
11 0.66125 0.2533333328125 0.61875 0.2541666671875 0.6131249999999999 0.25666666718750003 0.61 0.30416666718749996 0.656875 0.3 0.661875 0.26749999999999996 0.66125 0.2533333328125
11 0.594375 0.2608333328125 0.5549999999999999 0.2641666671875 0.551875 0.2858333328125 0.5506249999999999 0.3258333328125 0.5856250000000001 0.3166666671875 0.589375 0.3066666671875 0.594375 0.2608333328125
11 0.86875 0.3341666671875 0.8768750000000001 0.305 0.8793749999999999 0.27999999999999997 0.8731249999999999 0.28250000000000003 0.8675 0.29 0.851875 0.3441666671875 0.8393750000000001 0.3533333328125 0.8331250000000001 0.365 0.8324999999999999 0.3675 0.859375 0.3675 0.8643750000000001 0.3625 0.86875 0.3341666671875
11 0.70125 0.2791666671875 0.70625 0.24666666718750002 0.6912499999999999 0.24583333281250003 0.6849999999999999 0.25 0.6793750000000001 0.2883333328125 0.69375 0.2891666671875 0.698125 0.2866666671875 0.70125 0.2791666671875
11 0.725 0.24333333281249997 0.715625 0.2708333328125 0.7150000000000001 0.2791666671875 0.728125 0.28250000000000003 0.73875 0.24333333281249997 0.725 0.24333333281249997
13 0.469375 0.3566666671875 0.4725 0.355 0.47437500000000005 0.3416666671875 0.473125 0.3233333328125 0.469375 0.315 0.465 0.3166666671875 0.4625 0.3241666671875 0.46312499999999995 0.34249999999999997 0.465625 0.3566666671875 0.469375 0.3566666671875