9 0.38375 0.47750000000000004 0.40374999999999994 0.4891666671875 0.4375 0.52 0.60375 0.65 0.6212500000000001 0.6608333328125 0.6431250000000001 0.6458333328125 0.6475 0.6341666671875 0.656875 0.6241666671874999 0.68125 0.585 0.7025 0.5425 0.721875 0.5191666671874999 0.7162499999999999 0.5041666671875 0.68125 0.4783333328125 0.676875 0.4691666671875 0.67625 0.4516666671875 0.6725 0.4425 0.645 0.43583333281250003 0.540625 0.39416666718750004 0.5275000000000001 0.3858333328125 0.445625 0.35583333281249996 0.43 0.355 0.4 0.3633333328125 0.333125 0.3883333328125 0.309375 0.4033333328125 0.309375 0.40833333281249995 0.316875 0.4166666671875 0.353125 0.445 0.38375 0.47750000000000004
12 0.191875 0.5891666671875 0.185 0.61 0.19 0.615 0.20625 0.6216666671875 0.21812499999999999 0.6333333328124999 0.22875 0.6325000000000001 0.25875 0.6475 0.25 0.6683333328125001 0.250625 0.6825 0.256875 0.6908333328125 0.26749999999999996 0.6933333328125 0.28125 0.7025 0.27999999999999997 0.7183333328125 0.281875 0.7224999999999999 0.29125 0.7208333328125 0.299375 0.71 0.3075 0.71 0.316875 0.7141666671875 0.319375 0.7183333328125 0.34562499999999996 0.7258333328125001 0.3525 0.7333333328125 0.353125 0.7391666671875 0.34750000000000003 0.7541666671875 0.33125 0.7849999999999999 0.32125 0.8133333328125 0.320625 0.8324999999999999 0.32375 0.8391666671875001 0.32687499999999997 0.8391666671875001 0.328125 0.8158333328125 0.359375 0.7424999999999999 0.3625 0.7383333328125 0.371875 0.7375 0.379375 0.7308333328125001 0.385625 0.7341666671875 0.4125 0.7675 0.415625 0.775 0.41312499999999996 0.7866666671875 0.41312499999999996 0.7966666671875 0.415625 0.8008333328124999 0.425 0.8025 0.43125 0.7975 0.43499999999999994 0.7866666671875 0.433125 0.7766666671875 0.41 0.7466666671875 0.41875 0.7341666671875 0.42312500000000003 0.7358333328125 0.42312500000000003 0.73 0.41 0.705 0.40875000000000006 0.6958333328124999 0.41312499999999996 0.6883333328125001 0.42374999999999996 0.6833333328125 0.43 0.6958333328124999 0.43624999999999997 0.6975 0.44125 0.6900000000000001 0.441875 0.675 0.43624999999999997 0.6691666671875 0.42625 0.6691666671875 0.4125 0.6791666671875001 0.40875000000000006 0.6741666671875 0.43562500000000004 0.6183333328125 0.44437499999999996 0.5741666671875 0.44000000000000006 0.5675 0.415625 0.5599999999999999 0.35562499999999997 0.5475 0.344375 0.5483333328125 0.338125 0.5275000000000001 0.32875 0.47416666718749995 0.318125 0.43916666718749997 0.3175 0.4258333328125 0.304375 0.40750000000000003 0.291875 0.4016666671875 0.28250000000000003 0.40416666718750005 0.190625 0.46166666718749994 0.143125 0.49583333281249997 0.141875 0.5025000000000001 0.14375 0.5066666671875 0.191875 0.5808333328125 0.191875 0.5891666671875
0 0.745625 0.5325 0.745625 0.5675 0.748125 0.5725 0.75625 0.5766666671875 0.76 0.5766666671875 0.774375 0.5591666671875 0.778125 0.5433333328125001 0.7825 0.5416666671875 0.791875 0.5266666671875 0.8256249999999999 0.49916666718749997 0.8400000000000001 0.48250000000000004 0.84375 0.4725 0.8400000000000001 0.4566666671875 0.825 0.44166666718750003 0.778125 0.4141666671875 0.76125 0.4091666671875 0.73125 0.41166666718749995 0.6975 0.4266666671875 0.6793750000000001 0.4441666671875 0.67375 0.4608333328125 0.673125 0.4691666671875 0.6799999999999999 0.48250000000000004 0.733125 0.5183333328125 0.745625 0.5325
9 0.465 0.3541666671875 0.479375 0.3458333328125 0.5081249999999999 0.3391666671875 0.51125 0.32999999999999996 0.5325 0.3233333328125 0.551875 0.3066666671875 0.593125 0.2916666671875 0.586875 0.29 0.55625 0.2958333328125 0.54625 0.2883333328125 0.5543750000000001 0.27749999999999997 0.55 0.2725 0.46624999999999994 0.2975 0.43562500000000004 0.30333333281249997 0.385 0.3225 0.384375 0.325 0.4 0.3391666671875 0.42374999999999996 0.3516666671875 0.465 0.3541666671875
8 0.938125 0.48 0.938125 0.465 0.9337500000000001 0.4608333328125 0.9181250000000001 0.4533333328125 0.896875 0.4525 0.885 0.445 0.88375 0.41916666718749995 0.89125 0.41166666718749995 0.8637499999999999 0.4033333328125 0.86 0.3983333328125 0.843125 0.3308333328125 0.8400000000000001 0.3325 0.83375 0.3533333328125 0.8331250000000001 0.3725 0.85375 0.45583333281250005 0.87375 0.4591666671875 0.938125 0.48
11 0.600625 0.25 0.604375 0.20166666718749998 0.599375 0.2 0.561875 0.2066666671875 0.558125 0.2375 0.556875 0.2741666671875 0.5675 0.2733333328125 0.594375 0.2633333328125 0.600625 0.25
11 0.67625 0.1925 0.62625 0.1941666671875 0.621875 0.2258333328125 0.620625 0.24500000000000002 0.6224999999999999 0.2483333328125 0.6693749999999999 0.24333333281249997 0.67625 0.1925
11 0.89625 0.30416666718749996 0.8975 0.27 0.906875 0.24416666718750002 0.9112500000000001 0.2383333328125 0.913125 0.21833333281249998 0.91625 0.2108333328125 0.9087500000000001 0.2116666671875 0.900625 0.2241666671875 0.8868750000000001 0.2575 0.8825 0.2866666671875 0.875 0.3091666671875 0.8875 0.3091666671875 0.89625 0.30416666718749996
11 0.7175 0.21833333281249998 0.72375 0.1825 0.70625 0.1816666671875 0.6993750000000001 0.1866666671875 0.6993750000000001 0.2058333328125 0.694375 0.22916666718749998 0.7125 0.22749999999999998 0.7175 0.21833333281249998
11 0.749375 0.2116666671875 0.759375 0.1775 0.74375 0.1783333328125 0.734375 0.20833333281250002 0.73375 0.2166666671875 0.743125 0.2233333328125 0.75 0.2233333328125 0.749375 0.2116666671875
11 0.9506249999999999 0.19 0.945 0.1866666671875 0.93875 0.1925 0.9225 0.2325 0.92125 0.2408333328125 0.9243750000000001 0.2483333328125 0.928125 0.25 0.9506249999999999 0.19
10 0.51375 0.4141666671875 0.51125 0.3983333328125 0.49625 0.3983333328125 0.495625 0.41166666718749995 0.49812500000000004 0.4158333328125 0.509375 0.4183333328125 0.51375 0.4141666671875
1 0.899375 0.5133333328125 0.90625 0.5 0.905625 0.495 0.9 0.4916666671875 0.866875 0.4783333328125 0.860625 0.4783333328125 0.85375 0.4891666671875 0.8525 0.4933333328125 0.858125 0.49833333281250003 0.8943749999999999 0.5141666671875 0.899375 0.5133333328125