9 0.505122640625 0.460466834375 0.5342338437499999 0.4736060609375 0.54354880625 0.48506288125 0.5599369515625 0.4969364890625 0.59098855625 0.5149807015625 0.619107884375 0.526955946875 0.6284661953125 0.53583574375 0.6703871578125 0.545086534375 0.6974310203125 0.52479050625 0.7372392171875 0.5273573015624999 0.7276662265625 0.507188403125 0.7407825531250001 0.4489994421875 0.7418621671875 0.43292225625 0.7553655359375 0.387801409375 0.76433784375 0.371525975 0.7753795671875 0.364511565625 0.7813752093749999 0.356831309375 0.8468493890625 0.312782865625 0.8793274109375 0.294133684375 0.8937328421874999 0.2915922140625 0.9013675078125001 0.28268189375 0.9033522968750001 0.27292273906250003 0.896927296875 0.2580247953125 0.7829070046875 0.09741578437500001 0.6434302203125 0.0551466921875 0.5794608625000001 0.1540446140625 0.5664777 0.16824115 0.557852196875 0.1639003734375 0.5506923140625 0.168637640625 0.5361991453125 0.188420278125 0.523300609375 0.22163699375 0.5083760078124999 0.243015659375 0.4944020078125 0.24396110000000001 0.47926169375 0.266137778125 0.4601084484375 0.31040979375 0.4284870625 0.398389609375 0.43051312656249996 0.4102276609375 0.43607630156250005 0.41623054687499994 0.505122640625 0.460466834375
8 0.746913434375 0.373152528125 0.7161951484375 0.4916246078125 0.7657043125 0.530803453125 0.80068006875 0.5560806125 0.805122353125 0.55656348125 0.8296715953125 0.45607976250000004 0.8744845968750001 0.43771520312499995 0.8747436625 0.43434016406250003 0.8668086562499999 0.4250283203125 0.873667159375 0.414156003125 0.8938514812499999 0.41681940624999997 0.8960953375 0.40368521093750004 0.9422015921875 0.39261968125 0.9456530390625 0.37985145 0.9348291062499999 0.361893615625 0.9206837796875 0.34897292812499997 0.9066230781250001 0.355072421875 0.8837242703125 0.3213678078125 0.8934293875 0.30963139375000004 0.8949393953125 0.3040452953125 0.8873924703125 0.29571445 0.876868878125 0.295978778125 0.746913434375 0.373152528125
6 0.937102825 0.50331489375 0.9363700156249999 0.4987758734375 0.8876349359375 0.4857332546875 0.8720652640625 0.48533173281249997 0.826608228125 0.46982898906250004 0.8231144703125001 0.473087128125 0.8135362921875 0.5133538078125001 0.8140967375000001 0.516113815625 0.8809456843750001 0.534645928125 0.937102825 0.50331489375
6 0.6746209890625 0.46175760937500004 0.67673479375 0.456354490625 0.6749667578125 0.45322851562500005 0.593238634375 0.42932381406250003 0.5879334890625 0.4320330046875 0.57844305 0.45505851562500005 0.579391575 0.458799525 0.6530546390625 0.4811234609375 0.6609906828125001 0.4783481890625 0.6746209890625 0.46175760937500004
11 0.67115501875 0.6437454515625001 0.8245191015625 0.69022315625 0.8265462046875 0.689974090625 0.8282719265624999 0.683589978125 0.8305601703125 0.6557916406250001 0.8338423640625001 0.6049830546875 0.83324168125 0.568538725 0.8010681484375001 0.5570616125 0.7824371875 0.5462350828125 0.7751049390625 0.5491933390625 0.7614333546875 0.5441867125 0.7527221875000001 0.532912875 0.7525075109375 0.5216237734375 0.74750478125 0.518380896875 0.7404315984375 0.5179641125 0.7368511375 0.5263763015625 0.72882839375 0.534305625 0.69078926875 0.522777690625 0.687726940625 0.5244398015625 0.67115501875 0.6437454515625001
11 0.9387159109375001 0.8042627171875001 0.9609345953125 0.7220672453125 0.9522719671875001 0.6477808031250001 0.8928491875000001 0.6375429421875001 0.8375931156249999 0.6225241078125 0.8320289031250001 0.6286083375 0.825900096875 0.68028101875 0.8192144734375001 0.6868887890625001 0.7130326296875 0.655573271875 0.7039323453125 0.65540555 0.69529958125 0.735674584375 0.697412346875 0.74235858125 0.9012372328125 0.7954947890625 0.9387159109375001 0.8042627171875001
10 0.674413575 0.3658587 0.676570728125 0.35787855625 0.6744579625 0.35119455781250003 0.6617782546875 0.3473519140625 0.64517231875 0.3604505515625 0.637450953125 0.3745149234375 0.642970778125 0.3830948359375 0.6524591421875 0.384243553125 0.661646128125 0.379257221875 0.674413575 0.3658587
10 0.728318559375 0.444358784375 0.73310765 0.42422544218749997 0.718185125 0.421429878125 0.7079629125 0.42782925625 0.6957125609375 0.44656481093749995 0.7144302234375 0.45223728750000003 0.728318559375 0.444358784375
1 0.656563959375 0.296558590625 0.66092058125 0.2901083953125 0.6573009187500001 0.25274915 0.604638575 0.268734928125 0.610889134375 0.3060280921875 0.6169270906250001 0.30785792343749996 0.656563959375 0.296558590625
1 0.5105259 0.31964532343749996 0.516992175 0.356140471875 0.5451125390625 0.3560286015625 0.5478301375 0.35080846875 0.54356333125 0.3158432671875 0.5105259 0.31964532343749996
1 0.5888861640624999 0.3874255484375 0.5884093078125 0.41577283437499996 0.6284765718750001 0.4149645890625 0.6300309656249999 0.394714346875 0.6263225296875 0.386683384375 0.5888861640624999 0.3874255484375
1 0.546574009375 0.4134551046875 0.5505859 0.4034468859375 0.549854128125 0.38682074843750003 0.5151353624999999 0.38234277968749997 0.5132795875 0.3964579703125 0.5151332875 0.406517009375 0.546574009375 0.4134551046875
13 0.532117965625 0.5031834078124999 0.5470023281249999 0.448120421875 0.5458814390625 0.44260040468749995 0.5392830359375 0.43801056406249994 0.5317784234375 0.4391898078125 0.5280689484375001 0.4432459609375 0.5142198125 0.4968959 0.5161591765625 0.5138880015625 0.52301664375 0.515102803125 0.532117965625 0.5031834078124999
7 0.5658573062500001 0.3614520125 0.5589110625 0.38956549375 0.5624471343749999 0.39581744531249996 0.5727550109374999 0.3963511328125 0.575860690625 0.39211199531249996 0.5762064578125 0.383582903125 0.57150718125 0.362300846875 0.5658573062500001 0.3614520125
4 0.2745872109375 0.5641429484375 0.28657642031249997 0.5729566609375001 0.2898967796875 0.580006625 0.29045514843750003 0.606940865625 0.28247575468749997 0.6122931640625 0.2785072140625 0.61972435625 0.275400496875 0.636050609375 0.27936799843750004 0.6407065296875001 0.288856365625 0.6418552484375 0.29765630781249997 0.623800803125 0.308482315625 0.6175844109375 0.3138741625 0.6097211687499999 0.31935374843750003 0.5846167609374999 0.327678909375 0.5707353703125 0.3084451890625 0.5476387453125 0.29658499374999997 0.5431810671874999 0.29348035 0.5353330890625 0.2847681453125 0.536146365625 0.2834748921875 0.528847334375 0.29598327343749997 0.518823853125 0.3022369421875 0.5198556703125 0.3051702578125 0.5138375234375 0.2978823984375 0.5021316359375 0.2862802296875 0.506386034375 0.2812764625 0.5152302734374999 0.2619962796875 0.5309720203125 0.256173 0.5404312906250001 0.2581134 0.5453362765625 0.2709221234375 0.5535349593750001 0.2745872109375 0.5641429484375
12 0.12437008125 0.5350233109375 0.16344443125000002 0.5451382015624999 0.1786704109375 0.529894584375 0.2045902703125 0.540339884375 0.2211105421875 0.52030818125 0.21089040625000002 0.502533328125 0.21662801874999998 0.48614099531250005 0.22288169062500002 0.4871728109375 0.2328881875 0.48157144843750005 0.2363819484375 0.478313309375 0.23750387499999998 0.4717462125 0.23271686093750002 0.467705321875 0.2236155390625 0.4796247171875 0.21153962656249997 0.47596505312500004 0.20722739375 0.467751109375 0.21468969218749998 0.45706177812500004 0.2103341109375 0.45142485781249997 0.1721184734375 0.4864663734375 0.1615515296875 0.489307725 0.1598258078125 0.495691840625 0.1540458796875 0.5025740843750001 0.1493878796875 0.5028892328125 0.12437008125 0.5350233109375
12 0.11885648281250001 0.453920709375 0.1173031234375 0.462083834375 0.108331334375 0.472315709375 0.0824976578125 0.46275991562499996 0.073352984375 0.4772563359375 0.0709378015625 0.4765244046875 0.0643383640625 0.48402168124999995 0.051873334375 0.4914681359375 0.045531923437499996 0.5076774875 0.1034529515625 0.5278208890625 0.11600468125 0.5152203828124999 0.1290724703125 0.5200440234375 0.13506811406250002 0.512363765625 0.140849078125 0.4933944046875 0.135760684375 0.483218465625 0.1454658015625 0.471482053125 0.1587069921875 0.4659975921875 0.16164030625 0.45997944375 0.15969990625 0.45507445625000004 0.15504190625 0.455389603125 0.15340392187500002 0.4445325515625 0.1465464546875 0.44331775156250003 0.138955140625 0.449651046875 0.1212293515625 0.4451425515625 0.11726184843750001 0.4404866296875 0.118513828125 0.4261884546875 0.11411489374999999 0.4231285609375 0.102512725 0.42738296093750006 0.0995360609375 0.435978134375 0.1018645421875 0.44186411875 0.11885648281250001 0.453920709375
11 0.0566974734375 0.56545469375 0.10901197656249999 0.5821722359375 0.1185880796875 0.5660797859375 0.1228590375 0.5526965265625 0.07520253437499999 0.5356638359375 0.0566974734375 0.56545469375
11 0 0.55396365625 0.0362540875 0.5661663328125 0.047900642187499995 0.5472477921875 0.049885432812500005 0.5374886359375 0.0056359890625 0.522351859375 0 0.5295009921875 0 0.55396365625
11 0.20247231718749997 0.5940914625 0.1915585703125 0.6175490234375001 0.2269667953125 0.6291430390625 0.23667295156249998 0.6053195125 0.2076474125 0.5991133484375 0.20247231718749997 0.5940914625
0 0.3644206296875 0.6233127359374999 0.34509916875 0.6174572765625 0.3419934890625 0.6216964125 0.34048348125 0.6272825140625 0.3428553140625 0.6305914718750001 0.35894207968749997 0.6363300296875 0.3654548171875 0.63398680625 0.368172415625 0.628766671875 0.3644206296875 0.6233127359374999
12 0.42316739062500003 0.570318415625 0.42243561874999996 0.5536922796875 0.4083759546875 0.54770465625 0.36847794375 0.5865532609375 0.361403725 0.598223590625 0.3598503671875 0.606386715625 0.3622221984375 0.6096956734375001 0.37214199375 0.6092483625 0.3746428390625 0.616913359375 0.37403800781249996 0.628817490625 0.4025887640625 0.6391967078125 0.407119825 0.6103512921875 0.40578322031249997 0.605629290625 0.41035659375 0.5862939640625 0.42316739062500003 0.570318415625
12 0.38702635625 0.554185378125 0.3870707453125 0.5395212375 0.3846555625 0.5387893046875 0.3809027375 0.5454224828124999 0.3812897796875 0.5584905953125 0.38323018124999997 0.563395584375 0.388664340625 0.5650424296875001 0.391942384375 0.5625823078125001 0.38702635625 0.554185378125
0 0.25185661718749996 0.58056580625 0.22917145 0.5702374109375 0.217699334375 0.56676073125 0.2132137 0.568854890625 0.2123074875 0.574623971875 0.21743923125000003 0.5822228875000001 0.24762901093749998 0.5913720421875001 0.2523737109375 0.5859028421875 0.25185661718749996 0.58056580625
2 0.438427384375 0.6612818109374999 0.4359255 0.66570393125 0.42004926249999996 0.7196029359375 0.4500233265625 0.7295501046874999 0.470128209375 0.6527577499999999 0.44882299843749995 0.6445743312500001 0.440842565625 0.66201374375 0.438427384375 0.6612818109374999
2 0.53322433125 0.677923040625 0.5168722734375 0.748082215625 0.5450349515624999 0.757480434375 0.5603951328125001 0.6861572796875001 0.53322433125 0.677923040625