9 0.34500000000000003 0.7375 0.354375 0.7308333328125001 0.41312499999999996 0.7224999999999999 0.479375 0.7175 0.639375 0.7266666671875 0.663125 0.72 0.67 0.7258333328125001 0.688125 0.7275 0.8262499999999999 0.7191666671875 0.8412499999999999 0.71 0.853125 0.71 0.8706250000000001 0.7158333328125 0.8894118750000001 0.7125 0.9956250000000001 0.71 0.999375 0.7091666671875 0.999375 0.6025 0.905625 0.6025 0.8012499999999999 0.61 0.79 0.615 0.805 0.6333333328124999 0.79609375 0.6458333328125 0.734375 0.645 0.7068749999999999 0.64 0.696875 0.65 0.6425 0.6533333328125 0.6368750000000001 0.6583333328125 0.641875 0.6716666671875 0.6375 0.6808333328125 0.61875 0.6766666671875 0.5925 0.6816666671875 0.58375 0.6758333328125 0.57125 0.6608333328125 0.5575 0.6591666671875 0.555625 0.6625 0.5587500000000001 0.6666666671875 0.558125 0.6725 0.545 0.6858333328125 0.525 0.6900000000000001 0.485 0.6900000000000001 0.43531250000000005 0.6741666671875 0.43125 0.6625 0.46312499999999995 0.6283333328125 0.458125 0.625 0.40875000000000006 0.625 0.39875 0.6283333328125 0.39187500000000003 0.6375 0.36312500000000003 0.6358333328125 0.354375 0.6383333328125 0.31 0.7066666671874999 0.30062500000000003 0.7266666671875 0.305625 0.7341666671875 0.31375000000000003 0.7383333328125 0.34500000000000003 0.7375
9 0.00125 0.7033333328125 0.00125 0.7366666671875 0.2725 0.7283333328125 0.281875 0.7241666671875 0.323125 0.6658333328125 0.319375 0.6608333328125 0.3125 0.6591666671875 0.244375 0.6533333328125 0.22875 0.6533333328125 0.209375 0.6599999999999999 0.18375 0.6599999999999999 0.17625 0.655 0.1925 0.6391666671875 0.19125 0.635 0.14750000000000002 0.635 0.128125 0.6383333328125 0.11875 0.6475 0.05625 0.6849999999999999 0.016875 0.7033333328125 0.00125 0.7033333328125
6 0.79375 0.6483333328125 0.821875 0.6483333328125 0.825 0.6458333328125 0.809375 0.625 0.803125 0.6208333328125 0.75875 0.6174999999999999 0.709375 0.6183333328125 0.70625 0.6191666671875 0.7068749999999999 0.625 0.72 0.6458333328125 0.79375 0.6483333328125
6 0.321875 0.6516666671875 0.328125 0.6433333328125 0.32999999999999996 0.6358333328125 0.30125 0.6283333328125 0.285625 0.6308333328125 0.241875 0.6291666671875 0.22937500000000002 0.64 0.228125 0.6483333328125 0.230625 0.6508333328125 0.31062500000000004 0.6599999999999999 0.321875 0.6516666671875
6 0.589375 0.6791666671875001 0.615625 0.6775 0.624375 0.6716666671875 0.62 0.6591666671875 0.593125 0.6216666671875 0.585 0.615 0.576875 0.6174999999999999 0.5775 0.625 0.569375 0.6291666671875 0.56875 0.6325000000000001 0.589375 0.6791666671875001
11 0.718125 0.61 0.8081250000000001 0.6058333328125001 0.8162499999999999 0.6025 0.825 0.52 0.825 0.5133333328125 0.8225 0.51 0.70125 0.5116666671875 0.6956249999999999 0.5166666671875 0.6956249999999999 0.5641666671875 0.691875 0.6 0.69625 0.6075 0.718125 0.61
11 0.5225 0.615 0.553125 0.6241666671874999 0.563125 0.6241666671874999 0.5725 0.6158333328125 0.576875 0.5900000000000001 0.578125 0.5341666671875 0.57625 0.5258333328125 0.47000000000000003 0.5166666671875 0.460625 0.5166666671875 0.456875 0.52 0.45437500000000003 0.5525 0.456875 0.605 0.485 0.6125 0.5225 0.615
11 0.25875 0.62 0.265 0.6183333328125 0.26625 0.615 0.25875 0.5733333328125 0.25625 0.5433333328125001 0.2475 0.5325 0.13625 0.5316666671875 0.13 0.5333333328125 0.1275 0.5383333328125001 0.1275 0.5591666671875 0.135 0.615 0.140625 0.6208333328125 0.25875 0.62
11 0.22875 0.5141666671875 0.22937500000000002 0.5025000000000001 0.22374999999999998 0.47416666718749995 0.168125 0.475 0.16499999999999998 0.5116666671875 0.16875 0.5191666671874999 0.22125 0.5191666671874999 0.22875 0.5141666671875
11 0.40062499999999995 0.46749999999999997 0.39437500000000003 0.4641666671875 0.375625 0.46333333281250005 0.353125 0.4658333328125 0.346875 0.47083333281249995 0.346875 0.5133333328125 0.39375 0.5141666671875 0.4 0.5066666671875 0.40062499999999995 0.46749999999999997
11 0.625 0.49833333281250003 0.634375 0.4916666671875 0.6368750000000001 0.46749999999999997 0.6325000000000001 0.46166666718749994 0.5862499999999999 0.4575 0.579375 0.4641666671875 0.5743750000000001 0.485 0.58 0.49749999999999994 0.585 0.5016666671875 0.625 0.49833333281250003
12 0.8306250000000001 0.7849999999999999 0.8400000000000001 0.805 0.84375 0.82 0.851875 0.8333333328125001 0.8868750000000001 0.8641666671875001 0.911875 0.8983333328124999 0.8956250000000001 0.9391666671875001 0.85125 0.9025000000000001 0.8375 0.8958333328125001 0.8225 0.8983333328124999 0.8243750000000001 0.905 0.83625 0.9075 0.866875 0.93 0.8875 0.9475 0.9 0.9625 0.899375 0.975 0.8956250000000001 0.9791666671874999 0.8637499999999999 0.9866666671875001 0.8425 0.9991666671875 0.976875 0.9991666671875 0.965625 0.9958333328125001 0.9493750000000001 0.9783333328125 0.95 0.95 0.94625 0.9191666671875 0.9481249999999999 0.9091666671875 0.954375 0.9091666671875 0.976875 0.9191666671875 0.999375 0.9225 0.999375 0.7266666671875 0.9881249999999999 0.7325 0.9643750000000001 0.7591666671875 0.9506249999999999 0.7591666671875 0.8943749999999999 0.7458333328125 0.851875 0.7083333328125 0.838125 0.7083333328125 0.8300000000000001 0.7208333328125 0.8275 0.75 0.8168749999999999 0.7566666671875 0.8175000000000001 0.7641666671875 0.8306250000000001 0.7849999999999999
12 0.37312500000000004 0.805 0.3775 0.8266666671875 0.3875 0.8358333328124999 0.39 0.8591666671875 0.42000000000000004 0.8741666671875 0.44125 0.8791666671874999 0.45125000000000004 0.8883333328124999 0.44375 0.9008333328125 0.418125 0.9166666671874999 0.3975 0.9358333328124999 0.38875000000000004 0.9516666671875 0.385 0.9708333328125001 0.38625 0.9824999999999999 0.38937499999999997 0.985 0.399375 0.9833333328125 0.40812499999999996 0.9724999999999999 0.42312500000000003 0.97 0.43 0.9766666671875001 0.43 0.9991666671875 0.47562499999999996 0.9991666671875 0.47437500000000005 0.9216666671875 0.48250000000000004 0.9108333328124999 0.48624999999999996 0.8983333328124999 0.49812500000000004 0.9016666671875001 0.526875 0.9175000000000001 0.530625 0.9225 0.529375 0.9441666671875 0.53125 0.9525 0.5349999999999999 0.9566666671874999 0.545625 0.9525 0.5475 0.9266666671875001 0.54 0.9125 0.520625 0.9008333328125 0.488125 0.8908333328125 0.48375 0.8858333328124999 0.488125 0.8791666671874999 0.5287499999999999 0.8675 0.53 0.8308333328125 0.536875 0.8183333328125 0.540625 0.79 0.5387500000000001 0.7808333328125 0.530625 0.7725 0.53 0.7533333328125 0.5237499999999999 0.7383333328125 0.5175 0.735 0.35750000000000004 0.7358333328125 0.35625 0.7433333328125 0.36062500000000003 0.7816666671875 0.364375 0.7925 0.37312500000000004 0.805