2 0.2758668734375 0.026489625 0.20590115 0.01744464375 0.15895843437499999 0.019163678125 0.15936049218749998 0.038338934375 0.194855196875 0.267252365625 0.21610951250000002 0.2687355953125 0.21908525625 0.22815139687500002 0.223577528125 0.218475046875 0.29543803125 0.2259872796875 0.2758668734375 0.026489625
9 0.26143342187499996 0.2985380953125 0.2520177234375 0.301210971875 0.24377468906250002 0.3106255765625 0.19654101562499998 0.3372989125 0.19642462968750002 0.3472806328125 0.2007423265625 0.3525768640625 0.228267309375 0.352832715625 0.26194657656250003 0.3618429125 0.28696135312500004 0.36275607656250003 0.3124945703125 0.372862778125 0.3556380296875 0.3750410484375 0.3738927921875 0.3654926234375 0.43774831875000003 0.3083447390625 0.4561582609375 0.285487353125 0.46324802812500004 0.2676674 0.4601805859375 0.262458415625 0.44650538281249996 0.2548442015625 0.37591453124999996 0.2457555953125 0.3427634046875 0.245107125 0.26143342187499996 0.2985380953125
9 0.8776031703125 0.5738012390625 0.8826817765625 0.5674957546875 0.8811943421875 0.5340924765625 0.8775599656249999 0.523849009375 0.8457463828125 0.5158014953125 0.832158465625 0.5007009874999999 0.8317661078125 0.4806939203125 0.8525213796875001 0.47131999375 0.8231792078125 0.46594240937500003 0.8139477828125001 0.4528108921875 0.8110161234375 0.43595656875 0.8054384734375001 0.43140489843749996 0.765440046875 0.4277811296875 0.7635355703125 0.4301456859375 0.7598377125 0.479004359375 0.75541333125 0.4828580390625 0.7479118078125 0.48233454531250003 0.6605007203125 0.46707722343749997 0.6561733249999999 0.462612803125 0.6567552453125 0.41270419843750006 0.6242874390625001 0.40710849062500004 0.6067644875 0.407550628125 0.5944118390625001 0.44748045937500003 0.5929676125000001 0.46402941093749994 0.585771159375 0.4909992765625 0.5841911515625 0.519193571875 0.599790228125 0.5227796125 0.6078489874999999 0.5291693984375 0.60451968125 0.5464192890625 0.5944594578125 0.550712159375 0.606913503125 0.555743696875 0.6106254703125 0.5593326843749999 0.6105672765625 0.5643235437499999 0.6155294984374999 0.5679997796875 0.711047840625 0.585487840625 0.7179727296875 0.5818086578125 0.8036539156250001 0.58445795625 0.8086937265625 0.581479709375 0.8107339843749999 0.5674698109375 0.813888715625 0.565192503125 0.8776031703125 0.5738012390625
9 0.4043829453125 0.4333868390625 0.3957281546875 0.4244579984375 0.41211723593749994 0.413946890625 0.45529948906250006 0.41279792187500003 0.46997806875 0.38801516875000003 0.46939173749999996 0.3846443046875 0.35818703125 0.3710564953125 0.3005827765625 0.428640625 0.2905225515625 0.43293349531249997 0.279095690625 0.4471208375 0.279056896875 0.4504480796875 0.2839706234375 0.458283365625 0.29451049375 0.46651127031249995 0.4911539203125 0.5035436296875 0.50697078125 0.5421093171875 0.545621965625 0.5539639390625 0.55500856875 0.55378649375 0.5569421421875 0.5489265062500001 0.5639208124999999 0.48697699375000003 0.56272875 0.48189888437499995 0.50961235625 0.47652719374999997 0.46468080624999997 0.4667317578125 0.45847802968750007 0.4621364625 0.4468333859375 0.4413441578125 0.4043829453125 0.4333868390625
0 0.4907527390625 0.376977621875 0.47691265781250003 0.3835041765625 0.45780969687499995 0.412140609375 0.43525663281250004 0.41472918124999997 0.41088638125 0.412196021875 0.39514182343750004 0.4210871328125 0.38878386875 0.42980080000000004 0.39185131093750003 0.43500978281249997 0.4062971203125 0.43019047343750005 0.42060715000000004 0.437016503125 0.4455928296875 0.44042509843750005 0.4511510828125 0.44664038906250003 0.455342696875 0.4627501515625 0.45906436250000004 0.465507328125 0.512737990625 0.476745315625 0.5546117984375 0.4804999578125 0.572299628125 0.46591704843750004 0.57748491875 0.4504616515625 0.57720894375 0.42047286250000004 0.5812409671875 0.39661211875 0.5744615578125 0.3878141484375 0.4907527390625 0.376977621875
11 0.9918100578125 0.27624845 0.84009269375 0.26482839375 0.8274210671875 0.2631116203125 0.8156115453125 0.2564600859375 0.8278046015625 0.176559746875 0.82412173125 0.170475328125 0.7115988796875 0.162622940625 0.7038786984375001 0.23451055156249997 0.7030692968750001 0.2502713203125 0.7061658359375 0.25298487187499996 0.743048325 0.25555871093750004 0.7524543265625 0.25371764531249996 0.758783184375 0.2474994078125 0.76680315 0.2572164359375 0.7839941406250001 0.25841610625 0.7884595234375 0.2778749203125 0.7758882171875 0.39021585625 0.7757621343750001 0.40102938593750004 0.77761811875 0.4028238796875 0.9587788515625 0.42628847812500004 0.9663094718749999 0.424316540625 0.984468125 0.315695465625 0.99300211875 0.281326559375 0.9918100578125 0.27624845
11 1 0.18166795156249999 0.9442042984375 0.1738603484375 0.9410301703125 0.1778012765625 0.933707634375 0.215584671875 0.9256823828125 0.259978925 0.9268453484375 0.2675524640625 1 0.2710206546875 1 0.18166795156249999
6 0.697751759375 0.438042278125 0.7634870765625 0.4343047359375 0.762285315625 0.43005843749999995 0.700500021875 0.36331024375 0.6660889453125 0.363406334375 0.6497483546875 0.36975839062500004 0.65580565 0.3868308359375 0.697751759375 0.438042278125
3 0.33209128906249996 0.40919478125 0.320194478125 0.4100295375 0.31818331718750004 0.42154400625 0.3111905359375 0.431045859375 0.3110547546875 0.44269120156249997 0.319385078125 0.42579030625 0.32876198125 0.426444671875 0.3310976109375 0.4407599390625 0.3279719765625 0.44054181718749996 0.32794288125 0.443037246875 0.339136975 0.448813346875 0.3535924828125 0.443162228125 0.363720596875 0.4330466859375 0.36012501406249997 0.4194759796875 0.355817015625 0.41334793750000004 0.345824684375 0.41181813749999996 0.34009185625 0.4205754296875 0.33209128906249996 0.40919478125
1 0.3660615140625 0.393250675 0.3872770359375 0.39806114375 0.40243526249999995 0.38579916718749996 0.40247405625 0.3824719265625 0.39125086875 0.37919125781249996 0.3761993265625 0.38230332499999997 0.36610030937500004 0.389923434375 0.3660615140625 0.393250675
13 0.30603080625 0.28333560625 0.30548326875 0.2766375 0.29609666562500003 0.2768149453125 0.2933633890625 0.2966038890625 0.3008499265625 0.35207047343750003 0.3026962125 0.3546967765625 0.3170741328125 0.3557001359375 0.31789323125 0.33910755937500003 0.31218508906250003 0.29208995 0.30603080625 0.28333560625
9 0.4770678359375 0.370195215625 0.609488065625 0.3885934921875 0.617018684375 0.38662155625 0.618666584375 0.352604590625 0.6168106 0.3508100953125 0.47498437187500003 0.334252884375 0.4739616 0.3683134734375 0.4770678359375 0.370195215625
9 0.6290424531250001 0.26758251718750004 0.6297742656249999 0.2584762296875 0.634881965625 0.24967531406250001 0.4980470546875 0.23429890625 0.4778296203125 0.2512027484375 0.472116190625 0.2582964203125 0.4720289015625 0.265782709375 0.478251075 0.268714384375 0.619481271875 0.2827325421875 0.6232514328125001 0.2813306671875 0.6290424531250001 0.26758251718750004
9 0.733399859375 0.2781950265625 0.7332230765625 0.26652787187500004 0.739786909375 0.266985928125 0.7429513390625 0.2638768109375 0.74300953125 0.25888595 0.7380376125 0.256041525 0.6424028859375001 0.2485351859375 0.636757346875 0.24980618593749998 0.6321486890625 0.2694642578125 0.6314362734375 0.2769069234375 0.6370139234375001 0.2814585953125 0.7464208390625 0.28826105 0.733399859375 0.2781950265625
9 0.6588924921875 0.390376196875 0.6503249875 0.373961065625 0.6535282140625001 0.36752470625 0.666714071875 0.36344995625 0.7023948 0.36177749531250003 0.6317845515625 0.3543525125 0.62923555 0.3583370640625 0.6291579609375 0.364991546875 0.6246850859374999 0.373004275 0.626972221875 0.3914785953125 0.65759374375 0.394448 0.6588924921875 0.390376196875