9 0.33999999999999997 0.9991666671875 0.49375 0.9991666671875 0.51375 0.9291666671875 0.5806250000000001 0.8125 0.585 0.8091666671875 0.58875 0.7383333328125 0.594375 0.7166666671875 0.60625 0.5991666671875 0.598125 0.5925 0.4575 0.5525 0.383125 0.5358333328125 0.36124999999999996 0.5358333328125 0.328125 0.5433333328125001 0.321875 0.5466666671875 0.320625 0.5549999999999999 0.315 0.5616666671874999 0.27749999999999997 0.5666666671875 0.275 0.5708333328124999 0.278125 0.575 0.29312499999999997 0.5758333328125 0.30062500000000003 0.58125 0.303125 0.6391666671875 0.30125 0.7283333328125 0.253125 0.7841666671875 0.19875 0.8408333328125 0.18 0.8466666671875 0.179375 0.8533333328125 0.183125 0.8616666671875001 0.20375000000000001 0.8841666671875 0.33999999999999997 0.9991666671875
8 0.174375 0.6966666671875 0.174375 0.7116666671874999 0.15437499999999998 0.7358333328125 0.130625 0.7508333328125001 0.11750000000000001 0.7658333328125 0.118125 0.7708333328125 0.135 0.7908333328125 0.143125 0.7958333328125 0.161875 0.76 0.183125 0.74 0.20437500000000003 0.7341666671875 0.21437499999999998 0.7408333328125 0.22000000000000003 0.7558333328125 0.21812499999999999 0.7633333328125 0.2125 0.7658333328125 0.20625 0.775 0.1825 0.8333333328125001 0.195625 0.8416666671874999 0.203125 0.8383333328125 0.288125 0.7474999999999999 0.305625 0.725 0.304375 0.6016666671875 0.24874999999999997 0.5766666671875 0.230625 0.5733333328125 0.20812499999999998 0.5641666671875 0.20375000000000001 0.5666666671875 0.20625 0.655 0.20437500000000003 0.6708333328125 0.176875 0.6925 0.174375 0.6966666671875
6 0.20437500000000003 0.655 0.206875 0.6525000000000001 0.20625 0.6091666671875 0.19437500000000002 0.6058333328125001 0.136875 0.6083333328125 0.0925 0.655 0.0925 0.6591666671875 0.145625 0.6575 0.16125 0.6525000000000001 0.20437500000000003 0.655
6 0.440625 0.6216666671875 0.440625 0.5925 0.36375 0.5941666671875 0.35812499999999997 0.6008333328125001 0.35125 0.6174999999999999 0.35 0.6224999999999999 0.353125 0.6266666671875 0.43624999999999997 0.625 0.440625 0.6216666671875
11 0.1775 0.5641666671875 0.20875 0.5675 0.306875 0.5675 0.3175 0.5658333328125 0.323125 0.5591666671875 0.32375 0.545 0.311875 0.4575 0.305625 0.44333333281250004 0.23937499999999998 0.44000000000000006 0.161875 0.4408333328125 0.1525 0.44333333281250004 0.14875 0.4491666671875 0.148125 0.4591666671875 0.1625 0.5183333328125 0.171875 0.5558333328125 0.1775 0.5641666671875
11 0 0.3966666671875 0.00625 0.40083333281250005 0.015625 0.44000000000000006 0.013750000000000002 0.44166666718750003 0.014374999999999999 0.45083333281250004 0.02 0.4591666671875 0.0325 0.49749999999999994 0.040625 0.5183333328125 0.04375 0.5208333328125 0.09875 0.5175 0.15625 0.5066666671875 0.1575 0.49583333281249997 0.14937499999999998 0.45083333281250004 0.161913125 0.44166666718750003 0.259375 0.44166666718750003 0.27125 0.43916666718749997 0.26 0.3608333328125 0.25625 0.355 0.008749999999999999 0.37 0 0.3708333328125 0 0.3966666671875
10 0.39249999999999996 0.7266666671875 0.40499999999999997 0.7116666671874999 0.41 0.6908333328125 0.403125 0.6849999999999999 0.39187500000000003 0.6875 0.37875000000000003 0.7075 0.37687499999999996 0.7125 0.378125 0.7216666671875 0.383125 0.7266666671875 0.39249999999999996 0.7266666671875
10 0.335 0.6391666671875 0.33125 0.6366666671875 0.31625000000000003 0.6391666671875 0.305 0.6508333328125 0.305 0.6716666671875 0.31875 0.6708333328125 0.32875 0.6608333328125 0.335 0.6391666671875
1 0.47062499999999996 0.7858333328125 0.45437500000000003 0.7516666671875 0.44625000000000004 0.7525000000000001 0.41125 0.7758333328125 0.410625 0.7825 0.42312500000000003 0.8158333328125 0.428125 0.8158333328125 0.47062499999999996 0.7858333328125
1 0.545625 0.7016666671875 0.531875 0.6741666671875 0.5037499999999999 0.6833333328125 0.503125 0.6900000000000001 0.516875 0.7216666671875 0.546875 0.7091666671875 0.545625 0.7016666671875
1 0.4525 0.6566666671875 0.44437499999999996 0.6366666671875 0.40812499999999996 0.65 0.40812499999999996 0.6575 0.415625 0.6758333328125 0.453125 0.6641666671875 0.4525 0.6566666671875
1 0.525625 0.6475 0.524375 0.6366666671875 0.5193749999999999 0.625 0.48875 0.6266666671875 0.48624999999999996 0.6291666671875 0.48562500000000003 0.6366666671875 0.49124999999999996 0.6533333328125 0.5193749999999999 0.6508333328125 0.525625 0.6475
13 0.4925 0.5991666671875 0.49625 0.5925 0.499375 0.5575 0.490625 0.5216666671875 0.48250000000000004 0.5208333328125 0.47562499999999996 0.5391666671875 0.47437500000000005 0.5616666671874999 0.476875 0.5933333328125 0.48125 0.5991666671875 0.4925 0.5991666671875
7 0.48312499999999997 0.6691666671875 0.480625 0.6525000000000001 0.47562499999999996 0.6491666671874999 0.46687500000000004 0.6516666671875 0.465625 0.6608333328125 0.47562499999999996 0.6825 0.48187499999999994 0.6833333328125 0.48312499999999997 0.6691666671875
4 0.6575 0.41916666718749995 0.655625 0.4233333328125 0.6587500000000001 0.42750000000000005 0.6799999999999999 0.4341666671875 0.6875 0.44166666718750003 0.686875 0.4491666671875 0.693125 0.4566666671875 0.69875 0.4608333328125 0.7068749999999999 0.45999999999999996 0.72875 0.4291666671875 0.7325 0.4175 0.729375 0.41333333281250006 0.711875 0.40833333281249995 0.70625 0.4 0.693125 0.3966666671875 0.68625 0.3883333328125 0.6793750000000001 0.36 0.6837500000000001 0.35750000000000004 0.686875 0.3508333328125 0.6875 0.3325 0.6793750000000001 0.3266666671875 0.670625 0.3291666671875 0.6487499999999999 0.38 0.65125 0.4108333328125 0.655625 0.4125 0.6575 0.41916666718749995
12 0.7925 0.4583333328125 0.775 0.4591666671875 0.766875 0.4691666671875 0.76625 0.4766666671875 0.775625 0.475 0.78 0.4658333328125 0.79 0.4658333328125 0.79875 0.47416666718749995 0.7931250000000001 0.4858333328125 0.8012499999999999 0.4891666671875 0.806875 0.48333333281249996 0.8074999999999999 0.4766666671875 0.8162499999999999 0.45999999999999996 0.825 0.4716666671875 0.82125 0.49416666718749996 0.8275 0.49583333281249997 0.840625 0.4525 0.8412499999999999 0.44000000000000006 0.838125 0.43166666718749996 0.8425 0.4216666671875 0.846875 0.41916666718749995 0.851875 0.3991666671875 0.86 0.38333333281250004 0.821875 0.38333333281250004 0.8087500000000001 0.4025 0.803125 0.40499999999999997 0.7875 0.4 0.7787499999999999 0.40083333281250005 0.775 0.4066666671875 0.7737499999999999 0.4216666671875 0.77 0.425 0.7837500000000001 0.43833333281250003 0.7893749999999999 0.44000000000000006 0.795625 0.45 0.7925 0.4583333328125
12 0.579375 0.41166666718749995 0.584375 0.41916666718749995 0.583125 0.42833333281249997 0.58 0.4325 0.569375 0.4341666671875 0.5625 0.44000000000000006 0.564375 0.45 0.58 0.4533333328125 0.58375 0.44166666718750003 0.595625 0.43833333281250003 0.599375 0.45 0.603125 0.45416666718750004 0.60625 0.4525 0.6075 0.44749999999999995 0.604375 0.43666666718749997 0.598125 0.4325 0.591875 0.42000000000000004 0.594375 0.4158333328125 0.60375 0.41333333281250006 0.6125 0.4025 0.60375 0.3991666671875 0.5925 0.3675 0.563125 0.3675 0.564375 0.3916666671875 0.568125 0.3966666671875 0.5675 0.40750000000000003 0.579375 0.41166666718749995
12 0.86875 0.45499999999999996 0.849375 0.4566666671875 0.8456250000000001 0.45999999999999996 0.845 0.465 0.8481249999999999 0.4691666671875 0.853125 0.46666666718750005 0.8574999999999999 0.4725 0.8568749999999999 0.4791666671875 0.8625 0.4791666671875 0.8637499999999999 0.47000000000000003 0.8675 0.4658333328125 0.8881249999999999 0.46749999999999997 0.896875 0.475 0.896875 0.4858333328125 0.903125 0.4875 0.911875 0.4783333328125 0.9125 0.4716666671875 0.906875 0.465 0.89 0.45999999999999996 0.8875 0.45499999999999996 0.8881249999999999 0.4441666671875 0.8931250000000001 0.4375 0.9225 0.43916666718749997 0.923125 0.42416666718749996 0.931875 0.4216666671875 0.946875 0.38333333281250004 0.8856249999999999 0.38 0.8787499999999999 0.3916666671875 0.8706250000000001 0.4158333328125 0.8568749999999999 0.4166666671875 0.8568749999999999 0.4266666671875 0.859375 0.43166666718749996 0.871875 0.4341666671875 0.86875 0.45499999999999996
11 0.909375 0.365 0.9125 0.3608333328125 0.9199999999999999 0.3308333328125 0.889090625 0.32999999999999996 0.8825 0.3266666671875 0.88125 0.32166666718750003 0.83625 0.32083333281250004 0.8300000000000001 0.3441666671875 0.8300000000000001 0.3516666671875 0.8456250000000001 0.3525 0.8568749999999999 0.365 0.909375 0.365
11 0.9731249999999999 0.36 0.98375 0.35583333281249996 0.9956250000000001 0.3241666671875 0.9400000000000001 0.3233333328125 0.93125 0.3508333328125 0.930625 0.3616666671875 0.9324999999999999 0.3633333328125 0.9675 0.36583333281249997 0.9731249999999999 0.36
11 0.735 0.3225 0.7325 0.3466666671875 0.7681250000000001 0.3491666671875 0.7731250000000001 0.32166666718750003 0.735 0.3225
0 0.62625 0.36 0.62375 0.35583333281249996 0.61625 0.3541666671875 0.603125 0.355 0.599375 0.3591666671875 0.59875 0.36666666718749996 0.6018749999999999 0.3691666671875 0.621875 0.3691666671875 0.62625 0.36
2 0.516875 0.35583333281249996 0.5231250000000001 0.3525 0.525 0.2925 0.49312500000000004 0.2925 0.49375 0.3725 0.514375 0.3741666671875 0.51625 0.3725 0.516875 0.35583333281249996
2 0.425625 0.29500000000000004 0.39437500000000003 0.29500000000000004 0.399375 0.3675 0.426875 0.3675 0.429375 0.3275 0.425625 0.29500000000000004