9 0.55 0.5549999999999999 0.5393749999999999 0.5700000000000001 0.533125 0.6033333328125 0.5193749999999999 0.6275000000000001 0.5193749999999999 0.6316666671875 0.5225 0.6375 0.6368750000000001 0.7158333328125 0.6125 0.9133333328125 0.615625 0.9375 0.62 0.9466666671875 0.624375 0.9475 0.6275000000000001 0.9425000000000001 0.66125 0.7258333328125001 0.6675 0.7158333328125 0.6775 0.7116666671874999 0.7 0.6816666671875 0.711875 0.6841666671875 0.72 0.6799999999999999 0.7625 0.48166666718749995 0.756875 0.47583333281250006 0.6925 0.45416666718750004 0.659375 0.44749999999999995 0.565625 0.4175 0.55625 0.41916666718749995 0.553125 0.42750000000000005 0.5443749999999999 0.4341666671875 0.541875 0.4408333328125 0.540625 0.5233333328125 0.5506249999999999 0.5316666671875 0.55125 0.5491666671875 0.55 0.5549999999999999
4 0.2475 0.635 0.2975 0.6775 0.32125 0.7091666671875 0.323125 0.7358333328125 0.328125 0.7583333328124999 0.351875 0.8 0.381875 0.835 0.403125 0.8408333328125 0.41624999999999995 0.8366666671875 0.4225 0.8266666671875 0.45625 0.8 0.473125 0.7808333328125 0.553125 0.7725 0.569375 0.76 0.5700000000000001 0.7483333328125 0.5650000000000001 0.745 0.5599999999999999 0.735 0.5599999999999999 0.7191666671875 0.5706249999999999 0.6933333328125 0.569375 0.6758333328125 0.55125 0.6583333328125 0.5393749999999999 0.6516666671875 0.5237499999999999 0.635 0.535625 0.6033333328125 0.5431250000000001 0.5708333328124999 0.54625 0.5466666671875 0.5443749999999999 0.5358333328125 0.540625 0.5316666671875 0.51875 0.5291666671875 0.509375 0.525 0.5025000000000001 0.5275000000000001 0.495 0.5358333328125 0.378125 0.47750000000000004 0.35625 0.42000000000000004 0.346875 0.40499999999999997 0.3325 0.39 0.3175 0.3808333328125 0.29812500000000003 0.375 0.27875 0.3775 0.260625 0.3908333328125 0.25187499999999996 0.4025 0.24874999999999997 0.41500000000000004 0.24937499999999999 0.4408333328125 0.26187499999999997 0.4891666671875 0.221875 0.5458333328125 0.2125 0.5466666671875 0.205 0.5541666671875001 0.20437500000000003 0.5591666671875 0.210625 0.5825 0.22374999999999998 0.6083333328125 0.2475 0.635
4 0 0.38 0.013125000000000001 0.3975 0.03875 0.4225 0.061250000000000006 0.45999999999999996 0.075625 0.4608333328125 0.09375 0.4483333328125 0.11687499999999999 0.44333333281250004 0.12875 0.43583333281250003 0.138125 0.42416666718749996 0.136875 0.395 0.14125000000000001 0.39 0.17250000000000001 0.3758333328125 0.17250000000000001 0.3708333328125 0.164375 0.3641666671875 0.153125 0.36583333281249997 0.139375 0.3758333328125 0.12625 0.3716666671875 0.1125 0.35583333281249996 0.095 0.3225 0.080625 0.3083333328125 0.064375 0.2725 0.05375 0.2658333328125 0.031875 0.2641666671875 0 0.2666666671875 0 0.3016666671875 0.005 0.315 0.005625 0.3275 0.005 0.335 0 0.34500000000000003 0 0.38
4 0.85 0.3583333328125 0.8631249999999999 0.3633333328125 0.884375 0.3616666671875 0.9025000000000001 0.3516666671875 0.91625 0.32 0.9268750000000001 0.2816666671875 0.9199999999999999 0.2508333328125 0.9106249999999999 0.2366666671875 0.9018750000000001 0.2316666671875 0.909375 0.2141666671875 0.9075 0.2008333328125 0.890625 0.20249999999999999 0.8787499999999999 0.22749999999999998 0.86875 0.2316666671875 0.8556250000000001 0.24500000000000002 0.8425 0.27749999999999997 0.834375 0.3175 0.83375 0.325 0.840625 0.3308333328125 0.8412499999999999 0.3441666671875 0.85 0.3583333328125
8 0.406875 0.5275000000000001 0.48 0.5708333328124999 0.49437499999999995 0.5758333328125 0.51375 0.5549999999999999 0.5175 0.5366666671875 0.524375 0.5258333328125 0.5287499999999999 0.5225 0.541875 0.5258333328125 0.541875 0.4375 0.45562500000000006 0.40833333281249995 0.45 0.41 0.4525 0.4875 0.415625 0.52 0.40812499999999996 0.5233333328125 0.406875 0.5275000000000001
6 0.38125 0.4841666671875 0.39125 0.4841666671875 0.402083125 0.4766666671875 0.45437500000000003 0.48 0.45375 0.4533333328125 0.45 0.42833333281249997 0.43562500000000004 0.42750000000000005 0.421875 0.44333333281250004 0.369375 0.44166666718750003 0.36625 0.4458333328125 0.364375 0.4525 0.36875 0.4641666671875 0.380625 0.4791666671875 0.38125 0.4841666671875
6 0.60625 0.4791666671875 0.6068749999999999 0.46166666718749994 0.60375 0.4583333328125 0.5431250000000001 0.4525 0.5425 0.475 0.596875 0.48166666718749995 0.605 0.48166666718749995 0.60625 0.4791666671875
11 0.395625 0.40833333281249995 0.40437500000000004 0.4125 0.471875 0.41500000000000004 0.49000000000000005 0.42000000000000004 0.500625 0.4183333328125 0.50625 0.41166666718749995 0.5081249999999999 0.4058333328125 0.5075000000000001 0.3283333328125 0.5037499999999999 0.3175 0.49312500000000004 0.3133333328125 0.426875 0.3083333328125 0.39125 0.3091666671875 0.384375 0.31416666718749997 0.385 0.3433333328125 0.390625 0.395 0.39249999999999996 0.40499999999999997 0.395625 0.40833333281249995
11 0.291875 0.3391666671875 0.29562499999999997 0.3466666671875 0.29874999999999996 0.3675 0.306875 0.375 0.344375 0.39416666718750004 0.370625 0.3933333328125 0.380625 0.39 0.390625 0.3808333328125 0.39187500000000003 0.3641666671875 0.3875 0.335 0.3875 0.31416666718749997 0.39 0.31083333281250003 0.44625000000000004 0.31416666718749997 0.45562500000000006 0.30583333281249997 0.45499999999999996 0.27749999999999997 0.44875 0.24333333281249997 0.44437499999999996 0.2383333328125 0.29 0.2483333328125 0.27937500000000004 0.2541666671875 0.27125 0.2641666671875 0.27125 0.2925 0.27749999999999997 0.3125 0.27875 0.3283333328125 0.291875 0.3391666671875
10 0.6381249999999999 0.5216666671875 0.63625 0.5158333328125 0.629375 0.5133333328125 0.6174999999999999 0.5133333328125 0.61125 0.5166666671875 0.61 0.5225 0.618125 0.53 0.63125 0.5283333328125 0.6381249999999999 0.5216666671875
12 0.7318749999999999 0.3333333328125 0.7262500000000001 0.3408333328125 0.7224999999999999 0.3616666671875 0.728125 0.3616666671875 0.73 0.34750000000000003 0.74375 0.34500000000000003 0.74875 0.35 0.751875 0.3708333328125 0.7537499999999999 0.3716666671875 0.75875 0.3616666671875 0.75625 0.3458333328125 0.753125 0.33999999999999997 0.7428125 0.3383333328125 0.74 0.3333333328125 0.746875 0.3166666671875 0.7575000000000001 0.315 0.7625 0.31 0.7731250000000001 0.2875 0.774375 0.2766666671875 0.7581249999999999 0.2558333328125 0.7462500000000001 0.2533333328125 0.71375 0.255 0.71375 0.3066666671875 0.73125 0.3133333328125 0.735625 0.31916666718750003 0.7318749999999999 0.3333333328125