4 0.29874999999999996 0.22000000000000003 0.30625 0.2216666671875 0.31875 0.29 0.325 0.2908333328125 0.334375 0.2841666671875 0.338125 0.2925 0.34249999999999997 0.2925 0.34249999999999997 0.2741666671875 0.335625 0.2375 0.34500000000000003 0.22999999999999998 0.34500000000000003 0.2233333328125 0.32999999999999996 0.16583333281249998 0.32375 0.1533333328125 0.321875 0.13916666718749998 0.31625000000000003 0.1308333328125 0.306875 0.12833333281249998 0.29 0.1583333328125 0.289375 0.1758333328125 0.29312499999999997 0.1875 0.29500000000000004 0.20833333281250002 0.29874999999999996 0.22000000000000003
4 0.7681250000000001 0.3866666671875 0.7837500000000001 0.395 0.795 0.39249999999999996 0.8025 0.3808333328125 0.803125 0.365 0.8087500000000001 0.3541666671875 0.81875 0.3458333328125 0.835 0.305 0.83625 0.2766666671875 0.8324999999999999 0.2616666671875 0.83125 0.1875 0.8231249999999999 0.17916666718750002 0.806875 0.1816666671875 0.79125 0.205 0.770625 0.22000000000000003 0.756875 0.2341666671875 0.748125 0.2383333328125 0.744375 0.2475 0.746875 0.28638916718749996 0.7418750000000001 0.3258333328125 0.74375 0.33999999999999997 0.7681250000000001 0.3866666671875
9 0.6587500000000001 0.9991666671875 0.66875 0.9191666671875 0.6993750000000001 0.7175 0.7075 0.645 0.7150000000000001 0.6075 0.7162499999999999 0.5816666671874999 0.70875 0.575 0.6756249999999999 0.5625 0.58375 0.5325 0.566875 0.5391666671875 0.5625 0.5525 0.5506249999999999 0.55 0.546875 0.5308333328125 0.534375 0.5166666671875 0.46624999999999994 0.4925 0.453125 0.485 0.38937499999999997 0.4691666671875 0.344375 0.4491666671875 0.335625 0.45083333281250004 0.3325 0.45416666718750004 0.3325 0.46666666718750005 0.3375 0.5008333328125001 0.3375 0.5191666671874999 0.32937500000000003 0.53 0.316875 0.5316666671875 0.31437499999999996 0.545 0.31 0.5533333328125 0.29500000000000004 0.5700000000000001 0.2975 0.5825 0.31875 0.5925 0.3325 0.605 0.33375 0.6224999999999999 0.339375 0.6325000000000001 0.353125 0.63 0.35750000000000004 0.635 0.35562499999999997 0.6575 0.336875 0.6766666671875 0.33375 0.6841666671875 0.33625 0.7183333328125 0.334375 0.7591666671875 0.3075 0.8 0.22625 0.9099999999999999 0.216875 0.9183333328125001 0.191875 0.9116666671875 0.1875 0.9116666671875 0.184375 0.9175000000000001 0.184375 0.9258333328124999 0.19125 0.9391666671875001 0.24874999999999997 0.9991666671875 0.6587500000000001 0.9991666671875
9 0 0.7474999999999999 0.021875 0.7675 0.026250000000000002 0.7683333328125 0.04625 0.7575000000000001 0.08 0.75 0.10625 0.7383333328125 0.164375 0.6983333328125 0.19375 0.6691666671875 0.195625 0.6583333328125 0.19125 0.6541666671875 0.175 0.6575 0.159375 0.6725 0.14750000000000002 0.6733333328125 0.088125 0.6533333328125 0.07125000000000001 0.6433333328125 0.06687499999999999 0.6316666671875 0.091875 0.5974999999999999 0.10124999999999999 0.575 0.109375 0.5658333328125 0.11000000000000001 0.5575 0.10687500000000001 0.5549999999999999 0.08937500000000001 0.5566666671875 0.081875 0.5633333328125001 0.04875 0.5766666671875 0.02375 0.5941666671875 0.013125000000000001 0.6066666671875 0 0.6091666671875 0 0.7474999999999999
8 0.203125 0.7191666671875 0.20249999999999999 0.7241666671875 0.193125 0.7325 0.1675 0.7441666671875 0.159375 0.7525000000000001 0.175 0.7691666671874999 0.183125 0.7708333328125 0.20375000000000001 0.7541666671875 0.228125 0.7525000000000001 0.23312499999999997 0.7491666671874999 0.241875 0.75 0.24874999999999997 0.7583333328124999 0.25125000000000003 0.7816666671875 0.21375000000000002 0.8266666671875 0.191875 0.8641666671875001 0.1825 0.8891666671875 0.18375 0.8983333328124999 0.20750000000000002 0.9183333328125001 0.215 0.9199999999999999 0.33625 0.755 0.334375 0.6025 0.313125 0.5891666671875 0.24375 0.5583333328125 0.21437499999999998 0.54 0.19437500000000002 0.5333333328125 0.1925 0.5416666671875 0.2 0.6025 0.203125 0.6633333328125001 0.16375 0.7008333328125 0.164375 0.7041666671875 0.170625 0.7066666671874999 0.19125 0.7066666671874999 0.203125 0.7191666671875
8 0.146875 0.8191666671875 0.165625 0.7783333328125 0.164375 0.7758333328125 0.15687500000000001 0.7775000000000001 0.145625 0.7891666671875 0.0975 0.8008333328124999 0.09625 0.8066666671875 0.133125 0.8441666671875 0.138125 0.8458333328125001 0.146875 0.8191666671875
11 0.24625 0.5216666671875 0.26625 0.5283333328125 0.32999999999999996 0.525 0.33999999999999997 0.5175 0.34125 0.5041666671875 0.3325 0.45499999999999996 0.32687499999999997 0.4 0.32125 0.36833333281249997 0.3175 0.3625 0.253125 0.35583333281249996 0.13125 0.3525 0.113125 0.3525 0.109375 0.3583333328125 0.108125 0.3691666671875 0.15375 0.5166666671875 0.16125 0.52 0.24625 0.5216666671875
11 0.06375 0.45583333281250005 0.11499999999999999 0.44666666718750003 0.12562500000000001 0.44166666718750003 0.129375 0.43333333281249997 0.129375 0.4258333328125 0.114375 0.3691666671875 0.115625 0.365 0.121875 0.3608333328125 0.24312499999999998 0.3608333328125 0.265 0.355 0.265 0.3383333328125 0.255 0.2725 0.246875 0.2383333328125 0.24 0.2266666671875 0.22125 0.225 0.000625 0.2425 0 0.4575 0.001875 0.4583333328125 0.03375 0.4591666671875 0.06375 0.45583333281250005
11 0.875 0.21916666718750002 0.9081250000000001 0.22000000000000003 0.9087500000000001 0.215 0.905625 0.2141666671875 0.9043749999999999 0.2066666671875 0.913125 0.175 0.86 0.1716666671875 0.8556250000000001 0.1775 0.85125 0.1991666671875 0.849375 0.2108333328125 0.86625 0.2166666671875 0.865625 0.2225 0.875 0.21916666718750002
6 0.143125 0.6366666671875 0.20125 0.64 0.203125 0.6241666671874999 0.198125 0.5741666671875 0.176875 0.5708333328124999 0.11187499999999999 0.5708333328124999 0.09875 0.5841666671875 0.063125 0.6316666671875 0.061875 0.6366666671875 0.0675 0.64 0.13999999999999999 0.6391666671875 0.143125 0.6366666671875
6 0.49874999999999997 0.6058333328125001 0.499375 0.5691666671875 0.49312500000000004 0.5641666671875 0.395 0.5616666671874999 0.39125 0.5650000000000001 0.38125 0.5974999999999999 0.38125 0.6058333328125001 0.38625 0.6083333328125 0.49375 0.6108333328125 0.49874999999999997 0.6058333328125001
10 0.45125000000000004 0.7616666671875 0.458125 0.755 0.46375 0.7408333328125 0.469375 0.7125 0.4625 0.7025 0.448125 0.7016666671875 0.43937499999999996 0.7108333328125 0.43062500000000004 0.735 0.429375 0.7483333328125 0.43375 0.7583333328124999 0.440625 0.7625 0.45125000000000004 0.7616666671875
10 0.3625 0.6275000000000001 0.359375 0.625 0.34125 0.625 0.335 0.63 0.334375 0.67 0.346875 0.6691666671875 0.35625 0.6583333328125 0.3625 0.6275000000000001
1 0.564375 0.86 0.5393749999999999 0.8091666671875 0.535625 0.8058333328125 0.5275000000000001 0.8066666671875 0.48375 0.8383333328125 0.48187499999999994 0.8458333328125001 0.5025000000000001 0.8949999999999999 0.520625 0.8949999999999999 0.564375 0.86
1 0.656875 0.7474999999999999 0.655625 0.7408333328125 0.630625 0.6941666671875 0.6212500000000001 0.6941666671875 0.591875 0.7058333328125 0.5912499999999999 0.7108333328125 0.615625 0.7641666671875 0.62 0.765 0.656875 0.7474999999999999
1 0.5193749999999999 0.6733333328125 0.521875 0.67 0.5081249999999999 0.6308333328125 0.46125 0.6466666671875 0.45999999999999996 0.6541666671875 0.471875 0.6858333328125 0.48 0.6866666671874999 0.5193749999999999 0.6733333328125
1 0.6174999999999999 0.6508333328125 0.615625 0.6391666671875 0.60625 0.6174999999999999 0.5675 0.6183333328125 0.56375 0.6191666671875 0.56125 0.6241666671874999 0.5625 0.6375 0.5700000000000001 0.6575 0.610625 0.6558333328125 0.6174999999999999 0.6508333328125
13 0.5700000000000001 0.5583333328125 0.5725 0.5 0.568125 0.47583333281250006 0.565625 0.4725 0.558125 0.47083333281249995 0.553125 0.4733333328125 0.551875 0.485 0.54625 0.4925 0.5443749999999999 0.5133333328125 0.5431250000000001 0.5683333328125 0.55125 0.5766666671875 0.566875 0.5741666671875 0.5700000000000001 0.5583333328125
7 0.5625 0.7025 0.565625 0.6833333328125 0.5599999999999999 0.6766666671875 0.558125 0.6575 0.55125 0.6516666671875 0.538125 0.655 0.538125 0.6666666671875 0.5543750000000001 0.7016666671875 0.55625 0.7041666671875 0.5625 0.7025
12 0.646875 0.32166666718750003 0.63875 0.3266666671875 0.6224999999999999 0.32999999999999996 0.61875 0.3366666671875 0.618125 0.34750000000000003 0.623125 0.3466666671875 0.62375 0.3391666671875 0.63875 0.3441666671875 0.63875 0.355 0.6425 0.3566666671875 0.645625 0.3375 0.66125 0.3341666671875 0.6637500000000001 0.335 0.665625 0.3416666671875 0.6693749999999999 0.3408333328125 0.6693749999999999 0.355 0.67375 0.3566666671875 0.67625 0.3491666671875 0.670625 0.32999999999999996 0.659166875 0.3266666671875 0.655625 0.3116666671875 0.661875 0.30333333281249997 0.67375 0.3016666671875 0.6849999999999999 0.2925 0.686875 0.2875 0.6837500000000001 0.28250000000000003 0.686875 0.2708333328125 0.67125 0.2683333328125 0.6675 0.2625 0.665 0.2391666671875 0.6625 0.2366666671875 0.6487499999999999 0.2366666671875 0.640625 0.2316666671875 0.63625 0.2341666671875 0.6224999999999999 0.23333333281250002 0.625625 0.29333333281249996 0.64375 0.2991666671875 0.65 0.305 0.646875 0.32166666718750003