11 0.6875340296875 0.9157550296875 0.7069311703125 0.9260772734374999 0.75318395 0.9371725734374999 0.7769294515625 0.9456245890625 0.7933984609375 0.82918385625 0.789428303125 0.826105534375 0.716934465625 0.8061957937500001 0.7028402578125 0.8035234671874999 0.701034728125 0.805137553125 0.6952580578124999 0.8587113953125 0.6849449062499999 0.8615916640625001 0.6926583 0.8707174343749999 0.6875340296875 0.9157550296875
11 0.695818265625 0.7193209078125 0.79224670625 0.74520839375 0.7982607374999999 0.633503634375 0.6965102562500001 0.6112212718750001 0.695818265625 0.7193209078125
12 0.7252015593750001 0.5109405640625 0.7036488546874999 0.517817428125 0.700613178125 0.590552371875 0.7031369015625 0.601551271875 0.7748179937499999 0.6100851625 0.7811056328125 0.5278155515625 0.778799178125 0.52497885 0.733000046875 0.518952909375 0.7252015593750001 0.5109405640625
12 0.776448396875 0.3576464921875 0.766608 0.3543410765625 0.736330403125 0.354321921875 0.7189087890625 0.3511663578125 0.7084538109375 0.3559023328125 0.7045108390625 0.41849856250000006 0.705852675 0.44496167499999995 0.761917684375 0.448725915625 0.7705198546875 0.4462225984375 0.776448396875 0.3576464921875
12 0.6458738484375 0.4593920625 0.6468022171875 0.348199584375 0.6376991203125 0.3462521140625 0.6307606531250001 0.3489970515625 0.6274614140625 0.3591502890625 0.61598548125 0.36623972656250003 0.615636621875 0.39281442499999997 0.6119580046875 0.3969265328125 0.5961528171875 0.3946311578125 0.578135728125 0.3882619421875 0.5630678421875001 0.3873245140625 0.5644760625 0.40191401562499995 0.5938272578125 0.40304949843750004 0.5983456140625 0.40996003906249995 0.612581646875 0.4107766578125 0.617005453125 0.4189243375 0.6179409171875 0.439699525 0.6246047953125 0.462557515625 0.6320914640625 0.46364479843749995 0.6458738484375 0.4593920625
12 0.5686233140625 0.5457407703125 0.571525240625 0.551791125 0.6115486828125001 0.5563528328125 0.6144506125 0.5624031859375 0.6302558 0.5646985609375 0.6336013312500001 0.6089648328124999 0.64006704375 0.6124055796875 0.645984559375 0.6120141078125 0.6471946140625 0.6071863671875 0.646505571875 0.5501717796875 0.6428190671875 0.5433820468749999 0.635379675 0.5416761953125 0.6269947734375 0.5523417140625 0.5709488734375 0.53732243125 0.5686233140625 0.5457407703125
9 0.24611435625000003 0.81474734375 0.197961496875 0.80650326875 0.185171896875 0.7977660671875 0.1712858984375 0.781364425 0.1449240828125 0.6530744937499999 0.14527411875000001 0.6374894734375001 0.1493106578125 0.62869418125 0.17420987968749999 0.6110455109374999 0.1970390234375 0.587467296875 0.204620240625 0.5873174437500001 0.214725184375 0.5981664921875 0.22230640156249998 0.5980166375 0.2455228109375 0.5913813921875 0.2513176046875 0.5815905828125 0.2138188703125 0.5329897015625 0.1957736109375 0.5159840140624999 0.2053404 0.48985428124999997 0.22316838749999998 0.49869777187500003 0.2396163234375 0.5035882296875 0.2863790890625 0.541025834375 0.36664324531250003 0.5583114484375 0.3860876625 0.5680151234374999 0.39362160468749996 0.5684838390625 0.39439712031249996 0.5473317015625 0.3717982375 0.38081133125 0.3648225390625 0.351028278125 0.3532711625 0.34809981093750003 0.3253472953125 0.3502987921875 0.2884148828125 0.3493131640625 0.15777591562499999 0.35285619375 0.04539041875 0.359675596875 0.031201659375000003 0.358240409375 0.022182007812499998 0.47625660937500003 0.0260034125 0.5583037078124999 0.048911078125 0.65476645 0.099792925 0.8253943343750001 0.11388614999999999 0.8831047359375 0.1204273078125 0.8965633890625 0.13659159062499998 0.9051652593749999 0.150184875 0.903386796875 0.168382003125 0.8853902218749999 0.23604664375 0.836426284375 0.2505854375 0.8222764515625001 0.24611435625000003 0.81474734375
9 0.5135359125 0.320089334375 0.525181840625 0.3217806640625 0.5825514546874999 0.319480028125 0.63695275625 0.3230026515625 0.6523515703125 0.3196101015625 0.654866234375 0.3087174875 0.659463965625 0.10549363281249999 0.6463625421875 0.08983136875 0.6006489 0.060676775 0.5766670203125 0.0553176015625 0.5623364359374999 0.055738117187500005 0.5558425546875 0.0416608953125 0.5410301515625 0.026375581250000002 0.5289305765625001 0.01961489375 0.52160010625 0.012140376562500001 0.32003788125 0.007448964062500001 0.35237489375000003 0.2497764625 0.36261161875000003 0.2919163640625 0.3700982859375 0.2930036484375 0.384447978125 0.2813280875 0.4314098890625 0.283144859375 0.48807037031249995 0.2901227515625 0.506087459375 0.296491965625 0.5100103421875 0.3001888546875 0.5081857046875 0.313057984375 0.5135359125 0.320089334375
9 0.2745673171875 0.8276356265624999 0.1816725265625 0.8985782125 0.17029114843749998 0.9044305140625 0.16561185625 0.910630721875 0.1472447328125 0.919846528125 0.1414972125 0.92901876875 0.1403626015625 0.9438644125 0.1436236265625 0.9562212609375 0.311657715625 0.98062473125 0.3015537546875 0.9147376078124999 0.3027356421875 0.8992733953125001 0.40092430312499994 0.8140892125000001 0.419934178125 0.8074684890625001 0.4165132 0.7531843125 0.40882837031249997 0.7326797875 0.370222209375 0.7645991000000001 0.2745673171875 0.8276356265624999
13 0.3890035640625 0.32076662031250003 0.426578728125 0.32434733125 0.4922195859375 0.32387335625 0.5129877140625 0.3162571140625 0.5149541765625 0.3015322796875 0.50886666875 0.2931429828125 0.48678487031250006 0.284932584375 0.37978779375 0.276273253125 0.372849325 0.279018190625 0.3669599796875 0.2900461359375 0.368415475 0.304017071875 0.3759775875 0.315122259375 0.3890035640625 0.32076662031250003
0 0.172618671875 0.7859360234375 0.1888584 0.8045557984375 0.20354808124999998 0.8104417765624999 0.2259608078125 0.8143221953124999 0.253695575 0.8145974890625001 0.302264853125 0.79538293125 0.334149815625 0.7743707546875 0.36035364375 0.750657209375 0.379760828125 0.7278328953125001 0.39213499375 0.7089906546875 0.3965970125 0.6946282484374999 0.39626706718750004 0.6439201515625 0.4004082015625 0.600741165625 0.397931753125 0.589123696875 0.385898559375 0.5704893984375 0.36067845625 0.5593214890625 0.312052840625 0.5572631 0.293799375 0.5539867265625 0.26558279218749997 0.5380056015625 0.2350788609375 0.5079327328125001 0.2110024296875 0.5038106953125 0.2057749421875 0.50617868125 0.2046121609375 0.510387853125 0.218479053125 0.5380445375 0.2380461890625 0.55714755 0.2431600203125 0.5672717421875 0.25433319062500004 0.5751487578125001 0.255524140625 0.581576059375 0.2455228109375 0.5913813921875 0.235115109375 0.5954987968750001 0.207739440625 0.601529996875 0.18837046875000002 0.6018442265624999 0.1502843375 0.626959284375 0.144990465625 0.6412008828125 0.14652140625 0.6651897234375 0.151304309375 0.6796438953124999 0.1636483421875 0.7602413296874999 0.172618671875 0.7859360234375
1 0.3425687796875 0.4441132609375 0.348580846875 0.4424846515625 0.3484490640625 0.41119379843750004 0.3442143609375 0.40057184687499997 0.30766015156250004 0.39463767031249997 0.2999843828125 0.3960246609375 0.3033299140625 0.44029093281250004 0.3425687796875 0.4441132609375
3 0.189555303125 0.42126578906249995 0.1897162375 0.40815504062499997 0.1839596546875 0.395435765625 0.176113890625 0.38804198749999996 0.1583331765625 0.37857993125 0.1424334390625 0.3775216921875 0.09942257812500001 0.3900382828125 0.0801290515625 0.40037041718750005 0.07081774843750001 0.4121522640625 0.069399484375 0.43070932031250003 0.07189504062499999 0.431071746875 0.0771879296875 0.47186822343749996 0.0960368703125 0.47835824843749997 0.1327801796875 0.48181815156249996 0.1682852671875 0.4794693171875 0.19829831874999998 0.471944840625 0.20114390937499999 0.45672224687499996 0.198572909375 0.4463419125 0.19396000156249998 0.440668509375 0.179506696875 0.43168968906250005 0.1782211984375 0.426499521875 0.189555303125 0.42126578906249995
10 0.449380684375 0.2350945671875 0.4273934375 0.22564703281249998 0.41287375156249995 0.22854182343749999 0.40888448750000006 0.23671854374999998 0.41754299531249994 0.25548817343749997 0.4318071984375 0.26694126875 0.44899243593750005 0.2731896734375 0.45932469375 0.2590543625 0.4571318984375 0.2437254828125 0.449380684375 0.2350945671875
6 0.47166992968750004 0.8018479140625001 0.4641359859375 0.8013791984375 0.43888673125000005 0.834612890625 0.3482592015625 0.9859403390624999 0.40732068750000006 0.9945177968750001 0.443724990625 0.9253780859375 0.49286255625 0.84370263125 0.4926925609375 0.8349218625000001 0.4809430203125 0.812576153125 0.47166992968750004 0.8018479140625001
5 0.48171574687499996 0.11608091250000001 0.49654120625 0.18368945625 0.5151465828124999 0.1844082484375 0.4962678546875 0.11273989375 0.48171574687499996 0.11608091250000001