4 0.0814243109375 0.2657028796875 0.07187051093749999 0.2684034671875 0.0647533453125 0.274778621875 0.062958221875 0.28575805625 0.055692725 0.2895571421875 0.0757195546875 0.35632749218750004 0.069937371875 0.385887296875 0.079579959375 0.4128322921875 0.0837077765625 0.4177741453125 0.10182144687500001 0.4091632578125 0.1398363375 0.4019082015625 0.139539675 0.396756059375 0.1249718578125 0.36858528281249997 0.13179236249999998 0.357057984375 0.1782707609375 0.33519319375 0.1906906984375 0.3316824328125 0.1984204640625 0.3373514515625 0.20985438906249998 0.3637900875 0.2188110734375 0.3612582890625 0.220454078125 0.35817585625000004 0.21324812187500003 0.3349054296875 0.2025038859375 0.3274705140625 0.1747438421875 0.31960947968750003 0.151860846875 0.3086245078125 0.13479685624999999 0.303848675 0.124994578125 0.30574683281250004 0.12076660937499999 0.30257862343749997 0.10843512343749999 0.2816297046875 0.09416018125 0.26908414999999997 0.0814243109375 0.2657028796875
4 0.1934016109375 0.4574528578125 0.2001663609375 0.4625219921875 0.19847138749999998 0.4717277859375 0.1941914484375 0.474682934375 0.1952817390625 0.48659208125 0.19891259375 0.48992907656250007 0.2040381234375 0.48760756718750004 0.229521228125 0.46295088125 0.2321137640625 0.4482553703125 0.2302260640625 0.44006229843750005 0.2260982453125 0.43512044687499996 0.2266471765625 0.43060194531249996 0.23406479375 0.41890585781249995 0.238593209375 0.4167531359375 0.2366053609375 0.41033370781249995 0.2252677984375 0.392594503125 0.22083953125 0.39297358125000004 0.1592292359375 0.43307840000000003 0.15688896875 0.43810326093749996 0.157830925 0.447436334375 0.16399477499999998 0.4631473328125 0.1701624109375 0.46838525156250005 0.180613771875 0.4601949484375 0.1934016109375 0.4574528578125
4 0.23517022812500002 0.3889227046875 0.2469527828125 0.4143901234375 0.25948456875 0.4317917546875 0.26281876249999997 0.42997660625 0.266409009375 0.4080177375 0.263278903125 0.3958125234375 0.2554200796875 0.3893073171875 0.23517022812500002 0.3889227046875
4 0.6996537796875 0.1755957484375 0.6966644296875 0.18691275624999998 0.7004917984375 0.19717553906250002 0.710542559375 0.1960798109375 0.713379790625 0.1926598046875 0.722644496875 0.163860925 0.7411549796875 0.15862853906250002 0.745983846875 0.15115488593749998 0.74391478125 0.0941437265625 0.7400874125 0.0838809421875 0.73367129375 0.0778405921875 0.7244179468749999 0.0752202484375 0.71212706875 0.0795671953125 0.7066009390625 0.088983278125 0.704008403125 0.1036787875 0.7065857921875 0.130875578125 0.7028472140625001 0.15025837656250002 0.698266828125 0.1585344578125 0.6996537796875 0.1755957484375
12 0.6220676921875 0.503833259375 0.6149023437500001 0.5058586984375 0.5930538796875 0.5233793078125 0.571935715625 0.5851995015625 0.5678966875 0.60990323125 0.573463425 0.6257830140625 0.614092525 0.681493690625 0.62379086875 0.6918422515625 0.6445338953124999 0.704304796875 0.6646240546875 0.7335325640625 0.669998065625 0.732013484375 0.6720898531249999 0.72618619375 0.697168571875 0.7190971546875 0.70751599375 0.7231535703125 0.72578556875 0.6961726046875001 0.743354096875 0.6816071484374999 0.7607780765625 0.653992540625 0.771834121875 0.6246873 0.77861023125 0.5983372109375 0.781807453125 0.5625267640625 0.8190882593750001 0.521445196875 0.8313867109374999 0.4961520984375 0.8353255890625 0.47322201250000007 0.83478801875 0.4463212921875 0.8286279562500001 0.42013721875 0.8163484375 0.393064940625 0.8109262453125 0.39023430625 0.803909228125 0.3948358171875 0.7790194484375 0.42979679375 0.7681268828125 0.41978580625 0.7674815875000001 0.415604878125 0.7702224546875 0.4034854390625 0.7681420296875 0.3778935046875 0.7725778703125 0.3565682765625 0.7695479125 0.34258941875 0.79997139375 0.277266209375 0.7977870312500001 0.26392099375 0.7863493218750001 0.24795543437499998 0.7572986875 0.231732540625 0.7169954984375 0.23788910156249998 0.71003045 0.236367253125 0.6724123718749999 0.2470008109375 0.64207010625 0.362915753125 0.64450295 0.377063396875 0.6336093375 0.5075521015625 0.6220676921875 0.503833259375
11 0.55670680625 0.1837140984375 0.5527792875 0.1752249578125 0.5086893375 0.1964146 0.5061005875 0.2006370328125 0.526420296875 0.28303260468749997 0.528905109375 0.2910568890625 0.5325359640625 0.29439388593750004 0.5430355046875001 0.2905532984375 0.5585642140625 0.275691771875 0.569816771875 0.25331231718749997 0.55670680625 0.1837140984375
11 0.3323002859375 0.224458078125 0.3270302109375 0.21373043906250003 0.31613385781250003 0.214192525 0.27104998125 0.232172453125 0.29391783125000004 0.28504972500000003 0.3015281734375 0.290752503125 0.30929063437500004 0.2885582765625 0.3203428921875 0.2697261125 0.3446279859375 0.255880071875 0.340159109375 0.23096328281249998 0.3323002859375 0.224458078125
11 0.6029405125 0.15057380625 0.5937873125 0.1461798171875 0.586722115625 0.1464316125 0.5849713859375 0.1722338390625 0.5911276640625001 0.2088909875 0.60131918125 0.23131747812499998 0.6055471484375 0.2344856875 0.613161278125 0.22971538906250002 0.607550146875 0.1990128171875 0.6029405125 0.15057380625
11 0.42625479843749997 0.1734651375 0.43927597343749997 0.2134177765625 0.4418127546875 0.21531870312499998 0.4610204984375 0.2081438859375 0.4645549921875 0.2027814515625 0.4528763734375 0.1650673109375 0.44257713125000003 0.1653606125 0.42625479843749997 0.1734651375
11 0.49447772343749996 0.146326459375 0.49129186249999995 0.15071768125 0.49347622500000005 0.164062896875 0.49988855625 0.180576321875 0.5125724609375 0.19008095 0.5194893281249999 0.1872530828125 0.5142750078125 0.15992900937500001 0.5078626765625 0.1434155828125 0.49447772343749996 0.146326459375
11 0.6287571015625 0.166838203125 0.641148128125 0.1607176125 0.6387190703125001 0.1360968921875 0.633749446875 0.120048321875 0.6225526421875001 0.1258313390625 0.6246812515625 0.155772990625 0.6287571015625 0.166838203125
9 0.532576571875 0.319689753125 0.5228744437499999 0.3198142671875 0.47937024531250005 0.37225434687500003 0.45542999531249995 0.3956022453125 0.337212065625 0.538102465625 0.328500075 0.5519097687500001 0.32939385 0.556893125 0.347700246875 0.565681103125 0.3677460125 0.5800860796875 0.38142762812500003 0.582327346875 0.445051234375 0.6158301234375 0.45848436875000004 0.6172689609375 0.5042503609375 0.6392389046875 0.5327558484375 0.649507225 0.5507174 0.6487933406249999 0.5638094765624999 0.6302572453125 0.5826431296875 0.556865478125 0.6206958859375 0.44487966874999996 0.6438690171875 0.3414632421875 0.662097984375 0.2891864109375 0.6625505515625 0.27596847812499997 0.6602140703125 0.270520265625 0.654046434375 0.26528234375 0.641807525 0.26350593125 0.6276771265625001 0.2640095234375 0.6129978 0.26903161875000003 0.5881118078124999 0.2935195203125 0.5791475484374999 0.3169974703125 0.5696901140625 0.32839748750000003 0.5528226359375 0.330547440625 0.532576571875 0.319689753125
13 0.5151931984375 0.3726002234375 0.50674105 0.35579073125 0.50216445 0.3535937359375 0.494650471875 0.356590390625 0.49464289843750003 0.3775365421875 0.5097482859375 0.4326080375 0.5140244375 0.4401259640625 0.521835078125 0.442281453125 0.53064343125 0.43717358125 0.527813775 0.41964743593750004 0.5151931984375 0.3726002234375
0 0.1160254875 0.48019755000000003 0.12230084687500001 0.4627156765625 0.13260387499999998 0.45194930156249996 0.168634703125 0.4278017421875 0.1710269390625 0.4166535203125 0.1691874203125 0.41281016406250004 0.1432187125 0.40444276874999996 0.0914702375 0.41557991875000005 0.034440328125 0.4474086546875 0.0231395875 0.465438390625 0.026418026562500002 0.48021967656250003 0.0340765515625 0.4902721703125 0.048603759375 0.4931470796875 0.0819900828125 0.4898183875 0.1160254875 0.48019755000000003