12 0.8294445453125 1 0.80425863125 0.9517286984375 0.7953833890625 0.9234714421874999 0.76935719375 0.88385671875 0.7578893671875 0.873446228125 0.7466966078125 0.87075865 0.7457473109375 0.8780947640625 0.692147659375 0.919704315625 0.67688541875 0.88773238125 0.6390021124999999 0.8664313546875 0.605158646875 0.8565879531249999 0.569498396875 0.8580488390625 0.5641622640625 0.8555145984375001 0.5588980593749999 0.8436701718749999 0.5503275234375 0.8409625640625 0.5421138609375 0.842609928125 0.533756340625 0.8628776625000001 0.5299393953125 0.8803376265624999 0.5214451265625 0.9760738703125 0.518322171875 0.9903592937499999 0.5107305703125 0.9981423062499999 0.5103244578125 1 0.8294445453125 1
12 0.946195346875 1 0.9878422718750001 0.8094932546875 0.9651915656250001 0.8023374296875 0.9203584781249999 0.8068395484374999 0.8921360937499999 0.8131955468750001 0.881748771875 0.821792225 0.8755846703125 0.8469951375000001 0.8685953703125 0.8490293031249999 0.8535560249999999 0.8459749578125001 0.85111718125 0.8511435984375 0.838598490625 0.8395526703125 0.8093872890625 0.829475803125 0.7881542031250001 0.8337976328125001 0.7670226875 0.8466360140625 0.7562065609374999 0.8601879015625 0.7530737265624999 0.8685310812499999 0.7680411421875 0.8808956125 0.792220915625 0.9139878875 0.7995248015625 0.9434456140625 0.8173274562499999 0.97876545625 0.8330382999999999 1 0.946195346875 1
9 0.7529409499999999 0.683527865625 0.7392077765625 0.67749238125 0.5624284890625 0.653885115625 0.4677534171875 0.6468833546874999 0.46172329375 0.647523653125 0.4588457640625 0.6517052609375 0.4643625046875 0.71029400625 0.4725733984375 0.7595525359375 0.475644184375 0.766461784375 0.4759291296875 0.78012694375 0.49043533124999994 0.8305258468750001 0.4989339390625 0.842543640625 0.5053209390625 0.8462583171875 0.5471848078125 0.8433635 0.5972722203124999 0.844763559375 0.6152709015625 0.840268359375 0.6626444031250001 0.83911415 0.737362921875 0.8296298671875 0.7515248984375 0.83071014375 0.9609260562499999 0.8128681156249999 0.9687010359375 0.8102337140625 0.9762009484374999 0.7998763984374999 0.936634834375 0.7653170453125 0.8973437890625 0.7384806078125 0.8851001640625 0.7346125953125 0.8604492984375 0.7336124468749999 0.840155628125 0.7246559203125 0.7837009765625 0.7314256718750001 0.774518259375 0.7285246625 0.7544601375 0.7035220703125 0.7529409499999999 0.683527865625
13 0.659225053125 0.6751322375 0.6607865296875 0.6679895250000001 0.6579809296875 0.662860946875 0.6518591171875 0.660926940625 0.6399103203125 0.6766663312500001 0.622429359375 0.7296865218749999 0.631713646875 0.7411040812499999 0.6400189984375 0.742031021875 0.6476007187499999 0.7283057640624999 0.6610714765625 0.681654684375 0.659225053125 0.6751322375
11 0.749788353125 0.6799865578125 0.771561690625 0.6851683125 0.8382696859375001 0.6943644953125 0.8691593531249999 0.6099456515624999 0.7785664109375 0.5872645984375 0.747860121875 0.6768320531249999 0.749788353125 0.6799865578125
11 0.6343271890625 0.5255759765625 0.655386778125 0.5220477781249999 0.65826430625 0.5178661734375 0.6625918640624999 0.4920830609375 0.6156274078124999 0.47639757187500004 0.60354463125 0.516699578125 0.6343271890625 0.5255759765625
11 0.9656286796875 0.6446645328125 0.966924971875 0.6357411484375 0.9662112203125 0.6270312 0.96271163125 0.6250771609375 0.9399269484375001 0.6424839484375 0.925814371875 0.6711148953125 0.9199055749999999 0.69215623125 0.9177417968749999 0.705047790625 0.9224756296875001 0.7133308734375 0.9324440265625 0.7156316484375 0.9656286796875 0.6446645328125
11 0.7706503453125 0.557613471875 0.8021367734375 0.5692575765625 0.807973640625 0.557526421875 0.813270253125 0.536291684375 0.779773784375 0.5248610140625 0.7728959328125 0.5413539734375 0.7706503453125 0.557613471875
11 0.8906279843749999 0.589577759375 0.8997613046874999 0.5627675453125 0.87221315 0.5540645140625 0.8627328359374999 0.582461996875 0.870956378125 0.5867568765625 0.8906279843749999 0.589577759375
9 0.45307094843750007 0.6481839828125 0.452429128125 0.63016385 0.4364262671875 0.520749334375 0.4224279078125 0.5129331796875001 0.40115530312500003 0.4934860328125 0.3246425296875 0.47525319374999997 0.321234628125 0.475873459375 0.223480459375 0.6146801390625 0.3398470609375 0.63023159375 0.4470408234375 0.64882428125 0.45307094843750007 0.6481839828125
12 0.1429432640625 0.489120128125 0.11082489375 0.465398134375 0.1005913109375 0.4613166875 0.11709767499999998 0.5055599140625 0.11204648749999999 0.51669083125 0.11898361718749999 0.5358513375 0.11753358750000001 0.5574528453125 0.134337546875 0.5703975765625 0.13644915625 0.57870069375 0.1315615875 0.5830957328124999 0.1306221703125 0.5963740921875 0.1524152671875 0.6134403359375 0.1798816140625 0.6255113046874999 0.172768215625 0.6580503296875 0.1579940578125 0.6567766515625 0.145688384375 0.6681610671875 0.145269459375 0.6790585203124999 0.151217775 0.6817861640625 0.159604934375 0.6793451625 0.1625939109375 0.6896223499999999 0.12521844843750002 0.710904071875 0.10428018750000001 0.73483330625 0.10621830000000002 0.743930059375 0.1144418421875 0.7482249375000001 0.1222168203125 0.7455905359375 0.1291045515625 0.73503981875 0.1299522796875 0.7191871562500001 0.152563465625 0.7025740046875 0.183571690625 0.68946209375 0.2041206671875 0.694257046875 0.2116205796875 0.68389973125 0.21947025625 0.6210492484375 0.225133625 0.61011173125 0.26560240468749996 0.55671785 0.2668168875 0.5511624078125 0.2506547484375 0.556237809375 0.239655246875 0.5646410875 0.232309071875 0.562320278125 0.2249134984375 0.530288246875 0.215701140625 0.5095605046875 0.185357265625 0.501671140625 0.17547067656249998 0.496002425 0.167257015625 0.49764978906249996 0.1429432640625 0.489120128125
4 0.46856005625 0.44860178125 0.46394755312499997 0.460719734375 0.46337489062500004 0.4842953109375 0.46941489374999995 0.489597259375 0.47588369999999997 0.48994399531250005 0.4790165359375 0.4816008140625 0.48612855 0.4745147390625 0.52194115 0.485828678125 0.5248285593750001 0.487589315625 0.524573253125 0.491750890625 0.5374290578124999 0.49581230468750004 0.53724568125 0.4906636953125 0.5222486265625 0.46047243125000004 0.511127796875 0.44847466718750006 0.5124142078125 0.43360904062500005 0.5038239109375 0.41901694375 0.49919164687500006 0.4192504078125 0.49082424687500004 0.43357589687500003 0.4778965125 0.43882466718749996 0.47624334687500003 0.443393075 0.46856005625 0.44860178125
8 0.5172665984375 0.5131990609375 0.5276242796874999 0.4867756484375 0.48153718906250004 0.47306423437499995 0.473363046875 0.498480578125 0.4740669171875 0.501248284375 0.5172665984375 0.5131990609375
0 0.4755564671875 0.5034157546875 0.47275086718750003 0.4982871765625 0.45569160000000003 0.48950401718750003 0.455161228125 0.48594267812499997 0.4312861609375 0.47840005156250004 0.407686159375 0.47858034062500004 0.40351233906250006 0.49168533124999997 0.41428617343749996 0.5052703625 0.4407834640625 0.5127929546875001 0.4704135890625 0.51197236875 0.4755564671875 0.5034157546875
0 0.677516990625 0.5315845078125 0.6548662859375 0.5244286828125 0.6485907359375 0.5351728015624999 0.668812475 0.5534395125 0.679658240625 0.5577143578125 0.6915449890625001 0.5572273984375 0.6925859734375 0.5524655890625 0.6881991359375 0.542595234375 0.677516990625 0.5315845078125
6 0.83596205 0.725876421875 0.8368295359375001 0.721908246875 0.816863103125 0.6994799625 0.8065378296875 0.6928242109375 0.7637147843750001 0.6971128984375 0.7537463875 0.694812121875 0.750603671875 0.6972130578125 0.770753484375 0.7247899531249999 0.7792422109375 0.7308655015625 0.797067396875 0.7271639375000001 0.83596205 0.725876421875
6 0.95690874375 0.7623890828125 0.9555926937500001 0.7594279765625 0.9036912671874999 0.7184263078125 0.8983551343749999 0.7158920671875 0.8966102796875 0.71788616875 0.8947018078125 0.7266161515625 0.8968035359375 0.7289770250000001 0.9178927640625 0.7432755625 0.9312888218750001 0.7568405593749999 0.9543782109375 0.764983421875 0.95690874375 0.7623890828125
11 0.651126809375 0.430766671875 0.6192933843749999 0.4207098359375 0.6097411421875 0.458417503125 0.6163016375 0.46133854531249996 0.621536203125 0.4553562359375 0.625209290625 0.45651663906250006 0.6355345625 0.46317239218750006 0.6363301203125 0.4685144015625 0.639391028125 0.4694814046875 0.651126809375 0.430766671875
11 0.5890609578125 0.4272792671875 0.583335540625 0.45346921250000005 0.6017926671875 0.4618455390625 0.6084772609375 0.434261725 0.5890609578125 0.4272792671875
11 0.3320167734375 0.3367408015625 0.3270869140625 0.36827275937500004 0.3445749828125 0.3721007078125 0.34916772812499997 0.348098265625 0.3495048421875 0.34056875 0.334985990625 0.33513350000000003 0.3320167734375 0.3367408015625
2 0.46719737656250004 0.36502355625 0.46130834062500004 0.3979493828125 0.46492925781250005 0.4203044578125 0.4842538703125 0.42471260937500005 0.48950819531249995 0.43061479062499997 0.493528278125 0.4301879234375 0.4969263 0.42362541406250004 0.5060299781250001 0.37898846875 0.46719737656250004 0.36502355625
12 0.23994139374999998 0.3687404171875 0.2322454546875 0.4189127734375 0.2359185421875 0.4200731765625 0.243775328125 0.4140708359375 0.2565394453125 0.4155579453125 0.260405790625 0.4278092046875 0.263600675 0.4042135953125 0.269794415625 0.3968374171875 0.2803651140625 0.3933893484375 0.2814061 0.388627540625 0.2611124296875 0.3796710125 0.261888228125 0.3731285359375 0.25804164375 0.372761765625 0.2541851796875 0.36645275312500003 0.24363701093749998 0.33087941249999997 0.2386577515625 0.3327001484375 0.236402284375 0.34301740000000003 0.2403603171875 0.3578429609375 0.23994139374999998 0.3687404171875