12 0.350625 0.6483333328125 0.36 0.6641666671875 0.365 0.6833333328125 0.37687499999999996 0.6916666671875 0.37374999999999997 0.7008333328125 0.36875 0.7016666671875 0.37124999999999997 0.7241666671875 0.38125 0.7308333328125001 0.3825 0.7508333328125001 0.385 0.755 0.40812499999999996 0.7641666671875 0.41187500000000005 0.7816666671875 0.42125 0.7808333328125 0.434375 0.7983333328125 0.40625 0.8208333328125 0.395 0.835 0.38937499999999997 0.85 0.39 0.8716666671875 0.39437500000000003 0.8783333328125 0.40437500000000004 0.8716666671875 0.40437500000000004 0.8616666671875001 0.4 0.8466666671875 0.403125 0.8375 0.44125 0.805 0.44625000000000004 0.805 0.45499999999999996 0.8108333328124999 0.46125 0.8225 0.468125 0.9041666671874999 0.4725 0.9166666671874999 0.48 0.9208333328125 0.488125 0.9058333328125 0.484375 0.8949999999999999 0.47750000000000004 0.8858333328124999 0.46624999999999994 0.8166666671874999 0.46749999999999997 0.8074999999999999 0.47375 0.7983333328125 0.48375 0.7916666671875 0.48875 0.7916666671875 0.51875 0.8 0.524375 0.8241666671875001 0.53125 0.8316666671874999 0.5349999999999999 0.8308333328125 0.54 0.82 0.5387500000000001 0.8125 0.530625 0.8 0.5175 0.79 0.521875 0.7258333328125001 0.529375 0.7091666671875 0.529375 0.6841666671875 0.5325 0.6725 0.531875 0.6258333328125001 0.5287499999999999 0.6224999999999999 0.5225 0.6224999999999999 0.520625 0.6386666671875 0.395625 0.6408333328125 0.393125 0.62 0.390625 0.6166666671875001 0.380625 0.6166666671875001 0.36875 0.6391666671875 0.36 0.6416666671875 0.349375 0.64 0.350625 0.6483333328125
12 0.76875 0.6216666671875 0.766875 0.6408333328125 0.7775000000000001 0.6641666671875 0.80375 0.6975 0.8025 0.7075 0.806875 0.7183333328125 0.8018750000000001 0.7216666671875 0.756875 0.7008333328125 0.7462500000000001 0.705 0.74375 0.7158333328125 0.750625 0.7258333328125001 0.75625 0.725 0.76375 0.7116666671874999 0.766875 0.7116666671874999 0.796875 0.7266666671875 0.803125 0.7341666671875 0.803125 0.7424999999999999 0.784375 0.7558333328125 0.7731250000000001 0.7716666671875 0.76375 0.7733333328125 0.765 0.7866666671875 0.7725 0.7933333328125001 0.78 0.7908333328125 0.785625 0.7725 0.809375 0.75 0.83125 0.7558333328125 0.85875 0.7883333328125001 0.8699999999999999 0.8058333328125 0.8724999999999999 0.8125 0.859375 0.8225 0.858125 0.8266666671875 0.866875 0.8408333328125 0.87625 0.8433333328125 0.884375 0.8308333328125 0.884375 0.8208333328125 0.880625 0.8074999999999999 0.8724999999999999 0.7941666671875 0.88125 0.7825 0.8875 0.7866666671875 0.89625 0.7866666671875 0.9 0.7808333328125 0.891875 0.7566666671875 0.885 0.7491666671874999 0.87375 0.7441666671875 0.86875 0.7375 0.87375 0.7325 0.8881249999999999 0.7333333328125 0.9106249999999999 0.7224999999999999 0.94375 0.7183333328125 0.945625 0.7108333328125 0.93625 0.6983333328125 0.93625 0.6925 0.945 0.6741666671875 0.9418749999999999 0.6583333328125 0.9268750000000001 0.6466666671875 0.8887499999999999 0.6466666671875 0.846875 0.62 0.8425 0.6141666671875 0.8393750000000001 0.6 0.8318749999999999 0.5841666671875 0.803125 0.5708333328124999 0.785625 0.5583333328125 0.7693749999999999 0.5441666671875 0.76 0.525 0.754375 0.5241666671874999 0.7618750000000001 0.5675 0.7618750000000001 0.5841666671875 0.756875 0.6025 0.76875 0.6216666671875
12 0.113125 0.5125 0.115625 0.5349999999999999 0.13125 0.5566666671875 0.12375 0.5683333328125 0.12375 0.5758333328125 0.12625 0.5783333328125 0.171875 0.5733333328125 0.168125 0.5549999999999999 0.20249999999999999 0.5075000000000001 0.20750000000000002 0.5041666671875 0.20625 0.4891666671875 0.21437499999999998 0.4808333328125 0.21937500000000001 0.4875 0.231875 0.48250000000000004 0.22875 0.4491666671875 0.226875 0.44749999999999995 0.145625 0.45499999999999996 0.145 0.4933333328125 0.13374999999999998 0.4966666671875 0.11875 0.5108333328125 0.113125 0.5125
12 0.21937500000000001 0.6116666671875 0.230625 0.6116666671875 0.23875000000000002 0.6208333328125 0.2375 0.6266666671875 0.2425 0.6308333328125 0.24937499999999999 0.6233333328125 0.24874999999999997 0.6141666671875 0.23937499999999998 0.6025 0.23562500000000003 0.5916666671875 0.22312500000000002 0.5916666671875 0.20750000000000002 0.605 0.195625 0.5691666671875 0.19 0.5683333328125 0.18562499999999998 0.5716666671875 0.195625 0.625 0.20437500000000003 0.6216666671875 0.21125 0.6133333328125 0.21937500000000001 0.6116666671875
12 0.155 0.65 0.15125 0.6416666671875 0.1525 0.6391666671875 0.18375 0.6208333328125 0.18062499999999998 0.605 0.1775 0.6041666671875 0.164375 0.625 0.15125 0.6316666671875 0.141875 0.6508333328125 0.14125000000000001 0.6558333328125 0.14375 0.6599999999999999 0.15375 0.6583333328125 0.155 0.65
0 0.44312500000000005 0.5599999999999999 0.46125 0.5616666671874999 0.5025000000000001 0.5541666671875001 0.51 0.5458333328125 0.510625 0.53 0.505 0.5083333328124999 0.495625 0.49749999999999994 0.48562500000000003 0.495 0.45062499999999994 0.4966666671875 0.42750000000000005 0.505 0.41937499999999994 0.5208333328125 0.40625 0.53 0.3975 0.5433333328125001 0.396875 0.5458333328125 0.4025 0.55 0.43 0.5525 0.44312500000000005 0.5599999999999999
11 0.473125 0.3691666671875 0.47375 0.4158333328125 0.525625 0.41 0.52625 0.36583333281249997 0.473125 0.3691666671875
11 0.58875 0.4 0.620625 0.3966666671875 0.6224999999999999 0.3608333328125 0.569375 0.3616666671875 0.5700000000000001 0.40750000000000003 0.579375 0.4066666671875 0.5818749999999999 0.3975 0.58875 0.4
11 0.89625 0.3758333328125 0.850625 0.38 0.8387499999999999 0.42416666718749996 0.8375 0.43666666718749997 0.8400000000000001 0.43916666718749997 0.883125 0.4291666671875 0.89625 0.3758333328125
11 0.680625 0.355 0.678125 0.3641666671875 0.6775 0.395 0.7175 0.3916666671875 0.720625 0.3541666671875 0.680625 0.355
11 0.999375 0.36583333281249997 0.9793749999999999 0.3675 0.97 0.3916666671875 0.9637499999999999 0.41 0.9650000000000001 0.41916666718749995 0.999375 0.41166666718749995 0.999375 0.36583333281249997
11 0.798125 0.3508333328125 0.771875 0.3508333328125 0.76125 0.3541666671875 0.7575000000000001 0.385 0.78625 0.3866666671875 0.7931250000000001 0.37666666718749997 0.798125 0.3508333328125
11 0.654375 0.40083333281250005 0.651875 0.395 0.5806250000000001 0.4016666671875 0.57875 0.40416666718750005 0.5806250000000001 0.47000000000000003 0.6525000000000001 0.4591666671875 0.654375 0.40083333281250005
4 0.749375 0.3725 0.7424999999999999 0.3566666671875 0.74375 0.3433333328125 0.739375 0.33999999999999997 0.729375 0.3416666671875 0.725625 0.3483333328125 0.7275 0.3616666671875 0.720625 0.3675 0.71875 0.37333333281250003 0.718125 0.3875 0.72 0.385 0.750625 0.3866666671875 0.749375 0.3725
6 0.5650000000000001 0.495 0.5862499999999999 0.4875 0.5862499999999999 0.4841666671875 0.58125 0.48 0.53625 0.4641666671875 0.525625 0.465 0.515 0.47083333281249995 0.514375 0.4733333328125 0.5181250000000001 0.4766666671875 0.5349999999999999 0.485 0.5650000000000001 0.495
12 0.78125 0.5533333328125 0.804375 0.5708333328124999 0.8275 0.5808333328125 0.8387499999999999 0.5933333328125 0.844375 0.5941666671875 0.8543749999999999 0.5883333328125 0.8631249999999999 0.5816666671874999 0.8643750000000001 0.5775 0.8775000000000001 0.5783333328125 0.8787499999999999 0.5825 0.890625 0.5891666671875 0.890625 0.62 0.8943749999999999 0.6241666671874999 0.9018750000000001 0.6241666671874999 0.905625 0.6191666671875 0.934375 0.6158333328125 0.943125 0.6216666671875 0.95 0.6174999999999999 0.94375 0.6025 0.931875 0.5916666671875 0.91375 0.5833333328125 0.9087500000000001 0.5725 0.903125 0.5733333328125 0.89875 0.5666666671875 0.9 0.5549999999999999 0.9032031249999999 0.5516666671875 0.9324999999999999 0.5508333328125 0.945625 0.5458333328125 0.9506249999999999 0.5391666671875 0.9512499999999999 0.5308333328125 0.9556250000000001 0.5241666671874999 0.9668749999999999 0.52 0.97 0.5058333328125 0.978125 0.4883333328125 0.999375 0.46666666718750005 0.999375 0.4608333328125 0.985625 0.4691666671875 0.9568749999999999 0.4683333328125 0.946875 0.47750000000000004 0.931875 0.47583333281250006 0.91875 0.4783333328125 0.905 0.4916666671875 0.89625 0.4916666671875 0.890625 0.4875 0.874375 0.4875 0.8400000000000001 0.49583333281249997 0.825 0.51 0.8143750000000001 0.5275000000000001 0.811875 0.5366666671875 0.8025 0.5349999999999999 0.786875 0.5225 0.765625 0.5141666671875 0.765625 0.52 0.776875 0.5275000000000001 0.7693749999999999 0.5391666671875 0.78125 0.5533333328125
13 0.22749999999999998 0.5333333328125 0.226875 0.5175 0.220625 0.4883333328125 0.21437499999999998 0.4791666671875 0.206875 0.48250000000000004 0.205625 0.4966666671875 0.21375000000000002 0.5325 0.21625 0.5358333328125 0.22749999999999998 0.5333333328125
3 0.346875 0.5708333328124999 0.34750000000000003 0.5616666671874999 0.371875 0.5583333328125 0.36625 0.5466666671875 0.35875 0.5475 0.353125 0.5549999999999999 0.348125 0.5491666671875 0.34187500000000004 0.55 0.338125 0.5549999999999999 0.336875 0.5650000000000001 0.34249999999999997 0.5766666671875 0.34875 0.5733333328125 0.346875 0.5708333328124999
3 0.37124999999999997 0.5641666671875 0.37 0.5599999999999999 0.3675 0.5675 0.36062500000000003 0.5700000000000001 0.368125 0.5716666671875 0.37124999999999997 0.5641666671875
1 0.37 0.5216666671875 0.35625 0.5225 0.351875 0.5258333328125 0.35 0.5349999999999999 0.36375 0.5341666671875 0.3675 0.5308333328125 0.37 0.5216666671875
10 0.32875 0.4916666671875 0.32875 0.48666666718749996 0.325 0.4841666671875 0.31875 0.48250000000000004 0.315 0.485 0.31375000000000003 0.49416666718749996 0.315625 0.49583333281249997 0.325 0.495 0.32875 0.4916666671875
9 0.485 0.4266666671875 0.48 0.4158333328125 0.34562499999999996 0.4291666671875 0.344375 0.4441666671875 0.460625 0.43666666718749997 0.49874999999999997 0.43 0.485 0.4266666671875