12 0.178125 0.6316666671875 0.1775 0.64 0.20125 0.6525000000000001 0.20625 0.6641666671875 0.21000000000000002 0.665 0.268125 0.7758333328125 0.26875 0.7891666671875 0.27937500000000004 0.7933333328125001 0.28875 0.7833333328125 0.32375 0.8083333328125001 0.30375 0.8566666671875 0.29812500000000003 0.8933333328125 0.30062500000000003 0.9083333328125001 0.31124999999999997 0.9083333328125001 0.32 0.8991666671875 0.320625 0.8825 0.315 0.8691666671875 0.315 0.8583333328125 0.338125 0.8025 0.350625 0.7791666671875 0.35875 0.7791666671875 0.3725 0.7733333328125 0.40374999999999994 0.8091666671875 0.40437500000000004 0.8208333328125 0.40062499999999995 0.8333333328125001 0.4025 0.8416666671874999 0.41375 0.845 0.42125 0.8391666671875001 0.42437500000000006 0.8308333328125 0.42125 0.8141666671875001 0.39875 0.7866666671875 0.37875000000000003 0.7675 0.3775 0.7541666671875 0.378125 0.7433333328125 0.39125 0.7316666671875 0.41312499999999996 0.725 0.41937499999999994 0.7341666671875 0.425 0.7366666671875 0.43125 0.7308333328125001 0.433125 0.7241666671875 0.433125 0.71 0.426875 0.7033333328125 0.415625 0.7041666671875 0.40374999999999994 0.7116666671874999 0.401875 0.7075 0.42750000000000005 0.655 0.43875000000000003 0.6141666671875 0.43875000000000003 0.6058333328125001 0.434375 0.6008333328125001 0.401875 0.5933333328125 0.395 0.5825 0.409375 0.5599999999999999 0.414375 0.5358333328125 0.40875000000000006 0.5316666671875 0.405625 0.5333333328125 0.38625 0.5141666671875 0.3775 0.4966666671875 0.35125 0.49583333281249997 0.32437499999999997 0.5 0.319375 0.4891666671875 0.315625 0.45083333281250004 0.29874999999999996 0.43499999999999994 0.28875 0.43499999999999994 0.270625 0.44333333281250004 0.183125 0.49583333281249997 0.14125000000000001 0.525 0.143125 0.5349999999999999 0.18562499999999998 0.6091666671875 0.18562499999999998 0.6174999999999999 0.178125 0.6316666671875
9 0.403125 0.5258333328125 0.425625 0.5475 0.6068749999999999 0.6908333328125 0.6168750000000001 0.6883333328125001 0.62375 0.6816666671875 0.709375 0.5575 0.7075 0.545 0.704375 0.5408333328125 0.670625 0.5183333328125 0.663125 0.5083333328124999 0.660625 0.4916666671875 0.65625 0.4875 0.5856250000000001 0.4533333328125 0.5375 0.4341666671875 0.5225 0.4233333328125 0.445625 0.395 0.426875 0.3933333328125 0.399375 0.4 0.32875 0.42416666718749996 0.31 0.4375 0.31 0.44666666718750003 0.335625 0.46666666718750005 0.384375 0.5133333328125 0.403125 0.5258333328125
0 0.66125 0.5091666671875 0.6675 0.5166666671875 0.7075 0.5425 0.7275 0.5616666671874999 0.729375 0.6041666671875 0.735 0.6183333328125 0.7474999999999999 0.6166666671875001 0.749375 0.6091666671875 0.77 0.5808333328125 0.774375 0.5625 0.79125 0.5466666671875 0.79875 0.5441666671875 0.81875 0.5225 0.8237500000000001 0.5116666671875 0.819375 0.49749999999999994 0.809375 0.4858333328125 0.77125 0.4625 0.7418750000000001 0.4516666671875 0.723125 0.4516666671875 0.6975 0.45999999999999996 0.678125 0.4683333328125 0.6681250000000001 0.4791666671875 0.63375 0.47583333281250006 0.6331249999999999 0.4858333328125 0.6381249999999999 0.49416666718749996 0.654375 0.4925 0.66125 0.5091666671875
9 0.42125 0.3916666671875 0.448125 0.39249999999999996 0.525625 0.3641666671875 0.5375 0.3508333328125 0.548125 0.3466666671875 0.54 0.3366666671875 0.5425 0.3308333328125 0.55 0.325 0.54625 0.3175 0.5425 0.3175 0.520625 0.3266666671875 0.460625 0.33999999999999997 0.425 0.34249999999999997 0.416875 0.3516666671875 0.38125 0.3616666671875 0.3775 0.36666666718749996 0.37875000000000003 0.37 0.401875 0.38333333281250004 0.42125 0.3916666671875
8 0.923125 0.5266666671875 0.930625 0.525 0.92875 0.515 0.9012499999999999 0.5025000000000001 0.9037499999999999 0.48166666718749995 0.9225 0.4858333328125 0.91875 0.47083333281249995 0.838125 0.4458333328125 0.82 0.38166666718750003 0.8162499999999999 0.38333333281250004 0.8106249999999999 0.4058333328125 0.8106249999999999 0.42083333281249996 0.8331250000000001 0.49833333281250003 0.909375 0.5233333328125 0.923125 0.5266666671875
11 0.57625 0.33166666718750004 0.5818749999999999 0.3325 0.5806250000000001 0.3233333328125 0.583125 0.3125 0.588125 0.31 0.59375 0.2558333328125 0.553125 0.25833333281250004 0.54875 0.305 0.54875 0.3225 0.5675 0.3175 0.5743750000000001 0.32125 0.57625 0.33166666718750004
11 0.615 0.2483333328125 0.6125 0.25 0.6118750000000001 0.2608333328125 0.61 0.2991666671875 0.65625 0.2941666671875 0.66125 0.2475 0.615 0.2483333328125
11 0.7056250000000001 0.2391666671875 0.6837500000000001 0.2416666671875 0.6793750000000001 0.275 0.6793750000000001 0.28500000000000003 0.69375 0.2866666671875 0.6993750000000001 0.2791666671875 0.7056250000000001 0.2391666671875
11 0.73125 0.2683333328125 0.739375 0.2366666671875 0.724375 0.2366666671875 0.71875 0.25166666718749997 0.7150000000000001 0.2741666671875 0.719375 0.2858333328125 0.7306250000000001 0.2841666671875 0.73125 0.2683333328125
1 0.87625 0.5516666671875 0.883125 0.54 0.88125 0.5349999999999999 0.84375 0.52 0.8400000000000001 0.52 0.8331250000000001 0.5291666671875 0.8324999999999999 0.5333333328125 0.83625 0.5375 0.8699999999999999 0.5525 0.87625 0.5516666671875
10 0.50625 0.4375 0.499375 0.4341666671875 0.490625 0.43666666718749997 0.490625 0.4525 0.50125 0.45499999999999996 0.5075000000000001 0.4516666671875 0.50625 0.4375
13 0.47062499999999996 0.3483333328125 0.473125 0.335 0.468125 0.31 0.46312499999999995 0.31083333281250003 0.46125 0.3375 0.46375 0.3533333328125 0.46624999999999994 0.3541666671875 0.47062499999999996 0.3483333328125
6 0.9199999999999999 0.3983333328125 0.91875 0.3891666671875 0.9043749999999999 0.3775 0.795625 0.36583333281249997 0.795625 0.3716666671875 0.8006249999999999 0.38166666718750003 0.913125 0.4 0.9199999999999999 0.3983333328125