12 0.389791875 0.7875 0.393125 0.7983333328125 0.38625 0.8074999999999999 0.3875 0.82 0.393125 0.8266666671875 0.396875 0.8266666671875 0.414375 0.8099999999999999 0.42062499999999997 0.7991666671875 0.42625 0.8033333328125 0.42625 0.8141666671875001 0.42312500000000003 0.8241666671875001 0.42437500000000006 0.8400000000000001 0.43562500000000004 0.8441666671875 0.440625 0.8366666671875 0.44625000000000004 0.8366666671875 0.44875 0.8283333328125 0.44749999999999995 0.8166666671874999 0.44312500000000005 0.8083333328125001 0.449375 0.8008333328124999 0.458125 0.8016666671875001 0.45875000000000005 0.7945833328125 0.46312499999999995 0.7875 0.47437500000000005 0.7858333328125 0.48562500000000003 0.76 0.491875 0.7308333328125001 0.491875 0.7091666671875 0.48687500000000006 0.6875 0.45625 0.6875 0.4525 0.6799999999999999 0.464375 0.6525000000000001 0.4625 0.635 0.4575 0.6291666671875 0.43062500000000004 0.6283333328125 0.421875 0.6266666671875 0.415625 0.6216666671875 0.393125 0.62 0.379375 0.5875 0.37374999999999997 0.5858333328125 0.34375 0.6208333328125 0.335625 0.6391666671875 0.335625 0.6483333328125 0.3775 0.7858333328125 0.37875000000000003 0.7883333328125001 0.389791875 0.7875
9 0.35812499999999997 0.6041666671875 0.375625 0.5883333328125 0.38687499999999997 0.6075 0.39125 0.6266666671875 0.39625 0.6358333328125 0.396875 0.6458333328125 0.40125 0.6491666671874999 0.579375 0.6491666671874999 0.6012500000000001 0.6241666671874999 0.6012500000000001 0.615 0.589375 0.5766666671875 0.584375 0.5691666671875 0.576875 0.5716666671875 0.56875 0.5549999999999999 0.5118750000000001 0.5525 0.49375 0.5558333328125 0.350625 0.5583333328125 0.311875 0.5974999999999999 0.30062500000000003 0.6166666671875001 0.299375 0.6266666671875 0.3025 0.63 0.339375 0.63 0.35812499999999997 0.6041666671875
9 0.37312500000000004 0.5375 0.38625 0.5158333328125 0.40062499999999995 0.505 0.409375 0.4916666671875 0.40625 0.4891666671875 0.38687499999999997 0.49416666718749996 0.380625 0.48666666718749996 0.378125 0.47416666718749995 0.356875 0.47583333281250006 0.320625 0.49833333281250003 0.315625 0.5066666671875 0.315625 0.515 0.305625 0.5241666671874999 0.2975 0.5291666671875 0.276875 0.53 0.26437499999999997 0.5383333328125001 0.26437499999999997 0.5491666671875 0.26937500000000003 0.5549999999999999 0.37124999999999997 0.5558333328125 0.37312500000000004 0.5375
4 0.678125 0.5541666671875001 0.67625 0.5633333328125001 0.66875 0.5716666671875 0.6681250000000001 0.5825 0.6837500000000001 0.5991666671875 0.694375 0.5974999999999999 0.694375 0.5683333328125 0.7056250000000001 0.5591666671875 0.70625 0.5433333328125001 0.7150000000000001 0.525 0.714375 0.505 0.688125 0.4791666671875 0.675 0.4441666671875 0.6743750000000001 0.4183333328125 0.671875 0.41333333281250006 0.661875 0.41 0.6537499999999999 0.4125 0.630625 0.45416666718750004 0.63125 0.48166666718749995 0.6487499999999999 0.5125 0.67375 0.5441666671875 0.678125 0.5541666671875001
0 0.634375 0.5308333328125 0.645 0.5183333328125 0.6443749999999999 0.5058333328125 0.63875 0.4966666671875 0.630625 0.4916666671875 0.6168750000000001 0.4891666671875 0.588125 0.4966666671875 0.5743750000000001 0.51 0.5743750000000001 0.5158333328125 0.585 0.5225 0.629375 0.5316666671875 0.634375 0.5308333328125
12 0.6756249999999999 0.6275000000000001 0.678125 0.6383333328125 0.6756249999999999 0.6458333328125 0.68625 0.64 0.7 0.6433333328125 0.713125 0.6583333328125 0.716875 0.6758333328125 0.72375 0.6799999999999999 0.7268749999999999 0.6716666671875 0.72 0.6575 0.7275 0.6508333328125 0.73 0.6541666671875 0.735 0.6541666671875 0.7368750000000001 0.645 0.7306250000000001 0.6358333328125 0.711875 0.6316666671875 0.714375 0.605 0.72375 0.6058333328125001 0.72875 0.5958333328125 0.73 0.585 0.73875 0.5766666671875 0.743125 0.5466666671875 0.7581249999999999 0.5158333328125 0.753125 0.5066666671875 0.744375 0.49916666718749997 0.72875 0.5266666671875 0.6900000000000001 0.5216666671875 0.6825 0.5283333328125 0.676875 0.5425 0.6743750000000001 0.5433333328125001 0.67875 0.5508333328125 0.6756249999999999 0.6275000000000001
12 0.673125 0.5974999999999999 0.6756249999999999 0.5591666671875 0.666875 0.5583333328125 0.6599999999999999 0.5650000000000001 0.658125 0.5700000000000001 0.659375 0.5825 0.6637500000000001 0.5925 0.673125 0.5974999999999999
12 0.26437499999999997 0.6416666671875 0.25125000000000003 0.6458333328125 0.24625 0.6516666671875 0.24375 0.6591666671875 0.24500000000000002 0.6708333328125 0.253125 0.6708333328125 0.253125 0.6666666671875 0.26749999999999996 0.65 0.27125 0.6595833328125 0.270625 0.67 0.27937500000000004 0.6708333328125 0.27875 0.6566666671875 0.284375 0.6483333328125 0.29375 0.6441666671874999 0.29625 0.6358333328125 0.291875 0.63 0.288125 0.6083333328125 0.2925 0.6025 0.299375 0.6 0.30125 0.5933333328125 0.31437499999999996 0.5808333328125 0.32 0.5716666671875 0.320625 0.5641666671875 0.263125 0.5608333328125 0.26125 0.5700000000000001 0.24874999999999997 0.5816666671874999 0.24500000000000002 0.5925 0.24625 0.6008333328125001 0.26375000000000004 0.5991666671875 0.268125 0.6266666671875 0.26437499999999997 0.6416666671875
12 0.259375 0.5549999999999999 0.26749999999999996 0.5516666671875 0.2625 0.5425 0.2575 0.52 0.2475 0.5 0.24312499999999998 0.49916666718749997 0.21625 0.5166666671875 0.215625 0.52 0.226875 0.5391666671875 0.230625 0.5558333328125 0.259375 0.5549999999999999
12 0.32125 0.6658333328125 0.32375 0.6575 0.3225 0.6491666671874999 0.311875 0.6408333328125 0.304375 0.6391666671875 0.304375 0.6441666671874999 0.315 0.6508333328125 0.313125 0.6633333328125001 0.32125 0.6658333328125
12 0.31437499999999996 0.515 0.313125 0.5091666671875 0.3225 0.4883333328125 0.344375 0.48666666718749996 0.336875 0.4783333328125 0.32937500000000003 0.4783333328125 0.325625 0.4841666671875 0.315625 0.485 0.305625 0.4625 0.27375 0.475 0.28250000000000003 0.4966666671875 0.28250000000000003 0.5083333328124999 0.28625 0.5216666671875 0.31437499999999996 0.515
11 0.43125 0.4491666671875 0.429375 0.4141666671875 0.40374999999999994 0.4183333328125 0.40062499999999995 0.41916666718749995 0.40062499999999995 0.4233333328125 0.40437500000000004 0.4566666671875 0.43125 0.4491666671875
11 0.399375 0.4658333328125 0.39875 0.43499999999999994 0.395 0.42750000000000005 0.38375 0.43583333281250003 0.38375 0.48250000000000004 0.385625 0.48333333281249996 0.3975 0.47416666718749995 0.399375 0.4658333328125
11 0.5775 0.4691666671875 0.583125 0.47083333281249995 0.58125 0.44000000000000006 0.579375 0.4291666671875 0.5775 0.4291666671875 0.5743750000000001 0.43333333281249997 0.56875 0.4341666671875 0.571875 0.43833333281250003 0.5775 0.4691666671875
11 0.44437499999999996 0.4016666671875 0.43499999999999994 0.40416666718750005 0.43499999999999994 0.4341666671875 0.44125 0.43583333281250003 0.445 0.4258333328125 0.44437499999999996 0.4016666671875
11 0.458125 0.395 0.453125 0.3958333328125 0.45062499999999994 0.40416666718750005 0.45 0.42416666718749996 0.45187499999999997 0.42416666718749996 0.458125 0.42083333281249996 0.458125 0.395
11 0.5650000000000001 0.40083333281250005 0.564375 0.4216666671875 0.569375 0.4291666671875 0.5700000000000001 0.4033333328125 0.5650000000000001 0.40083333281250005
13 0.58 0.5691666671875 0.5806250000000001 0.5358333328125 0.576875 0.525 0.573125 0.525 0.56875 0.5341666671875 0.568125 0.5708333328124999 0.5706249999999999 0.5741666671875 0.5775 0.5741666671875 0.58 0.5691666671875