2 0.3675 0.4583333328125 0.3675 0.34249999999999997 0.29874999999999996 0.3408333328125 0.308125 0.4841666671875 0.315625 0.4841666671875 0.32125 0.45499999999999996 0.3675 0.4583333328125
2 0.19624999999999998 0.4716666671875 0.18875 0.395 0.18875 0.3891666671875 0.195625 0.3775 0.191875 0.3416666671875 0.13 0.33999999999999997 0.138125 0.4108333328125 0.148125 0.47083333281249995 0.179375 0.47416666718749995 0.19624999999999998 0.4716666671875
9 0.3675 0.615 0.364375 0.6191666671875 0.405625 0.6483333328125 0.43375 0.6483333328125 0.48312499999999997 0.6725 0.50625 0.6766666671875 0.516875 0.6858333328125 0.52625 0.6825 0.536875 0.6625 0.54375 0.6566666671875 0.559375 0.6758333328125 0.5675 0.6908333328125 0.583125 0.6983333328125 0.6443749999999999 0.7066666671874999 0.7150000000000001 0.7108333328125 0.756875 0.72 0.76125 0.7191666671875 0.76875 0.7066666671874999 0.766875 0.67 0.76 0.6633333328125001 0.743125 0.6599999999999999 0.7306250000000001 0.6483333328125 0.7268749999999999 0.6208333328125 0.716875 0.61 0.70875 0.5908333328125 0.7006249999999999 0.5841666671875 0.681875 0.5816666671874999 0.671875 0.605 0.67 0.6183333328125 0.661875 0.6224999999999999 0.6487499999999999 0.6224999999999999 0.626875 0.6191666671875 0.61125 0.6091666671875 0.6068749999999999 0.5833333328125 0.59875 0.5733333328125 0.5549999999999999 0.5733333328125 0.5475 0.5766666671875 0.5443749999999999 0.5816666671874999 0.5443749999999999 0.6008333328125001 0.5393749999999999 0.6224999999999999 0.525625 0.6308333328125 0.5125 0.6316666671875 0.47000000000000003 0.6241666671874999 0.45375 0.6091666671875 0.4575 0.5958333328125 0.459375 0.5708333328124999 0.42750000000000005 0.5616666671874999 0.385625 0.5675 0.3775 0.5733333328125 0.37625000000000003 0.5900000000000001 0.38687499999999997 0.6008333328125001 0.380625 0.6108333328125 0.3675 0.615
11 0.828125 0.5025000000000001 0.8237500000000001 0.495 0.813125 0.48666666718749996 0.79875 0.48250000000000004 0.70375 0.4766666671875 0.6912499999999999 0.4766666671875 0.68875 0.48666666718749996 0.684375 0.5733333328125 0.8025 0.5866666671874999 0.82125 0.5858333328125 0.828125 0.5025000000000001
11 0.866875 0.4883333328125 0.87625 0.42833333281249997 0.8731249999999999 0.425 0.7837500000000001 0.4175 0.78125 0.42000000000000004 0.7775000000000001 0.4491666671875 0.77625 0.47583333281250006 0.80375 0.48250000000000004 0.8643750000000001 0.49000000000000005 0.866875 0.4883333328125
11 0.6331249999999999 0.4141666671875 0.63125 0.4216666671875 0.629375 0.4691666671875 0.7025 0.4725 0.7075 0.4183333328125 0.6331249999999999 0.4141666671875
0 0.45187499999999997 0.6016666671875 0.45437500000000003 0.6041666671875 0.4575 0.6233333328125 0.46312499999999995 0.6283333328125 0.528125 0.6383333328125 0.536875 0.635 0.545 0.6183333328125 0.54875 0.5683333328125 0.5431250000000001 0.5625 0.49749999999999994 0.5558333328125 0.48312499999999997 0.5566666671875 0.46687500000000004 0.5700000000000001 0.45875000000000005 0.5816666671874999 0.429375 0.5816666671874999 0.426875 0.5858333328125 0.42000000000000004 0.5866666671874999 0.41312499999999996 0.595 0.415625 0.6 0.425625 0.5966666671875 0.436875 0.6016666671875 0.45187499999999997 0.6016666671875
6 0.659375 0.6 0.67 0.6066666671875 0.670625 0.6025 0.676875 0.5974999999999999 0.67625 0.5933333328125 0.6693749999999999 0.5875 0.6575 0.5691666671875 0.63 0.5441666671875 0.610625 0.5441666671875 0.5962500000000001 0.55 0.6025 0.5650000000000001 0.625 0.5958333328125 0.63375 0.6033333328125 0.659375 0.6
12 0.304375 0.7625 0.30625 0.7858333328125 0.31437499999999996 0.8058333328125 0.348125 0.86 0.378125 0.8891666671875 0.37374999999999997 0.9016666671875001 0.3525 0.905 0.336875 0.9141666671875001 0.32875 0.93 0.32375 0.95 0.32437499999999997 0.96 0.335625 0.9625 0.34125 0.9558333328125 0.38375 0.9783333328125 0.378125 0.9991666671875 0.38875000000000004 0.9991666671875 0.40875000000000006 0.9375 0.41125 0.9333333328125001 0.42125 0.9316666671875 0.42874999999999996 0.9233333328125 0.433125 0.9233333328125 0.46187500000000004 0.9533333328125 0.47625 0.9741666671875 0.476875 0.9991666671875 0.49437499999999995 0.9991666671875 0.48687500000000006 0.9666666671874999 0.45062499999999994 0.9233333328125 0.458125 0.9141666671875001 0.465 0.89 0.46875 0.8891666671875 0.47750000000000004 0.8958333328125001 0.48375 0.8875 0.48562500000000003 0.8716666671875 0.48375 0.8541666671874999 0.49000000000000005 0.825 0.4925 0.8150000000000001 0.506875 0.7875 0.5025000000000001 0.7775000000000001 0.501875 0.7575000000000001 0.49749999999999994 0.7433333328125 0.48624999999999996 0.7383333328125 0.47437500000000005 0.7458333328125 0.45062499999999994 0.7308333328125001 0.3875 0.7116666671874999 0.3775 0.7008333328125 0.37687499999999996 0.6808333328125 0.364375 0.67 0.353125 0.6725 0.305625 0.7116666671874999 0.301875 0.7116666671874999 0.29625 0.7041666671875 0.29312499999999997 0.6791666671875001 0.289375 0.6783333328125 0.28500000000000003 0.6858333328125 0.268125 0.6825 0.26749999999999996 0.6891666671875 0.27125 0.6983333328125 0.2975 0.7366666671875 0.304375 0.7625
3 0.380625 0.6108333328125 0.39249999999999996 0.6025 0.39625 0.595 0.390625 0.5841666671875 0.379375 0.5866666671874999 0.37687499999999996 0.5825 0.36875 0.5816666671874999 0.359375 0.5983333328125 0.35812499999999997 0.6075 0.36375 0.5974999999999999 0.370625 0.6083333328125 0.380625 0.6108333328125
13 0.36625 0.4916666671875 0.36062500000000003 0.4925 0.359375 0.49833333281250003 0.36124999999999996 0.5466666671875 0.3725 0.55 0.370625 0.5008333328125001 0.36625 0.4916666671875
1 0.425 0.5608333328125 0.41187500000000005 0.5599999999999999 0.40499999999999997 0.5633333328125001 0.40062499999999995 0.5666666671875 0.401875 0.5708333328124999 0.41624999999999995 0.5725 0.425 0.5608333328125