9 0.384375 0.5783333328125 0.553125 0.725 0.5700000000000001 0.7341666671875 0.58125 0.7291666671875 0.5912499999999999 0.7183333328125 0.6174999999999999 0.6725 0.62 0.6583333328125 0.6275000000000001 0.6491666671874999 0.6331249999999999 0.6291666671875 0.64375 0.6075 0.66125 0.5866666671874999 0.66125 0.5808333328125 0.6537499999999999 0.5716666671875 0.631875 0.5558333328125 0.6224999999999999 0.545 0.621875 0.5166666671875 0.496875 0.45 0.40499999999999997 0.40499999999999997 0.390625 0.40499999999999997 0.368125 0.4125 0.35625 0.42083333281249996 0.27937500000000004 0.4525 0.273125 0.45999999999999996 0.27375 0.47083333281249995 0.28500000000000003 0.4841666671875 0.356875 0.5475 0.384375 0.5783333328125
0 0.6799999999999999 0.63 0.6837500000000001 0.6358333328125 0.69625 0.6325000000000001 0.714375 0.6033333328125 0.74 0.5766666671875 0.755 0.5575 0.76125 0.545 0.7537499999999999 0.5216666671875 0.735 0.5033333328125 0.7125 0.4875 0.6875 0.4808333328125 0.671875 0.48333333281249996 0.6425 0.49583333281249997 0.629375 0.505 0.61625 0.5283333328125 0.6168750000000001 0.5375 0.6224999999999999 0.55 0.67375 0.5958333328125 0.6799999999999999 0.63
12 0.155 0.6799999999999999 0.14750000000000002 0.6983333328125 0.14875 0.7058333328125 0.19 0.7266666671875 0.2125 0.7341666671875 0.215625 0.74 0.2125 0.7508333328125001 0.21375000000000002 0.7658333328125 0.24937499999999999 0.7849999999999999 0.24312499999999998 0.8066666671875 0.24500000000000002 0.8158333328125 0.25625 0.8158333328125 0.2725 0.795 0.30625 0.8041666671875 0.313125 0.8108333328124999 0.28500000000000003 0.8775000000000001 0.27875 0.9191666671875 0.27875 0.9275 0.28250000000000003 0.9333333328125001 0.291875 0.9316666671875 0.30125 0.9183333328125001 0.30062500000000003 0.9058333328125 0.29500000000000004 0.8966666671875 0.29500000000000004 0.8858333328124999 0.299375 0.8691666671875 0.321875 0.8133333328125 0.3325 0.8099999999999999 0.343125 0.795 0.350625 0.7966666671875 0.38 0.8291666671875 0.380625 0.8400000000000001 0.3775 0.8533333328125 0.380625 0.8591666671875 0.390625 0.8591666671875 0.398125 0.85 0.4 0.8383333328125 0.39625 0.8283333328125 0.36312500000000003 0.7958333328125 0.39187500000000003 0.7483333328125 0.399375 0.7508333328125001 0.40374999999999994 0.7441666671875 0.40437500000000004 0.7241666671875 0.4 0.7208333328125 0.393125 0.7233333328125 0.388125 0.7233333328125 0.3875 0.7208333328125 0.4025 0.6783333328125 0.41 0.6425 0.409375 0.6333333328124999 0.4025 0.6283333328125 0.38 0.6224999999999999 0.32125 0.61 0.313125 0.6108333328125 0.305 0.6033333328125 0.29562499999999997 0.5549999999999999 0.285625 0.5241666671874999 0.256875 0.47583333281250006 0.24937499999999999 0.475 0.1925 0.515 0.14875 0.5508333328125 0.10375000000000001 0.5933333328125 0.10500000000000001 0.6033333328125 0.141875 0.6525000000000001 0.15437499999999998 0.6741666671875 0.155 0.6799999999999999
4 0.9324999999999999 0.45583333281250005 0.93125 0.4625 0.90625 0.4733333328125 0.890625 0.4716666671875 0.8487500000000001 0.47583333281250006 0.846875 0.4841666671875 0.8525 0.48666666718749996 0.8456250000000001 0.5158333328125 0.8237500000000001 0.5075000000000001 0.8237500000000001 0.5308333328125 0.85625 0.5483333328125 0.8949999999999999 0.6016666671875 0.896875 0.6566666671875 0.8800000000000001 0.6883333328125001 0.883125 0.7033333328125 0.8943749999999999 0.7075 0.936875 0.7466666671875 0.969375 0.7458333328125 0.999375 0.7325 0.999375 0.3433333328125 0.9818749999999999 0.3408333328125 0.9643750000000001 0.3441666671875 0.9337500000000001 0.35750000000000004 0.9199999999999999 0.3675 0.915625 0.3783333328125 0.914375 0.4066666671875 0.909375 0.4266666671875 0.9324999999999999 0.45583333281250005
8 0.8400000000000001 0.5525 0.8481249999999999 0.5491666671875 0.849375 0.5458333328125 0.844375 0.54 0.8318749999999999 0.5341666671875 0.8375 0.5141666671875 0.846875 0.5158333328125 0.845 0.49583333281249997 0.8425 0.49083333281249997 0.7775000000000001 0.4691666671875 0.76375 0.41333333281250006 0.760625 0.40833333281249995 0.7537499999999999 0.4291666671875 0.750625 0.4516666671875 0.76875 0.525 0.8150000000000001 0.54 0.8400000000000001 0.5525
9 0.36062500000000003 0.3891666671875 0.3875 0.4016666671875 0.40812499999999996 0.4033333328125 0.42312500000000003 0.4 0.434375 0.3908333328125 0.453125 0.385 0.46375 0.3775 0.485 0.37333333281250003 0.526875 0.3408333328125 0.5237499999999999 0.34249999999999997 0.5131249999999999 0.3333333328125 0.51 0.3158333328125 0.5037499999999999 0.3075 0.48 0.3133333328125 0.47125000000000006 0.32 0.449375 0.3283333328125 0.39249999999999996 0.34249999999999997 0.374375 0.355 0.34187500000000004 0.365 0.340625 0.36833333281249997 0.343125 0.3725 0.35375 0.38 0.36062500000000003 0.3891666671875
11 0.516875 0.25916666718750003 0.5131249999999999 0.32 0.551875 0.3075 0.5575 0.25 0.516875 0.25916666718750003
11 0.57625 0.24333333281249997 0.57375 0.2925 0.61875 0.2883333328125 0.623125 0.24 0.57625 0.24333333281249997
11 0.66625 0.22916666718749998 0.646875 0.2316666671875 0.641875 0.2575 0.64 0.2741666671875 0.655625 0.2741666671875 0.6625 0.2633333328125 0.66625 0.22916666718749998
11 0.689375 0.2708333328125 0.6900000000000001 0.2541666671875 0.69875 0.225 0.6837500000000001 0.2258333328125 0.6756249999999999 0.2483333328125 0.67375 0.2633333328125 0.6793750000000001 0.2666666671875 0.680625 0.2725 0.689375 0.2708333328125
7 0.4725 0.4608333328125 0.465 0.4566666671875 0.45625 0.45999999999999996 0.45875000000000005 0.47750000000000004 0.471875 0.4783333328125 0.47437500000000005 0.47583333281250006 0.4725 0.4608333328125
1 0.8025 0.5808333328125 0.809375 0.5683333328125 0.77625 0.5475 0.77125 0.5491666671875 0.7675 0.5566666671875 0.766875 0.5625 0.771875 0.5683333328125 0.798125 0.5816666671874999 0.8025 0.5808333328125
13 0.43937499999999996 0.3291666671875 0.43187499999999995 0.3125 0.42874999999999996 0.3133333328125 0.42437500000000006 0.3225 0.429375 0.3541666671875 0.433125 0.3541666671875 0.43624999999999997 0.3516666671875 0.43937499999999996 0.3291666671875