0 0.7808485859375 0.8141341796875 0.8007998671875001 0.8121585281250001 0.8211900703125 0.8045006765625 0.8351071843750001 0.788085921875 0.8433825109375 0.7628319453125 0.8627499296875 0.6450067640625 0.85863995625 0.6341362796875 0.8522540609375 0.62662379375 0.8302507390624999 0.6112599140625 0.820321640625 0.6009656609375 0.7720653921875 0.59321365625 0.75881108125 0.583248678125 0.75767459375 0.5789755328124999 0.7703214796875 0.568325296875 0.773998421875 0.5610694031250001 0.78270678125 0.5539418078125 0.787171428125 0.5459813859375 0.7959669828125 0.5400982078125 0.7996439234375 0.5328423140625 0.8090527921874999 0.5237657734375001 0.8155724265625001 0.52124059375 0.8235337328125001 0.5273440234375 0.827733846875 0.5275546375 0.8300969640625 0.5254410546875 0.8329891453125 0.5069854 0.8283530515624999 0.5005526953125 0.810459703125 0.4960593015625 0.7962839484375 0.4968365125 0.7783004578125 0.5030029921875 0.7622411625 0.512738084375 0.7554134 0.5228120890625 0.7290703328125 0.5410838359375 0.7127058515625 0.5464634671875 0.652064303125 0.5530949515625 0.6267734734375 0.562491134375 0.620559025 0.569371775 0.6098333874999999 0.595494915625 0.6125859375 0.610885503125 0.612219484375 0.6773335671875 0.6151028296875001 0.6945907796874999 0.631153290625 0.7205685546875 0.6613765609375 0.7576734046875 0.675767359375 0.771911528125 0.695145978125 0.7856557359375 0.718463125 0.79587730625 0.7281306359374999 0.8024383078125 0.7564792015624999 0.8127881734375 0.7808485859375 0.8141341796875
12 0.291823009375 0.33377126874999996 0.2532778703125 0.333202475 0.243389425 0.3354347171875 0.24752532500000002 0.4183531484375 0.24883620468749998 0.425115128125 0.2522922109375 0.42665247968750003 0.2933748578125 0.42759652812500004 0.3149451484375 0.4248340296875 0.31168709375 0.33055119843749997 0.30551918906250003 0.326149759375 0.30044417343749996 0.32539925468750003 0.2975549375 0.3319506203125 0.291823009375 0.33377126874999996
12 0.455136125 0.3827581 0.4536508546875 0.37350728437499997 0.4378124921875 0.374449134375 0.4189977 0.38069793125 0.4031593375 0.3816397796875 0.40189794687499997 0.35169143125 0.3904370359375 0.3434284421875 0.387158365625 0.33247563750000003 0.38028995 0.3300231421875 0.3728082203125 0.3307640125 0.370706690625 0.33661085 0.3721483625 0.3452394578125 0.3794091578125 0.35329183125 0.38098162343749997 0.363787065625 0.3774236953125 0.42052674218749997 0.3806151703125 0.430235128125 0.376106925 0.43757334062500003 0.37724341250000004 0.44184648437499996 0.3825364171875 0.44570803281250004 0.3958372734375 0.44439093124999995 0.40249948125 0.3961152234375 0.41916914531250005 0.39509105624999996 0.4219711859375 0.38729527343750003 0.42713339687499996 0.3892901953125 0.4530345953125 0.38860493749999997 0.455136125 0.3827581
12 0.286619565625 0.49843639531250006 0.23840396875 0.5032108890625 0.24254870468749998 0.5504164515625 0.24206029375 0.5792850203125 0.2425834671875 0.586751528125 0.24520817031250003 0.5883711984375 0.30431790468750003 0.583770978125 0.3174879671875 0.58058725 0.31602036718750004 0.49991069843749997 0.3101140484375 0.49924251249999996 0.30814625625000003 0.4950516875 0.2910842125 0.490475975 0.286619565625 0.49843639531250006
12 0.42762122812500003 0.5396081749999999 0.44752891093749997 0.5370103125 0.44744466093749996 0.52386160625 0.4176921296875 0.5293139203125 0.415416209375 0.532671921875 0.389733 0.5364682234375 0.386320590625 0.53555308125 0.382998321875 0.5239780671875 0.37149086875 0.526997159375 0.3702931109375 0.593527540625 0.3737927171875 0.5956870999999999 0.38044314218749997 0.59502855 0.3851693765625 0.5908013828125 0.38636124375 0.5480795796875 0.40377501718750003 0.545728675 0.40662065312499995 0.5385551000000001 0.41659629374999996 0.537567275 0.4192645953125 0.5398091546875 0.42762122812500003 0.5396081749999999
11 0.314247003125 0.59406523125 0.306721675 0.5941838921875 0.2596425671875 0.6032315296874999 0.238028678125 0.6053718203125 0.22743972499999998 0.609553009375 0.2197370609375 0.6190871234374999 0.22007700625 0.6597776625 0.224570525 0.7119608984375 0.2293374109375 0.720260228125 0.27562881250000004 0.71191711875 0.3133455953125 0.7006639453125 0.325818090625 0.6875248734375 0.32485893906249996 0.673836275 0.3290184015625 0.6615203921874999 0.3220339171875 0.5976798249999999 0.314247003125 0.59406523125
11 0.3159060828125 0.7849914296875 0.30833715625 0.78448788125 0.2819534390625 0.7902331296875 0.2301045 0.802885725 0.2244597671875 0.8059507921875 0.24000708906249998 0.9203185812499999 0.2540520515625 0.9176747437499999 0.2662164171875 0.9120844984375 0.2778982625 0.9115542421875 0.32966000625 0.8976572296875001 0.329183375 0.8789086421875 0.3247711625 0.8517784046875001 0.3219284703125 0.8470476874999999 0.3159060828125 0.7849914296875
5 0.5075458234375 0.177732753125 0.524673196875 0.11472864062499999 0.518414221875 0.11147649687500001 0.5021871640625 0.1750367765625 0.5075458234375 0.177732753125
10 0.5539631953125 0.26219451718750003 0.5631044078125 0.2696785046875 0.5812565171874999 0.25820118281250004 0.589819103125 0.23282979531249998 0.5800252593749999 0.22476448593749998 0.5580674390625 0.23468332187500002 0.549596825 0.24907450468749998 0.5539631953125 0.26219451718750003
13 0.647667396875 0.2872567203125 0.6428569140625 0.2783351796875 0.6348956078125 0.2722317515625 0.623914271875 0.2708130609375 0.50648250625 0.2793089734375 0.4977305515625 0.2858143625 0.49545168281249996 0.301076653125 0.5005237546875 0.313731446875 0.52016690625 0.3193046203125 0.5839999296875 0.322381521875 0.61073243125 0.321613946875 0.6336571984375 0.3262356359375 0.6386014203125 0.3251195140625 0.6465220734375 0.31869644531249997 0.6494113078125 0.3121450796875 0.647667396875 0.2872567203125
1 0.66250105625 0.3976753859375 0.6611433109375 0.43904528281250005 0.696302603125 0.4397469921875 0.7035683546875 0.3954018640625 0.6780855 0.39613215468749996 0.66250105625 0.3976753859375
7 0.5394901375 0.2060693609375 0.52731011875 0.214446690625 0.5273496015625 0.226395021875 0.535690296875 0.231545528125 0.542907340625 0.2206717453125 0.5547962140625 0.208139303125 0.556445040625 0.194529525 0.5332782921875 0.1971224390625 0.5394901375 0.2060693609375
9 0.5202427640625 0 0.508125659375 0.0041012671874999995 0.49552236875 0.015373712500000001 0.47688196875 0.02411134375 0.45513139531249996 0.0481935875 0.4227105640625 0.0514040203125 0.412909315625 0.054880682812500005 0.3910308953125 0.0651920078125 0.3816656234375 0.0748907609375 0.36398731875 0.0854127 0.3574211421875 0.09921995781250001 0.357069415625 0.10614657499999999 0.362463759375 0.23091764375 0.358647190625 0.272019778125 0.36082708124999996 0.3031302265625 0.36450107656249997 0.307778621875 0.37985691718750003 0.3118967640625 0.39320136875 0.311201871875 0.43279580156249997 0.31479939218749997 0.471210146875 0.3135015609375 0.48735369375 0.316915175 0.50074174375 0.316842490625 0.5238002484375001 0.31142651875 0.5094065046875 0.3090926859375 0.5058197046874999 0.3056887078125 0.50529653125 0.29822219843750003 0.5122114890625 0.28939261250000003 0.517068515625 0.2870320734375 0.546164134375 0.2841509140625 0.5837035796875 0.2823131921875 0.606497553125 0.28506825468749997 0.6190107015625 0.28445568125 0.641496546875 0.29475956875 0.6488474828124999 0.2921520734375 0.6532685328125 0.28356944375 0.6551114203124999 0.2620850640625 0.6617241390624999 0.23699572500000002 0.6694880750000001 0.156658084375 0.6756212171875 0.1247244484375 0.6769409328125 0.0957735609375 0.6825915546875 0.0688999140625 0.684789115625 0.028584628125 0.689518296875 0.012453171875 0.690065625 0 0.5202427640625 0
9 0.368390115625 0.32744235312500003 0.36861105 0.318649109375 0.3643673375 0.3178162859375 0.36051895 0.310679053125 0.35710654062499997 0.3097639109375 0.3254734140625 0.3122698171875 0.316724403125 0.30687091718750004 0.313399190625 0.3072001921875 0.311954571875 0.3104758734375 0.311117378125 0.33436677187499997 0.316508778125 0.471042128125 0.31913053750000003 0.4845660890625 0.36221868281249997 0.51413175 0.3672501015625 0.5142600453124999 0.372022878125 0.498750796875 0.3705611703125 0.3942656703125 0.36427130625 0.352284734375 0.365064903125 0.3277716296875 0.36659671562499996 0.3257403640625 0.368390115625 0.32744235312500003
9 0.49325354062500004 0.5205784859375 0.49268677031249997 0.5124897703125 0.48909997031249997 0.509085790625 0.4518221109375 0.5146567656250001 0.4480143765625 0.5200460328125 0.44817993125 0.5582477359375 0.441058184375 0.6955356671875 0.44538025625 0.7333257765625001 0.4504988703125 0.734698490625 0.464500234375 0.7314324421875 0.47797547968750004 0.732604178125 0.48156522500000004 0.724103865625 0.482443071875 0.7127394671875 0.48495759843749997 0.6291624859375 0.4915821 0.5564559921875001 0.49325354062500004 0.5205784859375
9 0.3676766625 0.7353815484374999 0.370609496875 0.72945239375 0.3688219875 0.7039418265624999 0.3727316421875 0.64027553125 0.37083395625 0.5295683140625 0.36895336093750003 0.5266219046875 0.36304704062500004 0.5259537187500001 0.35521652812500004 0.5217169171875 0.33124541406249997 0.5021622125 0.319040396875 0.495225959375 0.31536345468750004 0.502481853125 0.315622096875 0.5181193953125 0.3186680515625 0.5854826015625 0.3228652203125 0.59759750625 0.32302783125 0.6477034984375 0.3265710328125 0.6504852671875 0.3332214609375 0.6498267171875 0.3371599890625 0.646304078125 0.335860890625 0.5919249421874999 0.339098909375 0.5903512484375 0.346403303125 0.5990258328125 0.3485425390625 0.6176097828125 0.355408009375 0.631966565625 0.360259146875 0.653414603125 0.354916653125 0.6727394234374999 0.344632884375 0.6812760765625 0.341920984375 0.6784119875 0.3390376390625 0.661154775 0.3346195359375 0.6578331140625 0.32464389531250004 0.6588209421875 0.3211413453125 0.66856566875 0.3241554828125 0.6876895109375 0.3267801859375 0.6893091796874999 0.335093221875 0.6884859921875 0.339863053125 0.684881034375 0.34244415781250004 0.6858784953125 0.345722828125 0.6968313015625001 0.3591049875 0.7205671953125 0.36076465 0.7323068453125 0.3676766625 0.7353815484374999
9 0.4537144875 0.4699860171875 0.4502961890625 0.49287945312500003 0.4541881734375 0.5006388937499999 0.48901571875 0.49593708437500006 0.4961486671875 0.49021854375 0.5044157390625 0.3214908890625 0.4931728171875 0.31633894218749997 0.46364122031250005 0.3129980140625 0.4595719 0.314654025 0.4574267734375 0.3198786546875 0.4537144875 0.4699860171875
9 0.439802103125 0.8209652859375 0.434625165625 0.8784918109375001 0.4770652359375 0.8749157562500001 0.4751905296875 0.848160771875 0.47862061093749997 0.7776501796875 0.481774378125 0.762927778125 0.48046350000000004 0.7561658 0.4743827890625 0.7530087765625 0.44222354375000006 0.7599524671875 0.43662240937499996 0.76363974375 0.439802103125 0.8209652859375