9 0.7078647640625 0.20072586874999998 0.70899548125 0.2682064734375 0.714329234375 0.3370340578125 0.7262686859375 0.3466806015625 0.752632609375 0.3941374828125 0.740496321875 0.4063465421875 0.7330508796874999 0.40804697812499996 0.73352370625 0.424296978125 0.7385964484375 0.42691335468749997 0.75509944375 0.421676275 0.7639569546875 0.41126463125 0.7757327359375 0.41528617656250005 0.7948084734374999 0.4126072859375 0.8000267015625001 0.42022366250000004 0.79881788125 0.4645404734375 0.80224214375 0.4677430578125 0.8105936625 0.46856201875 0.8369329890625 0.45793269218750005 0.8389419765625 0.4411158796875 0.802961053125 0.091764603125 0.8000609687500001 0.0779564140625 0.7983215609375 0.075417621875 0.7941730796875001 0.0759456421875 0.7726732890625 0.10979694843750001 0.75733096875 0.1263034234375 0.7542340484375 0.1343508390625 0.7493249765625001 0.1373594640625 0.7393067906249999 0.13650171093750002 0.737206875 0.1501935234375 0.72898265625 0.1537495625 0.725288815625 0.16990258281249998 0.7078647640625 0.20072586874999998
9 0.795 0.0185038296875 0.7241666671875 0.016855165624999998 0.7233878890625001 0.0187107703125 0.7178669203125 0.057930601562499996 0.7348491546875 0.12640473125 0.7399764546875 0.13089610625 0.7585248078125 0.110092215625 0.7911638812499999 0.05838745468749999 0.7965425734375 0.0428982265625 0.795 0.0185038296875
9 0.8541947265625 1 0.76386918125 0.923415503125 0.757999478125 0.92202973125 0.7623309468749999 1 0.8541947265625 1
9 0.8997950171875001 1 0.8960996046874999 0.945855078125 0.8480968687500001 0.49816544531250007 0.84456349375 0.49121286093750005 0.8353968281249999 0.49099950468750003 0.7817029875 0.5059887609375 0.776848471875 0.510872384375 0.7816580484375 0.590305571875 0.7859883859375 0.596027553125 0.795209609375 0.5981159093749999 0.80117024375 0.6026266812500001 0.80390665625 0.6108098703125 0.8087226453125 0.747704265625 0.8062440375 0.77700168125 0.798962265625 0.7843271171875 0.7848137828125 0.784622384375 0.7646682984375001 0.7791568796874999 0.75684095625 0.767732315625 0.7544104921875 0.7414435234375001 0.7506407046875 0.7263659390625 0.745477034375 0.7206245625000001 0.7447560203125 0.7530857703125 0.753593190625 0.885077146875 0.75723568125 0.89577973125 0.799848 0.9292495328125 0.8778967124999999 1 0.8997950171875001 1
4 0.5135140359375 0.8195298765624999 0.5344201109375 0.822514778125 0.55813534375 0.8361828671874999 0.5622656390625 0.8350298468749999 0.5614654703124999 0.8075298468750001 0.5853047953125 0.7968423328124999 0.583522603125 0.7355923328125 0.5766377078125 0.7279371640625001 0.5599346703125 0.72629924375 0.52624083125 0.74175400625 0.5059894390624999 0.7612691046875 0.480410703125 0.7694178265625 0.46836534375000005 0.7847518859375 0.47122905625 0.7973100734375 0.47635635625 0.8018014499999999 0.48813213749999995 0.8058229953125 0.48912914062499996 0.811467390625 0.5135140359375 0.8195298765624999
11 0.7238339140625001 0.60644785 0.7120399468749999 0.6018013046874999 0.682836909375 0.5998724421875 0.5886520578125001 0.5970556890625 0.585391465625 0.5994781046875 0.5830915078125 0.6062949171875001 0.587378040625 0.7249930625000001 0.5836712953125 0.7693229374999999 0.58508656875 0.7893423328125 0.7318987203125 0.7977560375 0.7365713796875 0.7866224140625 0.733643490625 0.6859974140625 0.7283279203124999 0.6177948296875 0.7238339140625001 0.60644785
11 0.7314537484375 0.38177758281249996 0.7287900765625 0.37609439375 0.7194961125 0.3715060375 0.710908178125 0.3625620765625 0.6953775906249999 0.31535734375 0.6901411765625001 0.3071159671875 0.655847209375 0.3019457296875 0.5874229484375 0.297230253125 0.5775502484375 0.3013725015625 0.5768442140625 0.3057281046875 0.5798566187499999 0.35201689687500004 0.5916569968750001 0.41412465000000004 0.7143752250000001 0.42447586875 0.7268388531250001 0.42351680937499997 0.7259659421875 0.393516809375 0.73161741875 0.3874025828125 0.7314537484375 0.38177758281249996
11 0.682870125 0.085846571875 0.6847336265624999 0.064029759375 0.6783333328125 0.015788382812499998 0.5675 0.013208709374999999 0.5668303375 0.0188143125 0.5681033328125 0.0625643125 0.5752973828125 0.08084448125 0.5994458640625 0.0807819671875 0.6162580156249999 0.0861698875 0.6431294390625 0.0842970203125 0.675461053125 0.0887970078125 0.682870125 0.085846571875
11 0.5532883453124999 0.5837410546874999 0.5341034921875 0.5826699468750001 0.51421260625 0.585954440625 0.511006571875 0.59025185625 0.5123009578125 0.6633574609374999 0.514964628125 0.6690406484375 0.5516676671875 0.6711440750000001 0.559094925 0.6688186390624999 0.5622645875 0.6632712234375 0.5601004953125 0.5888962234374999 0.5532883453124999 0.5837410546874999
11 0.5327428249999999 0.0779802828125 0.5127610109375 0.078139778125 0.509482234375 0.07993719375 0.5066217296875 0.096109609375 0.5096523171875 0.14302340156249999 0.5381311375 0.14868286718749998 0.5638735421875001 0.14615914531250002 0.5703401671874999 0.1394393125 0.5711884781250001 0.1113531046875 0.562870125 0.083053540625 0.5327428249999999 0.0779802828125
11 0.5377107125 0.2773358875 0.5152288984375 0.27743719375000003 0.510301640625 0.27982081718749996 0.5064259437499999 0.2897238375 0.5105626515624999 0.346032025 0.5139687281249999 0.348609609375 0.5489323578125 0.34817424375 0.553659571875 0.3389156203125 0.5536895296875 0.2827044125 0.5494319359375 0.27948243125 0.5377107125 0.2773358875
6 0.7812098203125 0.63214178125 0.7743067406249999 0.6238616125 0.7634734062499999 0.6236094640625 0.74610070625 0.627577146875 0.7412098203124999 0.6312107703125001 0.751507203125 0.6989047312500001 0.7568045859375 0.766482315625 0.7638167796875 0.7785124828125001 0.7981834875 0.786182721875 0.8006471156250001 0.784990909375 0.8001197328125 0.766865909375 0.7812098203125 0.63214178125
6 0.7856963640625 0.4142689296875 0.7199753515625 0.44521724531249995 0.7153754343750001 0.45885086875000003 0.7190542953125 0.470803453125 0.747333071875 0.46958791875 0.7936542109375 0.458799096875 0.7966783890625 0.44825168125000003 0.796602440625 0.417021078125 0.79315999375 0.41319349375 0.7856963640625 0.4142689296875
6 0.7178305484374999 0.0566806015625 0.7126486921875 0.050314225000000004 0.7043881 0.052620265624999996 0.698754809375 0.059359492187499995 0.6947186484375 0.0923681171875 0.6984189015625 0.1336763046875 0.706209871875 0.14385086875 0.7090917703125 0.1570340578125 0.7133311796874999 0.15963103750000002 0.732603753125 0.1350965421875 0.7338521499999999 0.120760334375 0.7178305484374999 0.0566806015625
12 1 0.18663092812499998 0.98336755 0.1671653578125 0.9549614734375 0.1640058921875 0.9368431625 0.142348575 0.8891613046875 0.134993 0.8546491125 0.12232276093750001 0.8326369187499999 0.1099434640625 0.8240853578125 0.1022495046875 0.813197465625 0.1001223546875 0.8124186906249999 0.10197795937500001 0.8162066640625 0.11768054375 0.8240158203125001 0.12848010781250002 0.8308589843749999 0.2491826921875 0.8394832875 0.259376653125 0.8598833703125001 0.2735921578125 0.8619896984375 0.317361553125 0.858910965625 0.32603397031250003 0.846647378125 0.333868028125 0.8472475046874999 0.354493028125 0.8514323578124999 0.355215009375 0.859456534375 0.3447839703125 0.8685140875 0.3412473265625 0.8815778421875 0.3609132671875 0.91155965625 0.360986525 0.9289505421875001 0.3576438421875 0.9313777999999999 0.3552020296875 0.9588050578124999 0.3533421 0.9653989812500001 0.3509972671875 0.985614003125 0.33023216875 1 0.3203776078125 1 0.18663092812499998
12 1 0.766172946875 0.9841377078125 0.7374218328125 0.9756407046875 0.7316028718750001 0.973519396875 0.7159390796875 0.959189059375 0.709984346875 0.941634503125 0.7077020296875001 0.9356556828124999 0.7025662578125 0.9273405359375 0.702997296875 0.8933739109375001 0.709077059375 0.886019396875 0.71390249375 0.8870164015625001 0.719546890625 0.8996982578124999 0.72608783125 0.92312251875 0.7297559203125 0.923431675 0.7403809203125 0.8969104921875 0.7447602468750001 0.89124083125 0.750249475 0.8905893546874999 0.756480078125 0.9232958078125 0.8215727328125 0.945005259375 0.8807882375 0.9608813765625 0.9398679703124999 0.968252334375 1 1 1 1 0.766172946875