9 0 0.7341666671875 0.068125 0.7283333328125 0.09375 0.72 0.099375 0.7241666671875 0.11499999999999999 0.725 0.7125 0.6616666671875 0.875 0.6491666671874999 0.890625 0.6425 0.883125 0.635 0.788125 0.5883333328125 0.7381249999999999 0.5900000000000001 0.586875 0.6041666671875 0.585 0.6083333328125 0.596875 0.6233333328125 0.593125 0.6325000000000001 0.50125 0.6366666671875 0.48624999999999996 0.6425 0.45125000000000004 0.6441666671874999 0.4325 0.6483333328125 0.425 0.6599999999999999 0.40750000000000003 0.6633333328125001 0.4 0.6633333328125001 0.39125 0.6558333328125 0.39187500000000003 0.6516666671875 0.383125 0.6466666671875 0.38375 0.6341666671875 0.380625 0.6283333328125 0.29375 0.6266666671875 0.22937500000000002 0.6341666671875 0.21375000000000002 0.6441666671874999 0.18375 0.6491666671874999 0.169375 0.6566666671875 0.16375 0.6641666671875 0.061875 0.6666666671875 0.0325 0.6766666671875 0 0.6775 0 0.7341666671875
11 0.5962500000000001 0.5974999999999999 0.6 0.5941666671875 0.6 0.5233333328125 0.596875 0.5183333328125 0.4925 0.5208333328125 0.49437499999999995 0.6016666671875 0.49625 0.6033333328125 0.525625 0.605 0.5962500000000001 0.5974999999999999
11 0 0.6441666671874999 0.07625 0.6408333328125 0.08937500000000001 0.6383333328125 0.094375 0.6341666671875 0.08499999999999999 0.5591666671875 0.08125 0.5491666671875 0.0025 0.5516666671875 0 0.5525 0 0.6441666671874999
11 0.370625 0.6258333328125001 0.37875000000000003 0.625 0.38125 0.6208333328125 0.37875000000000003 0.5441666671875 0.3775 0.5366666671875 0.375 0.5349999999999999 0.306875 0.5341666671875 0.30062500000000003 0.5408333328125 0.289375 0.5808333328125 0.288125 0.6083333328125 0.2925 0.6141666671875 0.343125 0.6191666671875 0.370625 0.6258333328125001
11 0.108125 0.5425 0.1125 0.5366666671875 0.1125 0.5075000000000001 0.10874999999999999 0.4966666671875 0.051875000000000004 0.49749999999999994 0.049375 0.49916666718749997 0.05125 0.5308333328125 0.058750000000000004 0.5425 0.108125 0.5425
11 0.28625 0.53 0.29375 0.5216666671875 0.29500000000000004 0.4875 0.29312499999999997 0.485 0.25375000000000003 0.485 0.2375 0.4875 0.23374999999999999 0.49083333281249997 0.231875 0.5033333328125 0.23937499999999998 0.5316666671875 0.276875 0.5325 0.28625 0.53
11 0.51375 0.5025000000000001 0.5131249999999999 0.48166666718749995 0.510625 0.47750000000000004 0.48187499999999994 0.47583333281250006 0.46624999999999994 0.48 0.465625 0.505 0.46749999999999997 0.5075000000000001 0.5025000000000001 0.5075000000000001 0.51375 0.5025000000000001
6 0.14375 0.6599999999999999 0.14625 0.6466666671875 0.13874999999999998 0.6416666671875 0.08625000000000001 0.6408333328125 0.07125000000000001 0.645 0.059375 0.655 0.056874999999999995 0.6616666671875 0.06625 0.6641666671875 0.134375 0.665 0.14375 0.6599999999999999
6 0.593125 0.6158333328125 0.5862499999999999 0.6116666671875 0.51125 0.615 0.510625 0.63 0.5131249999999999 0.6341666671875 0.5962500000000001 0.6308333328125 0.593125 0.6158333328125
6 0.41500000000000004 0.625 0.41375 0.6133333328125 0.405625 0.6108333328125 0.390625 0.6174999999999999 0.3825 0.6483333328125 0.379375 0.665 0.38125 0.6691666671875 0.41125 0.6633333328125001 0.41500000000000004 0.625
12 0.6075 0.825 0.635625 0.8316666671874999 0.63875 0.8358333328124999 0.63875 0.845 0.634375 0.8675 0.630625 0.875 0.6287499999999999 0.8933333328125 0.624375 0.8983333328124999 0.590625 0.9116666671875 0.57875 0.9208333328125 0.568125 0.9375 0.569375 0.9608333328124999 0.578125 0.9666666671874999 0.588125 0.9650000000000001 0.590625 0.9608333328124999 0.590625 0.9508333328124999 0.5862499999999999 0.9349999999999999 0.589375 0.9291666671875 0.6056250000000001 0.9175000000000001 0.6168750000000001 0.9133333328125 0.6287499999999999 0.9133333328125 0.646875 0.9266666671875001 0.659375 0.9266666671875001 0.666875 0.9175000000000001 0.6837500000000001 0.9208333328125 0.7106250000000001 0.9425000000000001 0.70875 0.9633333328125 0.715625 0.9766666671875001 0.724375 0.9791666671874999 0.733125 0.9741666671875 0.73625 0.9608333328124999 0.73375 0.9483333328124999 0.713125 0.925 0.734375 0.8225 0.7375 0.8166666671874999 0.7368750000000001 0.8033333328125 0.7318749999999999 0.7908333328125 0.74875 0.7791666671875 0.744375 0.7616666671875 0.7368750000000001 0.7525000000000001 0.7381249999999999 0.7416666671875001 0.753125 0.7275 0.755625 0.7033333328125 0.76375 0.6950000000000001 0.765625 0.6808333328125 0.7575000000000001 0.6775 0.7275 0.6883333328125001 0.6865625 0.6900000000000001 0.6068749999999999 0.6775 0.6025 0.6833333328125 0.59875 0.7016666671875 0.586875 0.7175 0.58 0.7383333328125 0.58125 0.7825 0.590625 0.8008333328124999 0.595 0.8183333328125 0.6075 0.825
12 0.16499999999999998 0.79 0.169375 0.8125 0.18875 0.8216666671875 0.18625 0.8291666671875 0.18812500000000001 0.8425 0.21375000000000002 0.8508333328125 0.24562499999999998 0.8516666671875001 0.24937499999999999 0.8550000000000001 0.24937499999999999 0.8625 0.255625 0.865 0.260625 0.8741666671875 0.253125 0.8816666671875 0.24 0.885 0.21187499999999998 0.905 0.20125 0.9166666671874999 0.1875 0.9425000000000001 0.18687499999999999 0.9541666671875 0.18937500000000002 0.9583333328125001 0.203125 0.9591666671875 0.20750000000000002 0.9566666671874999 0.21187499999999998 0.9483333328124999 0.2125 0.9283333328125 0.21749999999999997 0.9199999999999999 0.2525 0.8908333328125 0.26187499999999997 0.8916666671875 0.26625 0.8991666671875 0.255625 0.9425000000000001 0.24625 0.9991666671875 0.263125 0.9991666671875 0.26625 0.9908333328125 0.270625 0.9341666671875 0.27625 0.905 0.29625 0.8800000000000001 0.3 0.8766666671875001 0.306875 0.8766666671875001 0.32999999999999996 0.8883333328124999 0.333125 0.8941666671874999 0.330625 0.9166666671874999 0.335 0.9208333328125 0.34375 0.9225 0.3525 0.9158333328125 0.3525 0.8925000000000001 0.34562499999999996 0.8825 0.32625000000000004 0.8716666671875 0.303125 0.8699999999999999 0.29625 0.8591666671875 0.29625 0.85 0.315 0.8324999999999999 0.32375 0.8125 0.33875 0.7908333328125 0.34375 0.7541666671875 0.34187500000000004 0.7366666671875 0.318125 0.735 0.30625 0.755 0.30062500000000003 0.7566666671875 0.29500000000000004 0.7508333328125001 0.285625 0.7241666671875 0.278125 0.7150000000000001 0.26937500000000003 0.7125 0.206875 0.7141666671875 0.133125 0.7241666671875 0.135 0.7316666671875 0.155 0.7616666671875 0.1575 0.7758333328125 0.16499999999999998 0.79
12 0.819375 0.8058333328125 0.8225 0.8116666671875 0.8225 0.8183333328125 0.8150000000000001 0.8400000000000001 0.8099999999999999 0.8441666671875 0.7575000000000001 0.8383333328125 0.745 0.8483333328124999 0.745 0.8625 0.75625 0.8708333328125001 0.76375 0.8691666671875 0.766875 0.8616666671875001 0.7631249999999999 0.8508333328125 0.7693749999999999 0.845 0.80625 0.8541666671874999 0.8125 0.8608333328125 0.821875 0.8766666671875001 0.821875 0.8875 0.815625 0.9349999999999999 0.80625 0.9475 0.8106249999999999 0.9608333328124999 0.8175000000000001 0.9675 0.8243750000000001 0.9691666671875 0.83125 0.9633333328125 0.836875 0.9308333328125 0.8393750000000001 0.8908333328125 0.8418749999999999 0.885 0.8525 0.8841666671875 0.8706250000000001 0.9008333328125 0.8875 0.9116666671875 0.9018750000000001 0.925 0.911875 0.9391666671875001 0.911875 0.9533333328125 0.9087500000000001 0.9633333328125 0.9125 0.9716666671875 0.921875 0.9800000000000001 0.934375 0.9766666671875001 0.936875 0.9541666671875 0.9349999999999999 0.9458333328125 0.9268750000000001 0.9324999999999999 0.875 0.8825 0.850625 0.865 0.8487500000000001 0.8491666671875 0.8456250000000001 0.8425 0.845 0.8216666671875 0.849375 0.8183333328125 0.8856249999999999 0.8150000000000001 0.915625 0.8016666671875001 0.925 0.7883333328125001 0.928125 0.775 0.945 0.7625 0.953125 0.7516666671875 0.9550000000000001 0.7241666671875 0.96 0.7033333328125 0.9712500000000001 0.6825 0.99 0.6641666671875 0.994375 0.6558333328125 0.99375 0.6516666671875 0.9868750000000001 0.65 0.974375 0.6575 0.95 0.6791666671875001 0.89 0.6825 0.8625 0.7158333328125 0.8568749999999999 0.7158333328125 0.834375 0.7008333328125 0.8018750000000001 0.6983333328125 0.7849999999999999 0.6883333328125001 0.779375 0.6908333328125 0.7775000000000001 0.6983333328125 0.76625 0.7058333328125 0.76375 0.7125 0.76625 0.7283333328125 0.7893749999999999 0.7741666671874999 0.7975 0.7866666671875 0.819375 0.8058333328125
10 0.35375 0.6708333328125 0.359375 0.6683333328125001 0.36124999999999996 0.6591666671875 0.34562499999999996 0.6475 0.346875 0.6525000000000001 0.34249999999999997 0.6591666671875 0.34500000000000003 0.6691666671875 0.35375 0.6708333328125
9 0.749375 0.5758333328125 0.77625 0.5858333328125 0.825 0.5883333328125 0.845 0.5825 0.853125 0.575 0.8731249999999999 0.5725 0.875 0.5691666671875 0.8724999999999999 0.5658333328125 0.791875 0.5375 0.75875 0.5333333328125 0.73875 0.5258333328125 0.711875 0.525 0.7025 0.5283333328125 0.698125 0.5341666671875 0.698125 0.545 0.7068749999999999 0.5533333328125 0.73875 0.5675 0.749375 0.5758333328125