4 0.645 0.5016666671875 0.6481250000000001 0.5116666671875 0.656875 0.5241666671874999 0.6875 0.5549999999999999 0.698125 0.5549999999999999 0.716875 0.525 0.72 0.5141666671875 0.715625 0.5066666671875 0.6975 0.4966666671875 0.6793750000000001 0.4783333328125 0.67875 0.4691666671875 0.670625 0.4458333328125 0.676875 0.4325 0.6743750000000001 0.4175 0.665 0.41333333281250006 0.653125 0.41500000000000004 0.655 0.42833333281249997 0.63875 0.44333333281250004 0.634375 0.4525 0.630625 0.46749999999999997 0.630625 0.48 0.6368750000000001 0.495 0.645 0.5016666671875
12 0.368125 0.7283333328125 0.390625 0.8666666671875 0.37687499999999996 0.8891666671875 0.3725 0.9175000000000001 0.37625000000000003 0.9216666671875 0.385625 0.9208333328125 0.388125 0.9125 0.38625 0.8891666671875 0.41125 0.86 0.421875 0.85 0.42625 0.85 0.440625 0.8566666671875 0.44875 0.8925000000000001 0.453125 0.9275 0.458125 0.9366666671875 0.465625 0.9358333328124999 0.469375 0.9283333328125 0.47000000000000003 0.9183333328125001 0.460625 0.9066666671875 0.45062499999999994 0.8666666671875 0.48562500000000003 0.8525 0.49124999999999996 0.8616666671875001 0.49749999999999994 0.8616666671875001 0.5025000000000001 0.85 0.501875 0.835 0.496875 0.8283333328125 0.480625 0.8233333328124999 0.4625 0.8241666671875001 0.45999999999999996 0.7983333328125 0.47375 0.7975 0.48875 0.7641666671875 0.49375 0.7391666671875 0.49375 0.7175 0.489375 0.6975 0.484375 0.6941666671875 0.458125 0.6958333328124999 0.45187499999999997 0.6900000000000001 0.46624999999999994 0.6599999999999999 0.46624999999999994 0.65 0.46187500000000004 0.64 0.456875 0.6358333328125 0.42125 0.635 0.41312499999999996 0.6308333328125 0.3975 0.6291666671875 0.3825 0.5991666671875 0.3775 0.5941666671875 0.35812499999999997 0.6125 0.344375 0.6316666671875 0.3375 0.6475 0.3375 0.6591666671875 0.355 0.6950000000000001 0.36062500000000003 0.72 0.368125 0.7283333328125
12 0.6875 0.6483333328125 0.70375 0.6508333328125 0.7162499999999999 0.6658333328125 0.71875 0.6808333328125 0.721875 0.6858333328125 0.7275 0.6866666671874999 0.73 0.6833333328125 0.73 0.6783333328125 0.723125 0.6641666671875 0.7306250000000001 0.6583333328125 0.7375 0.6608333328125 0.74 0.6516666671875 0.7318749999999999 0.6416666671875 0.71375 0.6375 0.71375 0.6108333328125 0.7262500000000001 0.6125 0.73625 0.5875 0.7418750000000001 0.5816666671874999 0.745625 0.5516666671875 0.76 0.5258333328125 0.7575000000000001 0.5158333328125 0.750625 0.5075000000000001 0.7462500000000001 0.5058333328125 0.7325 0.5291666671875 0.7262500000000001 0.5325 0.690625 0.5283333328125 0.684375 0.5349999999999999 0.6799999999999999 0.6075 0.6837500000000001 0.6108333328125 0.693125 0.6116666671875 0.693125 0.6141666671875 0.6900000000000001 0.6325000000000001 0.678125 0.6333333328124999 0.683125 0.6441666671874999 0.67875 0.6475 0.67875 0.6541666671875 0.6875 0.6483333328125
12 0.6775 0.5650000000000001 0.66625 0.5658333328125 0.660625 0.575 0.660625 0.5858333328125 0.665625 0.5991666671875 0.6756249999999999 0.6033333328125 0.6775 0.5650000000000001
0 0.635 0.5416666671875 0.6381249999999999 0.5416666671875 0.6375 0.5333333328125 0.64625 0.5258333328125 0.645 0.51 0.6375 0.5008333328125001 0.62625 0.4966666671875 0.6131249999999999 0.49583333281249997 0.595 0.5016666671875 0.5756249999999999 0.5166666671875 0.57625 0.5233333328125 0.58125 0.5233333328125 0.5875 0.5291666671875 0.635 0.5416666671875
9 0.38 0.5349999999999999 0.388125 0.5225 0.4 0.515 0.41187500000000005 0.49833333281250003 0.40812499999999996 0.49583333281249997 0.38937499999999997 0.5016666671875 0.38375 0.4933333328125 0.38375 0.4783333328125 0.379375 0.47583333281250006 0.369375 0.4808333328125 0.29874999999999996 0.5391666671875 0.28625 0.5408333328125 0.27875 0.5475 0.26937500000000003 0.5599999999999999 0.27 0.5633333328125001 0.353125 0.5633333328125001 0.38 0.5349999999999999
12 0.28375 0.6133333328125 0.28312499999999996 0.6416666671875 0.27937500000000004 0.6491666671874999 0.280625 0.6633333328125001 0.28625 0.6558333328125 0.29625 0.6508333328125 0.296875 0.6425 0.29 0.6158333328125 0.30125 0.6075 0.3025 0.6016666671875 0.320625 0.5825 0.3225 0.5716666671875 0.315625 0.5700000000000001 0.26875 0.5708333328124999 0.271875 0.6025 0.27937500000000004 0.605 0.28375 0.6133333328125
12 0.23875000000000002 0.575 0.23625 0.58 0.24312499999999998 0.5666666671875 0.26749999999999996 0.5608333328125 0.263125 0.5358333328125 0.25 0.5083333328124999 0.244375 0.5083333328124999 0.21937500000000001 0.5241666671874999 0.21875 0.5291666671875 0.22999999999999998 0.5491666671875 0.2325 0.5658333328125 0.23875000000000002 0.575
12 0.254375 0.585 0.248125 0.5974999999999999 0.24874999999999997 0.6083333328125 0.26625 0.6066666671875 0.263125 0.5791666671875 0.254375 0.585
12 0.271875 0.6533333328125 0.2725 0.6483333328125 0.2525 0.6533333328125 0.246875 0.6633333328125001 0.2475 0.6775 0.254375 0.6783333328125 0.25625 0.6575 0.271875 0.6533333328125
12 0.32375 0.6733333328125 0.325625 0.6666666671875 0.32437499999999997 0.6558333328125 0.313125 0.6475 0.306875 0.6466666671875 0.305625 0.65 0.318125 0.6616666671875 0.315 0.67 0.32375 0.6733333328125
12 0.276875 0.6925 0.274375 0.6691666671875 0.26749999999999996 0.6841666671875 0.26687500000000003 0.6900000000000001 0.26937500000000003 0.6933333328125 0.27375 0.6950000000000001 0.276875 0.6925
11 0.433125 0.44749999999999995 0.43062500000000004 0.42083333281249996 0.4025 0.4266666671875 0.40625 0.46333333281250005 0.4125 0.4625 0.41624999999999995 0.4533333328125 0.433125 0.44749999999999995
11 0.39875 0.48166666718749995 0.40125 0.4608333328125 0.39875 0.43583333281250003 0.38625 0.4425 0.384375 0.445 0.385 0.4891666671875 0.3875 0.49083333281249997 0.39875 0.48166666718749995
11 0.584375 0.47750000000000004 0.5806250000000001 0.43583333281250003 0.576875 0.43 0.5756249999999999 0.43166666718749996 0.573125 0.4408333328125 0.575 0.4608333328125 0.579375 0.47583333281250006 0.584375 0.47750000000000004
11 0.44625000000000004 0.40833333281249995 0.43624999999999997 0.4108333328125 0.43624999999999997 0.4408333328125 0.44125 0.4425 0.446875 0.4308333328125 0.44625000000000004 0.40833333281249995
11 0.5700000000000001 0.4058333328125 0.5650000000000001 0.40750000000000003 0.5650000000000001 0.4291666671875 0.5700000000000001 0.43666666718749997 0.571875 0.4091666671875 0.5700000000000001 0.4058333328125
11 0.45999999999999996 0.40083333281250005 0.4525 0.40499999999999997 0.453125 0.4258333328125 0.456875 0.4266666671875 0.459375 0.42000000000000004 0.45999999999999996 0.40083333281250005
11 0.5587500000000001 0.3966666671875 0.55625 0.40416666718750005 0.55625 0.42000000000000004 0.561875 0.4225 0.5625 0.3991666671875 0.5587500000000001 0.3966666671875