9 0.3917478421875 0.20837659999999997 0.3833372734375 0.207465925 0.3727216578125 0.20037159375 0.27926198593749996 0.112596740625 0.277070015625 0.0970017359375 0.2879536640625 0.0306807765625 0.116110078125 0.0377113984375 0.1117152234375 0.054203278125 0.11258678124999999 0.06420581875 0.1195549140625 0.0676850546875 0.119201925 0.08275679531249999 0.11431682031249998 0.09362224531249999 0.10291243750000001 0.0965983796875 0.095373428125 0.10569024687499999 0.0793323109375 0.1797508625 0.0630580640625 0.22245164375 0.0497384 0.2894996546875 0.022225351562500002 0.37532259218749997 0.0096944546875 0.432300134375 0.0047548765625000005 0.44254042499999996 0.020116076562499998 0.6188352 0.0892243546875 0.6279281390625 0.10128240468750001 0.6324539078125 0.13088280624999998 0.63751674375 0.192914009375 0.6418801281250001 0.23479035 0.6539693671875 0.332342034375 0.6644081546875 0.33947358437499997 0.6697628671875 0.3436243953125 0.669593046875 0.34822406250000004 0.6650131484374999 0.34995193593749996 0.6561590328125 0.3736345171875 0.45944524062500003 0.3708302734375 0.446384834375 0.3813304515625 0.337417221875 0.384596628125 0.33665620625 0.3865968640625 0.330927884375 0.39705565 0.211923765625 0.3917478421875 0.20837659999999997
11 0.6768747046875 0.44013753906249997 0.7065971281250001 0.43703934687499996 0.77251985625 0.42869576875000004 0.7652597937500001 0.3166904546875 0.6699414765625 0.3318831765625 0.66844456875 0.3338265828125 0.6688138796875001 0.3667493125 0.6629624296875 0.3760858296875 0.6677124375 0.382792753125 0.6700699890624999 0.43853377812499994 0.6768747046875 0.44013753906249997
11 0.761499040625 0.23528395624999998 0.7654319609375 0.23261349999999997 0.7635254296875 0.2107329421875 0.749325553125 0.11469624062499999 0.6601996781249999 0.134027325 0.6647339578125 0.1765041578125 0.6634418625 0.19035954375 0.67052546875 0.2142868859375 0.673706653125 0.250796159375 0.761499040625 0.23528395624999998
0 0.38397344218749996 0.38687269375 0.3779139359375 0.32689141718750003 0.3579334046875 0.28881085781250004 0.3085289671875 0.23813159687500002 0.2406844671875 0.1957354203125 0.21595609375000002 0.1892184828125 0.188397321875 0.1884638296875 0.1673578265625 0.195598490625 0.1551102046875 0.20801993593749998 0.14867371875 0.22020363281250002 0.12925964375000001 0.33204548749999996 0.128784634375 0.35527825625 0.1421500203125 0.3748078359375 0.16719215 0.394487075 0.1878786578125 0.40242415156250005 0.181169809375 0.411482053125 0.18155111562499998 0.4158581671875 0.143978090625 0.45315647031250006 0.1422916109375 0.472047090625 0.15161513124999998 0.492996809375 0.16981115156249998 0.5010357812499999 0.17113156406250002 0.5066282453125 0.17887538593750002 0.509448359375 0.19686659374999999 0.5055753515625 0.21182259218750002 0.4955526453125 0.221281209375 0.49892999062500004 0.2458853984375 0.475337415625 0.26482878906249996 0.46326941250000003 0.274572846875 0.46036120468749997 0.3434763140625 0.4575421640625 0.3629644296875 0.45172575000000004 0.37155149062500004 0.44510055312499996 0.37805552656249997 0.42413067031249996 0.3779858125 0.3946463140625 0.38397344218749996 0.38687269375
9 0.527895515625 1 0.5369213312500001 0.9948274125 0.5412617156249999 0.9777103765625 0.5761285296875001 0.976283871875 0.6357760265625 0.9437289234374999 0.63347736875 0.7261195421875 0.6245765515625 0.7195824390625 0.559279171875 0.7159800703125 0.47396203124999997 0.702531184375 0.4280982953125 0.69248724375 0.35057945 0.6824836296875 0.345040675 0.6858471749999999 0.34075476562499996 0.7035893703125 0.30591457499999997 1 0.527895515625 1
13 0.359251465625 0.7342019875 0.3704793546875 0.7387617203125 0.453210140625 0.7416508359375 0.46483241093750005 0.741175334375 0.47601890312500006 0.735698565625 0.490077190625 0.7344960125 0.49528912968750005 0.7273815140625 0.4925938296875 0.7155714265625 0.4791478171875 0.7142393796875 0.471131634375 0.7082934703125 0.4617274875 0.705541284375 0.3724643484375 0.7041742015625 0.36515630625 0.70635535625 0.35678713281249996 0.7154811875 0.359251465625 0.7342019875
1 0.3197915703125 0.6159854124999999 0.32699066875 0.612553940625 0.32965765 0.6049161765625 0.32931557499999997 0.5723060265625 0.3185910140625 0.5639613781249999 0.28107029687499996 0.563614296875 0.275463971875 0.5757640281249999 0.27779320625000004 0.6120572015625 0.2874152421875 0.6173100218750001 0.3197915703125 0.6159854124999999
3 0.1802916671875 0.5257024875 0.1518613375 0.514945296875 0.126411746875 0.5097126390625 0.079704771875 0.5091140078125 0.0633738890625 0.5129190875 0.05933418593749999 0.5526097703125 0.055237846874999996 0.55340475 0.0548434640625 0.558439984375 0.056654128125 0.569658878125 0.06256113125 0.5800827921875 0.08738537187499999 0.5972613953125 0.1304731828125 0.6136927812499999 0.14381025 0.6137745109375 0.15826291875 0.6075367234375 0.1676256703125 0.6002524031250001 0.1739532125 0.586818390625 0.172972709375 0.5755655328125 0.16158140468749999 0.5691303234375 0.1611456265625 0.5641290531250001 0.17382902656250002 0.5567088765625 0.18064681875 0.5489012921875001 0.1830414390625 0.5381377359374999 0.1802916671875 0.5257024875
10 0.401620221875 0.7901881984375 0.40869729843749997 0.794917753125 0.4321728078125 0.787056040625 0.43671800312500003 0.7818509828125 0.43912569843749993 0.76167608125 0.43061926406250006 0.75010374375 0.42641398124999996 0.7496484062500001 0.40615017499999995 0.7561239453125 0.4023261984375 0.76004471875 0.3982167828125 0.770251046875 0.39930622968749996 0.7827542203125 0.401620221875 0.7901881984375
12 0.717363328125 0.5350986921875001 0.75344569375 0.5348772312500001 0.7557182906250001 0.5322747031249999 0.748418996875 0.4485034265625 0.71333429375 0.44742929374999996 0.675255775 0.45024197343749994 0.6775196234374999 0.5335918765625001 0.6982061296875 0.5415289546875 0.703187103125 0.54132516875 0.7061264453125 0.5368131984375 0.717363328125 0.5350986921875001
12 0.75210778125 0.7011896296875 0.745093925 0.6111328015625 0.7340294546874999 0.6084485453124999 0.6805177640625 0.6062461531250001 0.6847012218749999 0.702065265625 0.6926629328125 0.7073860171875 0.700474303125 0.70141994375 0.7498351828125001 0.7037921578125 0.75210778125 0.7011896296875
12 0.5401135640625 0.649006353125 0.5535595765625 0.6503384 0.5813493140625 0.6441823421875 0.5916925671875 0.6481508812500001 0.5933681328125 0.67694215 0.603929275 0.6834113234375 0.60651563125 0.69397109375 0.61005416875 0.696335871875 0.6177435171875 0.698530828125 0.6233912359375 0.6964176015625 0.6221601999999999 0.5866751703124999 0.6091085703125 0.5803078890625 0.600752475 0.580022375 0.59703744375 0.585193465625 0.5930522125000001 0.62550930625 0.5743397875 0.6306666 0.569018903125 0.636530778125 0.5405210234375 0.6345597734374999 0.5401135640625 0.649006353125
12 0.5866070718749999 0.4846108328125 0.5467048109375 0.4856159625 0.54403783125 0.49325372500000003 0.5454671890625 0.5000965078124999 0.5513327968749999 0.500483915625 0.6004888625 0.49094414999999997 0.6075114671875 0.49504854531250003 0.6098254609375 0.502482521875 0.6180726109375 0.50151771875 0.6209574796874999 0.4963805921875 0.6219750515625 0.44112886875 0.6213213828125 0.4336269640625 0.6153468296875 0.4319892375 0.6088144765625 0.43351127187499994 0.6074809859375 0.4373301515625 0.60737420625 0.4743503765625 0.5886617796875 0.47950766875 0.5866070718749999 0.4846108328125
6 0.4391498796875 0.22651364062499998 0.44506995937499993 0.22752620937499998 0.455044984375 0.217707290625 0.46791795625 0.1933398984375 0.4682033953125 0.1870543453125 0.41413832656249994 0.025518195312500002 0.3211601546875 0.029322203125 0.37900564062500003 0.13863053281249998 0.39480704218749996 0.15743305937500002 0.4335152375 0.21921552187499999 0.4391498796875 0.22651364062499998
9 0.6220164453125 0.45116537343749996 0.6211753703125 0.49888122656249995 0.6134467890625 0.524920309375 0.612128540625 0.5575983875 0.6140263218750001 0.6654313765625 0.6202623218750001 0.717876784375 0.6289452515625 0.7219132515625 0.6362946890625001 0.7297686015625 0.6856010968749999 0.7315156578125 0.6802432203125 0.6126567359374999 0.6852263765625 0.602916571875 0.6820277484374999 0.5948914015625 0.678354846875 0.5431774359375 0.6756501578125 0.4452067390625 0.6691853546875 0.437942584375 0.6687081796875 0.422904809375 0.6188984453125 0.42494266875 0.6220164453125 0.45116537343749996
7 0.4422638421875 0.8098057015625001 0.4319402484375 0.817775540625 0.43509024218750003 0.8251947625 0.45661629687499994 0.825068815625 0.45510079374999995 0.8134319265625001 0.46405035625 0.8126880875 0.46671710156249996 0.8088052484375 0.4690234015625 0.8007857328125001 0.4668385234375 0.7929499640625 0.4625513609375 0.789728690625 0.4541981625 0.7915799375 0.44846406875 0.8004944406250001 0.4422638421875 0.8098057015625001
5 0.47821585781250003 0.8430544187500001 0.46524794687500004 0.9126477796874999 0.47589171406249997 0.9140988640625001 0.492851928125 0.8443427953124999 0.47821585781250003 0.8430544187500001