12 0.349982778125 0.5234678796875001 0.3237542765625 0.5275934578125 0.3151846390625 0.516803421875 0.319023209375 0.49747699375 0.31638647343750004 0.49245740937500004 0.2849082953125 0.480867746875 0.2537593421875 0.47819095625 0.2179011640625 0.48391055625 0.21436899843749999 0.4957314640625 0.20264401250000003 0.49432306718749996 0.19913564374999998 0.5004679046875 0.18366726875 0.4956816578125 0.19019016718749998 0.47002267499999995 0.1890369015625 0.4609220875 0.1839518359375 0.44966328281249995 0.1725094640625 0.44642543593750006 0.1570172953125 0.44731525781250003 0.1555338234375 0.45139626093749996 0.1618197453125 0.4604035140625 0.1402519015625 0.48957930312500003 0.107690865625 0.47395530625 0.0975673484375 0.4621800203125 0.088502896875 0.46011513906249996 0.078049178125 0.46152144531249994 0.0767303203125 0.4700588828125 0.0875132625 0.47756545 0.10710184375000001 0.48329027968749994 0.1532947671875 0.5045447234375 0.1576261984375 0.5206820640625 0.1277475328125 0.5429144359375 0.113973853125 0.54924594375 0.089441025 0.542394815625 0.0825660828125 0.5427225359375 0.0794107375 0.552104175 0.0822358796875 0.555904125 0.11613956875 0.5573146140625 0.1390014984375 0.54737191875 0.2621118859375 0.6063490046875 0.27115254375000003 0.61408995625 0.29632100625 0.622348434375 0.33067094375 0.6484803703125 0.3421133140625 0.6517182171875 0.3615610796875 0.647310540625 0.3816682703125 0.6386341453125 0.39968015625 0.6269553328125 0.40116362656250004 0.6228743296875 0.37074548749999997 0.5989006125 0.37691634375 0.5479103671875001 0.3713840546875 0.534024578125 0.3614251515625 0.5267057265624999 0.349982778125 0.5234678796875001
12 0.3327880890625 0.6899956406250001 0.326242371875 0.69923623125 0.31807236875 0.70242531875 0.3307860078125 0.7084778671875 0.3321752734375 0.7050066828125 0.3382261734375 0.7044912453125 0.3704579859375 0.711202371875 0.3755668453125 0.7167851046875 0.3745306 0.7234930921875 0.4076568625 0.7354581875 0.41620563749999995 0.6856409078125 0.41420453437500004 0.6820286734375001 0.40127869218749995 0.6828718296875 0.3822543578125 0.695582559375 0.3763918640625 0.6948783609375 0.37297769999999997 0.7004133828125 0.375991253125 0.7029936984375 0.371117415625 0.7069336515625 0.3327880890625 0.6899956406250001
12 0.44214663906249996 0.7938170906249999 0.4455370078125 0.7939581390625 0.46486774999999997 0.7737418875000001 0.4666338328125 0.767831434375 0.4406889203125 0.7480331 0.4184636015625 0.7372886859375 0.4146964171875 0.7395869046875 0.410504825 0.75567653125 0.3921399203125 0.7641185421875 0.42863275312500004 0.78190075625 0.44214663906249996 0.7938170906249999
12 0.36756047812500003 0.7465250921875 0.3790970546875 0.7491531218749999 0.391575671875 0.7456829828125 0.397838775 0.73827184375 0.3718462734375 0.7298256484375 0.36756047812500003 0.7465250921875
12 0.3030026515625 0.7337126578125 0.3147276359375 0.7351210546875 0.325016740625 0.7292583140625 0.3315862546875 0.7143416546875 0.32664200625 0.71321535625 0.3174119625 0.7287884984375 0.3138331859375 0.729867084375 0.310819634375 0.72728676875 0.30074273125 0.7262538046875 0.299259259375 0.7303348078125 0.3030026515625 0.7337126578125
12 0.33853355937499996 0.6748912625 0.3328128609375 0.6622251078125 0.3232069796875 0.6581430609375001 0.3144955484375 0.65931498125 0.3166612625 0.66738365 0.32958710625 0.6665404953125 0.33356551875 0.6794410359375 0.33832135625 0.6817869671875 0.33853355937499996 0.6748912625
12 0.310632203125 0.706411940625 0.29443399062500003 0.700828159375 0.2894897453125 0.6997018609375 0.285628353125 0.7026098968750001 0.28963055937500004 0.709834365625 0.2954930546875 0.7105385656250001 0.3010967296875 0.70739614375 0.3102553859375 0.7088512078125 0.310632203125 0.706411940625
12 0.43788430937499995 0.280249453125 0.43510577968749997 0.2871918234375 0.40864225625 0.2817947140625 0.40741858124999997 0.2676278734375 0.39856633124999996 0.2586672890625 0.3890308578125 0.2596514921875 0.39065514375 0.26570299375 0.383662203125 0.2723166015625 0.3715137859375 0.26260515 0.3665695390625 0.2614788515625 0.3628023546875 0.26377707031250003 0.36214292656249997 0.268045790625 0.3657921125 0.27203345625 0.3780585265625 0.27545902187500004 0.394750575 0.2944121078125 0.3946791890625 0.3114403171875 0.38759204375 0.318663740625 0.394278578125 0.31955565625000004 0.3972217234375 0.3170697203125 0.40718062499999996 0.3243885703125 0.502981609375 0.3392679765625 0.514283165625 0.33237331875 0.5159094093750001 0.29423589843750003 0.544633828125 0.2849974 0.53095533125 0.2686246296875 0.525092840625 0.26792043125 0.5000414 0.275470528125 0.4671501578125 0.27302812187500003 0.4525524390625 0.2791719125 0.43788430937499995 0.280249453125
12 0.4390356203125 0.3335389625 0.44091872343749994 0.343437084375 0.452525709375 0.35113136875 0.4650747359375 0.35272748125 0.47333894374999996 0.3489285765625 0.4740221671875 0.3389837875 0.4390356203125 0.3335389625
9 0.3428460859375 0.586232365625 0.379691940625 0.6072513796875 0.39923293125 0.6243283484375 0.3763472078125 0.6399471140624999 0.3527554421875 0.649092278125 0.3471974015625 0.6850714828125 0.351670628125 0.6892468671875001 0.357533121875 0.6899510640625001 0.385621909375 0.679305215625 0.42522445624999994 0.65486900625 0.4543553546875 0.5049483984375 0.46304592656250004 0.4431691625 0.46007996406249996 0.42923670625000004 0.4091549984375 0.399960259375 0.39771262812499997 0.3967224125 0.3705182890625 0.41262223125 0.3428460859375 0.586232365625
0 0.4995892859375 0.38331585156250003 0.492808546875 0.383033753125 0.492054915625 0.3879122890625 0.49626736875 0.43242997968749997 0.5008814125 0.44673786875 0.507379540625 0.4488494171875 0.5096870499999999 0.44495613125 0.5187752999999999 0.4413449421875 0.5263334640624999 0.431072434375 0.5351400796875 0.407196234375 0.5336337921875 0.39485884531250004 0.5289017484375 0.38683684218750003 0.522239009375 0.3802688578125 0.5100667999999999 0.3762334765625 0.4995892859375 0.38331585156250003
13 0.49301781875 0.4424214359375 0.48350613906250006 0.43772956875 0.450544490625 0.43022091093750003 0.44503501874999996 0.43275351406249996 0.4462824890625 0.441244284375 0.48263450781249995 0.4488939921875 0.4928056140625 0.44931713906250004 0.49301781875 0.4424214359375
9 0.4388335234375 0.6440810609375001 0.4274377625 0.6515855359375 0.41896135156250003 0.6622801453125 0.4116362515625 0.7262642640625 0.41358976406250003 0.7412286390625 0.50106004375 0.6664628515625 0.5121969875 0.6551117578125 0.5136100484375 0.645964503125 0.5090426171875 0.642398934375 0.500708 0.6411315875 0.4941394671875 0.6339537875000001 0.501721428125 0.6180052093749999 0.5024750609375 0.613126671875 0.49844905781250004 0.6115782734375 0.4388335234375 0.6440810609375001
11 0.5473025109375 0.6321762328125 0.5703756671875 0.63743229375 0.5802889343750001 0.6119143609375 0.5461502234375 0.6009811828125 0.53376483125 0.6259359671875 0.5473025109375 0.6321762328125
11 0.5592863125 0.6374312484375 0.5222986625 0.6283741890625001 0.513681434375 0.62893629375 0.5056760421875001 0.6365818171875001 0.50685310625 0.6400063359375 0.5520811671875 0.6509405578125 0.56027496875 0.6420754 0.5592863125 0.6374312484375
11 0.5463216796875 0.4507763859375 0.5483227828125 0.454388621875 0.5632259328125 0.462833771875 0.5952693359375 0.47076453125000006 0.5928210093749999 0.4645253125 0.5809314109375 0.4586604796875 0.5463216796875 0.4507763859375
11 0.5627728421875 0.5927735562499999 0.5605595359375 0.5960570265625 0.5607241484375 0.6005134625 0.5912136718750001 0.6074589703125 0.594086409375 0.5999067828125 0.5721199078125 0.5930089875 0.5627728421875 0.5927735562499999
11 0.5871886484375 0.5838161093750001 0.57398019375 0.586488715625 0.5734149687500001 0.5901476171875 0.5899899984375 0.59329213125 0.60107935 0.5932931765625 0.602021390625 0.58719500625 0.5871886484375 0.5838161093750001
11 0.593762071875 0.48052160156249996 0.6146457140625 0.4833850625 0.6167648171875 0.4807114109375 0.6131156328125 0.47672374375000004 0.589665659375 0.47390695000000005 0.593762071875 0.48052160156249996
11 0.5990355453125 0.4905607734375 0.6132326531250001 0.49253231875000003 0.622038290625 0.49075058125000004 0.62241510625 0.48831131250000004 0.600071790625 0.4838527859375 0.5990355453125 0.4905607734375
4 0.5645372937500001 0.3577092890625 0.551529634375 0.345276996875 0.5370984796875 0.31168830000000003 0.5265743546875 0.308028353125 0.48793764062499995 0.320690321875 0.4841466609375 0.3286646125 0.4907151953125 0.3358424125 0.51129243125 0.34621139375 0.5153174546875 0.3698542546875 0.5411681625 0.3902624078125 0.5441579203125 0.39851879375 0.552751353125 0.40363275937500004 0.564382134375 0.4056509734375 0.5796858953124999 0.40598078437499996 0.590328021875 0.403354846875 0.6029246421875001 0.39359881875 0.6209127296875 0.3875960765625 0.6224199953125 0.3778390046875 0.6156630515625 0.3718808359375 0.6066928046875 0.3692061390625 0.5909180203125 0.3719254125 0.5645372937500001 0.3577092890625
10 0.456309846875 0.4978183109375 0.4519308234375 0.49303310937499994 0.4469865765625 0.4919068109375 0.4433602078125 0.5043375359375 0.4460911484375 0.5087473046875 0.45112959999999996 0.5092637859375 0.45628605 0.5034943796875 0.456309846875 0.4978183109375
7 0.43606281406249997 0.4742677390625 0.435096978125 0.486041978125 0.4359914265625 0.4912959484375 0.4408414703125 0.4930320640625 0.4460455125 0.47591051875 0.44119546875 0.47417440468749994 0.43606281406249997 0.4742677390625