9 0.170625 0.5216666671875 0.30375 0.5833333328125 0.40750000000000003 0.6366666671875 0.490625 0.6725 0.500625 0.6875 0.51875 0.6925 0.540625 0.7033333328125 0.54625 0.6991666671875 0.553125 0.6799999999999999 0.566875 0.655 0.58125 0.6174999999999999 0.59875 0.5825 0.605 0.5599999999999999 0.604375 0.5516666671875 0.59375 0.5475 0.429375 0.5008333328125001 0.40750000000000003 0.49833333281250003 0.34625 0.48166666718749995 0.3375 0.4841666671875 0.33999999999999997 0.4925 0.335 0.5016666671875 0.320625 0.5125 0.31 0.5125 0.26375000000000004 0.4891666671875 0.24625 0.4891666671875 0.220625 0.4791666671875 0.191875 0.4875 0.17875000000000002 0.48666666718749996 0.17124999999999999 0.48333333281249996 0.16312500000000002 0.4733333328125 0.16312500000000002 0.4691666671875 0.168125 0.4641666671875 0.16499999999999998 0.4583333328125 0.14750000000000002 0.45499999999999996 0.141875 0.4483333328125 0.1075 0.45083333281250004 0.06937499999999999 0.46166666718749994 0.06999999999999999 0.46666666718750005 0.074375 0.47000000000000003 0.138125 0.5008333328125001 0.170625 0.5216666671875
13 0.44312500000000005 0.5725 0.44625000000000004 0.5700000000000001 0.44312500000000005 0.5108333328125 0.43624999999999997 0.4933333328125 0.43 0.4933333328125 0.42625 0.49749999999999994 0.42437500000000006 0.515 0.42874999999999996 0.5700000000000001 0.433125 0.5733333328125 0.44312500000000005 0.5725
12 0.24562499999999998 0.74 0.244375 0.7558333328125 0.24937499999999999 0.7633333328125 0.26937500000000003 0.7658333328125 0.276875 0.7841666671875 0.28625 0.7966666671875 0.334375 0.8391666671875001 0.36312500000000003 0.8550000000000001 0.380625 0.8608333328125 0.384375 0.8708333328125001 0.35375 0.8825 0.32687499999999997 0.9016666671875001 0.318125 0.9158333328125 0.32125 0.93 0.325625 0.9333333328125001 0.333125 0.9308333328125 0.3375 0.925 0.340625 0.9091666671875 0.35375 0.8983333328124999 0.39125 0.8825 0.403125 0.9020833328125001 0.39375 0.9516666671875 0.40437500000000004 0.9516666671875 0.4125 0.9066666671875 0.4375 0.885 0.45625 0.8966666671875 0.4875 0.925 0.48875 0.9516666671875 0.506875 0.9516666671875 0.499375 0.9158333328125 0.489375 0.9033333328125 0.46375 0.8866666671875001 0.478125 0.8291666671875 0.485 0.825 0.48250000000000004 0.8066666671875 0.490625 0.7875 0.50125 0.7158333328125 0.501875 0.6875 0.49874999999999997 0.6741666671875 0.48624999999999996 0.6725 0.476875 0.6875 0.47375 0.6875 0.43562500000000004 0.67 0.40812499999999996 0.6666666671875 0.3775 0.6691666671875 0.36625 0.6799999999999999 0.3375 0.7241666671875 0.316875 0.7241666671875 0.27625 0.7108333328125 0.24375 0.6825 0.205625 0.6691666671875 0.20437500000000003 0.6725 0.22312500000000002 0.7 0.24 0.7133333328125 0.24562499999999998 0.74
12 0.12062500000000001 0.6191666671875 0.13187500000000002 0.655 0.153125 0.6766666671875 0.20249999999999999 0.7016666671875 0.216875 0.7025 0.22125 0.6991666671875 0.209375 0.6783333328125 0.21875 0.6741666671875 0.24375 0.6841666671875 0.26875 0.7075 0.291875 0.72 0.32 0.7258333328125001 0.328125 0.7258333328125001 0.335 0.7208333328125 0.343125 0.6691666671875 0.34187500000000004 0.6408333328125 0.335625 0.6325000000000001 0.321875 0.6283333328125 0.304375 0.6016666671875 0.291875 0.5916666671875 0.271875 0.5825 0.255 0.5808333328125 0.22125 0.6025 0.21187499999999998 0.5983333328125 0.221875 0.5733333328125 0.22374999999999998 0.5525 0.220625 0.5466666671875 0.205 0.5383333328125001 0.196875 0.5383333328125001 0.151875 0.5525 0.130625 0.5641666671875 0.12562500000000001 0.5725 0.07375000000000001 0.5266666671875 0.06687499999999999 0.5283333328125 0.063125 0.5408333328125 0.0625 0.5541666671875001 0.06687499999999999 0.5650000000000001 0.110625 0.6041666671875 0.12062500000000001 0.6191666671875
12 0.19 0.82 0.195 0.8116666671875 0.21812499999999999 0.7883333328125001 0.23937499999999998 0.7725 0.2475 0.7716666671875 0.255625 0.7791666671875 0.25625 0.8466666671875 0.26 0.8541666671874999 0.265625 0.8541666671874999 0.27125 0.8466666671875 0.2725 0.8383333328125 0.26625 0.8216666671875 0.26375000000000004 0.7841666671875 0.265625 0.7683333328125 0.26937500000000003 0.76 0.24937499999999999 0.7191666671875 0.24562499999999998 0.7166666671875 0.24125000000000002 0.7191666671875 0.24500000000000002 0.745 0.241875 0.7583333328124999 0.20812499999999998 0.7849999999999999 0.18375 0.8108333328124999 0.16999999999999998 0.8425 0.17124999999999999 0.8550000000000001 0.183125 0.8533333328125 0.19125 0.8400000000000001 0.19 0.82
11 0.34750000000000003 0.4791666671875 0.338125 0.3891666671875 0.31375000000000003 0.38416666718750003 0.26 0.38416666718750003 0.268125 0.4483333328125 0.274375 0.46333333281250005 0.32125 0.4766666671875 0.34750000000000003 0.4791666671875
11 0.473125 0.3825 0.479375 0.3858333328125 0.491875 0.38333333281250004 0.49437499999999995 0.3408333328125 0.4875 0.3383333328125 0.445625 0.3391666671875 0.44437499999999996 0.3516666671875 0.448125 0.38 0.456875 0.38333333281250004 0.473125 0.3825
11 0.12125 0.4158333328125 0.11937500000000001 0.40083333281250005 0.1075 0.3591666671875 0.0975 0.35583333281249996 0.0775 0.35583333281249996 0.076875 0.3616666671875 0.090625 0.40416666718750005 0.09875 0.4108333328125 0.12125 0.4158333328125
11 0.21125 0.4483333328125 0.193125 0.3866666671875 0.1825 0.3708333328125 0.175625 0.36666666718749996 0.175625 0.37666666718749997 0.195 0.4516666671875 0.21000000000000002 0.4525 0.21125 0.4483333328125
11 0.336875 0.3691666671875 0.335 0.335 0.30375 0.3341666671875 0.305 0.3691666671875 0.315625 0.375 0.32 0.3708333328125 0.336875 0.3691666671875
11 0.06625 0.4016666671875 0.0675 0.3983333328125 0.06375 0.3908333328125 0.055625 0.3541666671875 0.050624999999999996 0.3508333328125 0.03375 0.3508333328125 0.03625 0.3691666671875 0.0475 0.3991666671875 0.05500000000000001 0.4025 0.06625 0.4016666671875
11 0.25375000000000003 0.3608333328125 0.24937499999999999 0.33166666718750004 0.22937500000000002 0.3308333328125 0.22625 0.33166666718750004 0.22625 0.3441666671875 0.231875 0.3625 0.25375000000000003 0.3608333328125
4 0.596875 0.38416666718750003 0.620625 0.3875 0.6275000000000001 0.385 0.629375 0.3791666671875 0.6212500000000001 0.3466666671875 0.61625 0.34500000000000003 0.61125 0.3483333328125 0.6018749999999999 0.325 0.590625 0.3233333328125 0.585 0.3291666671875 0.57875 0.3533333328125 0.5543750000000001 0.38416666718750003 0.5525 0.3958333328125 0.57125 0.3991666671875 0.575 0.3858333328125 0.596875 0.38416666718750003
9 0.834375 0.63 0.8393750000000001 0.6433333328125 0.844375 0.6408333328125 0.851875 0.6208333328125 0.8543749999999999 0.6058333328125001 0.851875 0.5783333328125 0.845 0.5725 0.840625 0.5575 0.819375 0.5349999999999999 0.7893749999999999 0.4575 0.78125 0.4441666671875 0.6975 0.43333333281249997 0.67 0.44333333281250004 0.656875 0.44333333281250004 0.6525000000000001 0.44749999999999995 0.640625 0.4733333328125 0.610625 0.5516666671875 0.6118750000000001 0.5633333328125001 0.620625 0.5691666671875 0.829375 0.6258333328125001 0.834375 0.63
0 0.6643749999999999 0.4408333328125 0.6681250000000001 0.445 0.6925 0.43499999999999994 0.6950000000000001 0.42833333281249997 0.69375 0.4175 0.68125 0.4125 0.67625 0.40499999999999997 0.646875 0.4058333328125 0.635625 0.41166666718749995 0.620625 0.4141666671875 0.618125 0.42083333281249996 0.621875 0.42750000000000005 0.6487499999999999 0.43916666718749997 0.6643749999999999 0.4408333328125
0 0.41375 0.3991666671875 0.4225 0.3991666671875 0.44437499999999996 0.3891666671875 0.441875 0.375 0.4225 0.3741666671875 0.40750000000000003 0.3825 0.40499999999999997 0.39 0.401875 0.3908333328125 0.401875 0.395 0.41375 0.3991666671875