4 0.31454756875 0.5532592921874999 0.3185696671875 0.559169584375 0.32840764375 0.561192615625 0.330982721875 0.5540973296875 0.35760260625 0.5341552734375 0.366258628125 0.514755225 0.369265203125 0.5018182625 0.3665714875 0.48516751874999997 0.3580957921875 0.47918861250000006 0.3577290375 0.4672523796875 0.351379978125 0.456627578125 0.3315375984375 0.45000568750000003 0.32809647656249996 0.43743725624999996 0.3158498515625 0.44508533593750005 0.2980015734375 0.4380263015625 0.2883808734375 0.4487559671875 0.28966146406250004 0.459185715625 0.3152719265625 0.483090546875 0.3231866421875 0.530466953125 0.316772840625 0.5376200625 0.31404828125 0.5455318109375 0.31454756875 0.5532592921874999
4 0.559667846875 0.622303015625 0.5673622390624999 0.6255796546875 0.573011684375 0.61911656875 0.5781448953125 0.6015337093750001 0.5600315499999999 0.6028921796875 0.5582208265624999 0.609297440625 0.559667846875 0.622303015625
11 0.6023391828125 0.5878704734375 0.6096976640625 0.5546483875 0.6114744937500001 0.5414585468750001 0.6091644796875 0.540136325 0.5981476031249999 0.548037284375 0.5932794593749999 0.5572026390625 0.5870012421874999 0.591494065625 0.591920228125 0.5925055828125 0.6023391828125 0.5878704734375
11 0.5511552046875 0.5781924609375 0.5488451921874999 0.5768702390625 0.5454718640625 0.5778709671875 0.54121859375 0.5871627609375001 0.5373320781250001 0.6083907890625 0.5462392687500001 0.6085280156249999 0.5508731906250001 0.5832176765625 0.5511552046875 0.5781924609375
11 0.4137425171875 0.5829764546875 0.41683383125000006 0.5870009421875 0.42186840468750003 0.5804114140625 0.4245590703125 0.5657150890625 0.4212843765625 0.5557224828125 0.41776156562500005 0.5575396734375 0.4137425171875 0.5829764546875
11 0.5358511609375001 0.5886006328125 0.5289380734375 0.5880262609375 0.5230744031250001 0.6130837234375 0.528142871875 0.613278775 0.531332825 0.60630993125 0.5358511609375001 0.5886006328125
11 0.4201024234375 0.534299403125 0.41602947968750004 0.5182122421875001 0.41729312187499995 0.5252497015625 0.4137703109375 0.5270668921875 0.4127747859375 0.542959 0.41634844062500004 0.551318678125 0.41942280781249996 0.551950875 0.4201024234375 0.534299403125
11 0.42547595625 0.5955556750000001 0.4307586484375 0.577156353125 0.4273683703125 0.5747647890625001 0.42117184218750003 0.5946705984375 0.42547595625 0.5955556750000001
11 0.58166770625 0.59971651875 0.5857853921875 0.56328640625 0.5592302484375 0.5654505515625 0.55356690625 0.5998684187500001 0.58166770625 0.59971651875
9 0.4306786515625 0.4381989078125 0.431677228125 0.453653871875 0.43476854375 0.45767836093750003 0.4435093046875 0.45523975937500005 0.4460504890625 0.4413598953125 0.4539920484375 0.43706255 0.5015216296875 0.44853069687499997 0.5113426578125 0.4471614375 0.656435840625 0.47360886406249997 0.6737339859375 0.4627635453125 0.7148596640625 0.4263187609375 0.7188139703124999 0.41865989375 0.7167859734375 0.41231245781250003 0.68358280625 0.405484725 0.6540719328125 0.4307627015625 0.638601459375 0.43859504843749997 0.628444521875 0.40346558125 0.628244196875 0.39410517343749996 0.6257677562499999 0.3902071265625 0.626780228125 0.3777073078125 0.6247691796875 0.3747521640625 0.4499956421875 0.3396598140625 0.42305984687500003 0.35784250625 0.42169756718749996 0.3617983796875 0.4202197015625 0.373355296875 0.42401368125000005 0.4258147421875 0.4306786515625 0.4381989078125
13 0.4436218390625 0.416291646875 0.4360938765625 0.4155908359375 0.4285859140625 0.4496293859375 0.429418059375 0.46250852187499997 0.43495192187500004 0.4636464765625 0.44071695312500003 0.44958234687500004 0.44671315468749995 0.420316134375 0.4436218390625 0.416291646875
12 0.65903735625 0.22591387968749999 0.668525525 0.21939296718749998 0.6701698203124999 0.210411878125 0.66505050625 0.20003995625 0.6512412765625 0.202283503125 0.6464039781250001 0.186886365625 0.6803853953125001 0.16506929374999998 0.6909199328125 0.152833140625 0.7000413453125 0.13437599375 0.7007548578125 0.123509103125 0.6976635421874999 0.1194846140625 0.6864463375 0.1180251671875 0.6821761203125 0.12392466875000001 0.6786224640625 0.1503043515625 0.6749671187499999 0.15633029375000002 0.641600575 0.1782738078125 0.632377475 0.176377215625 0.62619484375 0.16832824062500001 0.6218059890625 0.15048171562499998 0.623827884375 0.0941350078125 0.61934039375 0.08728181562500001 0.6090539749999999 0.08770817187499999 0.6025245890625001 0.10246232343749999 0.6092234546874999 0.12163106875 0.6121683390625 0.157819090625 0.578883484375 0.1653769796875 0.573465209375 0.15663798281250002 0.56746595625 0.1545571265625 0.5595064984375 0.1596979921875 0.5545058218750001 0.1730721 0.55869435 0.1815582171875 0.5696464859375 0.19143517031249999 0.6019188671875 0.196377096875 0.607004284375 0.19996444062500002 0.607968965625 0.208634825 0.6047620640625 0.212211378125 0.5970846203125 0.21232703125 0.5880787921875 0.2231831359375 0.5762636640625 0.2249895375 0.5607115015625 0.24720750468750002 0.54828455 0.2802345390625 0.5464768765625 0.31798687187499997 0.5620151421874999 0.3237236859375 0.615026790625 0.33038872812500003 0.6283706296875 0.3272022796875 0.6366321015625 0.351775559375 0.628988553125 0.3586757890625 0.6250034015625 0.3908971484375 0.629908490625 0.419863446875 0.6375381421874999 0.44091799531250003 0.6806748687499999 0.40742835624999996 0.68909971875 0.4032303921875 0.7010982265625 0.40739210625 0.7073625453125 0.4010554578125 0.7129611484375 0.38441550156250004 0.7130597843750001 0.37342217031249997 0.704285128125 0.369076190625 0.6961931359375 0.3784258078125 0.6922049328125001 0.379300096875 0.6861717828125 0.3704346609375 0.678973628125 0.3435384328125 0.67963629375 0.322494671875 0.6720574890625 0.3116169890625 0.6594441078125 0.3073288359375 0.653111996875 0.3000963234375 0.6640610828125 0.27862620625 0.6708046921874999 0.24527767812499998 0.667247984375 0.24031028906250002 0.65387025 0.23671215937499998 0.65903735625 0.22591387968749999
12 0.3145062140625 0.29909043281250003 0.31460485 0.2880971015625 0.309984825 0.2854526609375 0.3066792875 0.300022546875 0.3013288046875 0.30485270937500003 0.290892903125 0.306095528125 0.2880019140625 0.3114314484375 0.29589663125 0.3240684921875 0.308975403125 0.32929955 0.3037266078125 0.3544834515625 0.2931412265625 0.35654273124999997 0.2875256765625 0.3697903984375 0.2751465171875 0.38164723125 0.27003025625 0.4026223796875 0.2526504203125 0.42785331718749997 0.250391253125 0.43670796562499997 0.253832375 0.4492763984375 0.2633713875 0.45293235468750004 0.273905925 0.4406962046875 0.281566421875 0.4371882625 0.319671625 0.44163522187500004 0.3257864640625 0.43611503437500004 0.331982990625 0.41620922968749996 0.34070680468750003 0.410378340625 0.35267141562500004 0.407755475 0.35800495 0.399533021875 0.3565409828125 0.38313515625 0.35020887031250003 0.3759026453125 0.34801444375 0.3669793828125 0.348986071875 0.361672375 0.3566874125 0.3509716234375 0.3675887046875 0.35067170625 0.375082771875 0.3445879375 0.3759627109375 0.3362968734375 0.3671372109375 0.3217740234375 0.3666209734375 0.31065425156250004 0.36475940625000003 0.30688264374999996 0.3609206828125 0.30694046875000003 0.34766158593749996 0.327088365625 0.3406159640625 0.330722746875 0.326589459375 0.320213596875 0.3145062140625 0.29909043281250003
12 0.749377315625 0.4503608203125 0.74653411875 0.43452653750000003 0.7506687515625 0.4014887171875 0.7500199828125 0.394577696875 0.747244578125 0.3923125765625 0.7248610171875 0.3995705484375 0.721986975 0.40829875781249997 0.7253633546875 0.43864510156250003 0.7101918453125 0.4448445203125 0.6939909125 0.4601514703125 0.690203034375 0.4703861640625 0.6936102625 0.47617001718749996 0.7241875046875 0.4799161640625 0.7350887968750001 0.47961624687500004 0.7416690265625 0.4750389640625 0.749377315625 0.4503608203125
12 0.7099328796875 0.5159561671875 0.6993305515625 0.5146231609374999 0.67403905 0.5238247640625 0.652137828125 0.5354179296875 0.644660709375 0.5448939875 0.646522278125 0.5486655953125 0.6737261906249999 0.55341246875 0.6799427171875 0.5682460234375 0.686274828125 0.5754785359375 0.6991702234375 0.574741475 0.7135773796875 0.569232078125 0.71585349375 0.5637697187499999 0.7150352453125 0.5229358015625001 0.7099328796875 0.5159561671875
12 0.7806941703125 0.540673578125 0.78220593125 0.535901240625 0.7717161359375 0.49562012031249997 0.7497301734375 0.4902518359375 0.7422361078125 0.4963356046875 0.7369703640624999 0.5181272156250001 0.746943921875 0.547288565625 0.7586265171875 0.5496909171875 0.7806941703125 0.540673578125
9 0.6852901484375 0.5320687921875 0.712507959375 0.5088608828125001 0.7391617390625 0.49570340625 0.7416042859374999 0.49281687500000004 0.7314588734374999 0.49073062343749996 0.6883245203125 0.46322226562499996 0.6844519 0.4564955140625 0.6539763468750001 0.47310310624999996 0.6308114828125 0.4776588125 0.5962829828125 0.5129186046875 0.5868456578125001 0.5296163875000001 0.609113634375 0.5299594562500001 0.616210103125 0.5365019453125 0.6158125015625 0.5491282015625 0.6276615265625 0.5541063796875 0.6486489140625 0.5440196984375001 0.6620097 0.5442255406250001 0.67319300625 0.5389004078124999 0.6852901484375 0.5320687921875
0 0.3775853140625 0.44591948906249995 0.361815878125 0.4553847609375 0.3606539234375 0.46870104062499995 0.36469297031250003 0.47800362031250004 0.37240431093750004 0.484672546875 0.391166425 0.49022509843749995 0.418934365625 0.4849215421875 0.426411484375 0.4754454828125 0.4219070453125 0.4652 0.4008518671875 0.4617175203125 0.38730770312499996 0.4555435640625 0.3775853140625 0.44591948906249995
10 0.49440821718750005 0.4385959171875 0.4976829078125 0.448588521875 0.5085842015625001 0.4482886046875 0.511475190625 0.4429526859375 0.509613621875 0.43918107656250005 0.49931025625 0.43621514218749996 0.49440821718750005 0.4385959171875
1 0.41839813281250005 0.43906240937499996 0.40256090312500004 0.43495851874999997 0.40073323125 0.43797149218750003 0.40153148125 0.44406604843749997 0.4169033171875 0.4472270359375 0.41839813281250005 0.43906240937499996