9 0.38362440625 0.60866589375 0.3699395171875 0.6222056578124999 0.36042528906250004 0.6195444796875 0.3466695140625 0.5287498421875 0.33929571875 0.5145246234374999 0.3339764453125 0.47994540625 0.32786897656249997 0.4618009953125 0.31547470624999996 0.45570447343750003 0.31032725 0.4387051765625 0.309542809375 0.43125387187499997 0.3160910875 0.42168975 0.320302825 0.421826840625 0.3243632828125 0.41255302968749996 0.33686775468749997 0.41172241718749997 0.34234581875000003 0.4079403140625 0.33491791875 0.3214358203125 0.32072133593749996 0.25834971875 0.309135803125 0.243987409375 0.301022396875 0.2147628109375 0.2920554234375 0.20135207500000002 0.28400363125 0.19663452812499999 0.27086048281249997 0.0957112765625 0.25783680625 0.06768824062499999 0.2536082890625 0.035496021875 0.1972176953125 0.042076403125 0.2101479515625 0.10908169999999999 0.2211208609375 0.1335726234375 0.217562825 0.139644953125 0.2183678046875 0.155265275 0.343886409375 0.7415313796875 0.3733217390625 0.901524771875 0.3815901796875 0.9162741625 0.3882692 0.9079519234375001 0.4247722546875 0.8081495875 0.4178840984375 0.7586677609375 0.38796688281249997 0.6100448671875001 0.38362440625 0.60866589375
11 0.3793174921875 0.51991149375 0.3807313390625 0.5492893125 0.3955816234375 0.6185848375 0.3992909375 0.6219234078125 0.46977917812500003 0.613697934375 0.47442796718749997 0.6100126015625 0.4610233390625 0.50660558125 0.3807799265625 0.5178551265625 0.3793174921875 0.51991149375
11 0.3802554484375 0.106202765625 0.38981450781250004 0.1013158703125 0.3790900546875 0.0233674765625 0.3779993015625 0.020980478125 0.28677922499999997 0.031625210937499995 0.298071471875 0.106993065625 0.301932065625 0.11974253906250001 0.30660139218750004 0.124226225 0.3802554484375 0.106202765625
11 0.3498746484375 0.4076903234375 0.425906321875 0.3963036890625 0.4332390421875 0.3941908703125 0.43463610937499997 0.3915135625 0.42834004062500003 0.323734103125 0.42105215312500005 0.31829884375 0.3800703671875 0.3117668609375 0.3525736046875 0.313718396875 0.3472262796875 0.3187423828125 0.34754561875 0.36961931406250004 0.3437877171875 0.3977149296875 0.3454668015625 0.40569040625 0.3498746484375 0.4076903234375
11 0.40492075937500005 0.069381703125 0.3940953734375 0.07818779218750001 0.3992596109375 0.12724221875 0.405522115625 0.130911421875 0.434546684375 0.1275244609375 0.44493501875 0.12254079375 0.4381570671875 0.0661318328125 0.43623703750000004 0.0638416046875 0.40492075937500005 0.069381703125
11 0.4717107140625 0.265244578125 0.4675232703125 0.24939039375 0.46381395625 0.246051821875 0.45117874375 0.24564054999999999 0.4237678890625 0.2563820453125 0.42686082187499996 0.293735340625 0.43032919375 0.3027591625 0.43940636875 0.3092427640625 0.47353732031250007 0.3065170671875 0.47582902968749996 0.3043639296875 0.4717107140625 0.265244578125
11 0.471676909375 0.48021957187500003 0.47533763437500004 0.51499233125 0.4814899375 0.5255886656250001 0.5021564015625 0.522548465625 0.5060412890625 0.5195808468750001 0.5046928109375 0.49082396875 0.49891219062500003 0.47578426875 0.47396861875 0.47806643437499996 0.471676909375 0.48021957187500003
6 0.28220883125 0.0918727234375 0.2753131625 0.09016311875000001 0.2738058953125 0.0997675609375 0.28010196249999997 0.16754701875 0.28605815625000003 0.17628052968750002 0.2995880109375 0.1772159734375 0.30377920937499997 0.169184046875 0.29911739375 0.11692813906249999 0.29340214375 0.10250938125 0.28220883125 0.0918727234375
6 0.3692765453125 0.5361688874999999 0.3542842546875 0.5372898109375 0.3503993671875 0.5402574312499999 0.3624106859375 0.62245565 0.37701075624999997 0.6176090734375 0.380438053125 0.6102948578125 0.3692765453125 0.5361688874999999
6 0.3017767890625 0.4133030015625 0.31071947031249997 0.4424308296875 0.3492582671875 0.4417050484375 0.3607373546875 0.4391083796875 0.3623753640625 0.430745821875 0.35417229375 0.41661737343749994 0.322639365625 0.412125628125 0.3057270484375 0.4109563234375 0.3017767890625 0.4133030015625
12 0.0334300828125 0.6551882078125 0.0433813625 0.6540269640624999 0.0586799671875 0.647841734375 0.0648117296875 0.6502690515625 0.0781211828125 0.6650587625 0.0834442109375 0.67575186875 0.08468624375 0.6875497687500001 0.0733136015625 0.7071054140624999 0.074621003125 0.7195242562499999 0.084527453125 0.7259110875 0.082975353125 0.74306360625 0.0642251578125 0.77228014375 0.0432972125 0.772836575 0.030747909375 0.7812152640625001 0.02917526875 0.7901987640625 0.035066090625000004 0.79831133125 0.04866131875 0.7998677171875 0.0608389390625 0.79593239375 0.0819013796875 0.7727317359375 0.1861245953125 0.7819410203125 0.1922563578125 0.7843683390625 0.20545936406249998 0.782199071875 0.21737550468750003 0.7757799828125 0.2307503234375 0.791190634375 0.24770747499999998 0.7848118625 0.2560450421875 0.776296084375 0.2669563359375 0.7762799546875 0.28262286875 0.7895374703125 0.306933278125 0.7892148999999999 0.316075821875 0.7963194437500001 0.33036958125 0.7965371765625 0.3328368625 0.788077846875 0.31891854531249997 0.759530640625 0.3129782546875 0.719052471875 0.317082665625 0.6384308015625 0.3108201609375 0.6347615984375 0.292183925 0.6331648921874999 0.27518569843749996 0.623205628125 0.25373479374999997 0.6187945218750001 0.20991404062500002 0.6251652328125 0.192650578125 0.6366083109375 0.1756934265625 0.64298708125 0.1703666421875 0.6561800859375 0.166674109375 0.6848966437499999 0.16285459375 0.6884852046875001 0.1537325859375 0.689549678125 0.1308846125 0.6878158812499999 0.12302893125 0.6849611609374999 0.10458880625 0.68522728125 0.099155575 0.681461309375 0.0823572125 0.649478759375 0.07199317499999999 0.638745334375 0.0542964140625 0.6301247234375 0.031207498437499998 0.6340761765625 0.026317765625 0.6434467578125 0.029022234375 0.653188290625 0.0334300828125 0.6551882078125
12 0 0.3352103859375 0.026497332812500003 0.334169203125 0.056110235937499996 0.336370721875 0.08308027968750001 0.353337759375 0.08678959375 0.35667633125 0.08750866562500001 0.36350669375 0.07831753281250001 0.3878363359375 0.07283946875 0.3916184390625 0.05018760625 0.39174746875 0.04649883125 0.3965779140625 0.0457554640625 0.4054646453125 0.053304834375 0.41338367187499997 0.0765244890625 0.410674103125 0.0857566984375 0.40268249687499996 0.0945107796875 0.3821752765625 0.093750634375 0.3590068796875 0.10381211562499999 0.350918503125 0.1129341234375 0.349854028125 0.13230996875 0.3664501171875 0.15312771249999999 0.37282081875 0.1762577046875 0.3852074 0.21326869531249998 0.3859170453125 0.230487325 0.3820220421875 0.22966180937499997 0.35823270156250003 0.208517215625 0.348757290625 0.2062703359375 0.3433623515625 0.211486921875 0.3370964796875 0.23704311718749999 0.3246856984375 0.24538068281249997 0.3161699203125 0.2469533234375 0.3071864203125 0.238757765625 0.24528575 0.22109281093750002 0.1731758265625 0.21382546093750002 0.1759095859375 0.186063459375 0.1992634640625 0.17222729375 0.203392328125 0.1589140875 0.212488728125 0.1369812953125 0.2194481203125 0.12988576093749998 0.2397617984375 0.12216081875 0.2381489625 0.1090885546875 0.24156011249999998 0.103475996875 0.2679864421875 0.10598059687500001 0.29975125937499997 0.103055725 0.30386399375 0.0955922640625 0.3047349265625 0.0937581453125 0.3112346578125 0.0851590984375 0.3172666671875 0.0769111953125 0.310686296875 0.07222133124999999 0.29803359218750003 0.0493771140625 0.27241368593750004 0.03665599375 0.263212453125 0.009510375 0.25255160625 0 0.2531493796875 0 0.275030446875 0.006254896875000001 0.277445740625 0.026222828124999997 0.2757441953125 0.035038521875 0.2797440296875 0.06772381875 0.311129828125 0.0678750953125 0.32054072968749997 0.0608692265625 0.32575825625 0.0166357171875 0.32023429531250003 0 0.3194415984375 0 0.3352103859375
12 0.37406485312500004 1 0.351312309375 0.9795215531249999 0.34171968750000004 0.9202981937500001 0.305672465625 0.896847553125 0.30508413437500004 0.8912590734375 0.31765773125 0.86716329375 0.31674630625 0.8345839921874999 0.3249325953125 0.8166573125 0.32185644375 0.8113591453125 0.314196871875 0.810367253125 0.3055567484375 0.8000612265625 0.29866108125 0.7983516203125001 0.2831663671875 0.802674025 0.239975021875 0.8309712484375 0.22838573125 0.84049505 0.21160039843749998 0.864453740625 0.206122334375 0.86823584375 0.1994881484375 0.8690100046874999 0.177142596875 0.8640747281250001 0.17247326875 0.8595910437500001 0.1727870953125 0.8067545140625001 0.1615284109375 0.795496915625 0.1474307625 0.7971420109375 0.140314690625 0.809286671875 0.1427576765625 0.8165444374999999 0.1505479890625 0.8187782140625 0.1609363234375 0.8137945484375001 0.1673949390625 0.8193265765625 0.1621297671875 0.8570266328124999 0.1561492828125 0.8640102171875 0.1413736375 0.8751629843750001 0.130593084375 0.8764209984375 0.082670796875 0.875727484375 0.0692511453125 0.8678649078125 0.0564403609375 0.8737598265625 0.0505252453125 0.8813643515624999 0.049585768749999995 0.8883882546875 0.0561097546875 0.8945412265625 0.0890397484375 0.8963556640625001 0.12910635312500002 0.8941944578125 0.135172746875 0.8960008343749999 0.1371133125 0.9064600796875 0.122423578125 0.9264028062499999 0.113408015625 0.9444262578125 0.1016431546875 0.9602562499999999 0.08859142812500001 0.9718364203125001 0.0744937796875 0.9734815140625 0.0642156484375 0.971538046875 0.056315134375 0.9762314015625 0.049002953125 0.9865132359375 0.053627446875 0.998544996875 0.076279309375 0.9984159671875 0.08437593593750001 0.9955854390625 0.0967944984375 0.9859648671875 0.1411251828125 0.9286204546875 0.15599049062499998 0.9023715359375 0.17155057499999998 0.8986700750000001 0.1778579125 0.894791203125 0.1985243765625 0.891751003125 0.2022990625 0.895710515625 0.20940762343750002 0.9313380765625 0.2258137609375 0.9595949718749999 0.2400626890625 0.9673607796875 0.2536579140625 0.968917165625 0.26786200937500004 0.984231046875 0.2794923734375 0.9910452796874999 0.30705450624999997 0.9897146875 0.32830930468749997 0.9922629671875001 0.3476644734375 1 0.37406485312500004 1
10 0.29724195937500003 0.38617508906250003 0.300318109375 0.39147325624999996 0.3096362265625 0.392271609375 0.31961180312500004 0.3753932734375 0.314766903125 0.37721577968750003 0.307675125 0.373643346875 0.2979853234375 0.37728835781250003 0.29724195937500003 0.38617508906250003
9 0.4584811765625 0.7137018703125 0.4511036234375 0.7233627625 0.44033985 0.7566759046875 0.433158409375 0.7681996234375 0.42601804374999996 0.796061378125 0.42862909218749995 0.8447851734375 0.43652584843750003 0.8639779265625 0.444839121875 0.871179240625 0.449418784375 0.8907590781250001 0.45293198749999997 0.8922348234375 0.4559876015625 0.8893639734375001 0.4757501546875 0.805972253125 0.4764319046875 0.7725784703125 0.48180352187500003 0.751837390625 0.4798218796875 0.725040109375 0.4755242359375 0.716113059375 0.4692617296875 0.71244385625 0.4584811765625 0.7137018703125