4 0.9202912328125 0.74535581875 0.9237891828125001 0.7346329671875 0.9315869734375 0.73157886875 0.9221807609375 0.6633128828125 0.9325393125 0.6345376218750001 0.9271960171875 0.60683491875 0.9238769187500001 0.601521090625 0.9045708671874999 0.6082808656250001 0.8657462406249999 0.611729140625 0.8652340875 0.616873371875 0.8752686000000001 0.6462794203125 0.8667025796875001 0.6570498671875 0.8172006250000001 0.6741664953125001 0.8043376656250001 0.6764252984375 0.7975612734374999 0.670033825 0.7903627421875 0.6426569093750001 0.7810865703125 0.644285853125 0.7789752609375 0.6471837593750001 0.782477840625 0.6709977859375 0.7919665328125001 0.6794401156250001 0.8182585953125001 0.6899859828125 0.8392265109375 0.7031515609375 0.8553969515625001 0.70957815625 0.8654123140625 0.708661790625 0.8691082640625 0.7122246750000001 0.87805576875 0.7342401656249999 0.8902451453125 0.7481049171875 0.90234278125 0.7527195734375 0.912237365625 0.7509820328125001 0.9202912328125 0.74535581875
4 0.8185397046875 0.5366229640625 0.8232454390624999 0.5341118484375 0.8240281859374999 0.522181034375 0.8209506453125 0.518509553125 0.8155057203125 0.52030809375 0.7863823062499999 0.5422699703125 0.7815122390625 0.556603303125 0.7821016125 0.5649236328125 0.7854207078125001 0.5702374609375 0.7841693671875001 0.5746691171875 0.7749849359375001 0.5855481609375001 0.7701584234375 0.587238103125 0.7711246515625 0.5938074906249999 0.7795890421875 0.612538284375 0.7840387 0.612599284375 0.8513973671875 0.5788688015625 0.8545039421875 0.574111359375 0.8550306125 0.5647526625 0.8513782171875001 0.5485463875 0.8460831078125001 0.542737175 0.8344395515624999 0.549836140625 0.8213321296875 0.5512954875 0.8154186093750001 0.545594871875 0.8185397046875 0.5366229640625
4 0.75179945 0.57024485 0.748209759375 0.5717176 0.7412138609375 0.5931633 0.7424071296875 0.6055894984375 0.74918061875 0.612823865625 0.7691968250000001 0.6152055953125 0.7615006625 0.5887584515625 0.75179945 0.57024485
4 0.2778540640625 0.7596123390625 0.2677179234375 0.7597075328125 0.264369790625 0.7628226296875 0.25067762656250003 0.7904985265625 0.2315068703125 0.7938650093749999 0.22554979375 0.800807784375 0.21867930625 0.8576115359375001 0.2208678375 0.8681781921875 0.2262837265625 0.8748085781249999 0.235047746875 0.8783238671875001 0.247913609375 0.8752221734375001 0.25486595156249997 0.8664198624999999 0.2597360203125 0.852086528125 0.261436809375 0.8248316156250001 0.26817663125 0.8059580296875 0.274012928125 0.7981940843750001 0.275307825 0.7811190390625 0.280042596875 0.7701789953125 0.2778540640625 0.7596123390625
12 0.43542020781249996 0.44637516718750003 0.46603189218749996 0.3870871046875 0.4739022765625 0.36296069062499997 0.47086829375 0.3466458203125 0.4393055265625 0.287324934375 0.4313097328125 0.276093296875 0.41269468593749997 0.261672159375 0.397350546875 0.2306713625 0.391784840625 0.231648728125 0.3887990453125 0.237227346875 0.3628257625 0.24178838906250003 0.353201771875 0.2367393484375 0.330866365625 0.26172113124999996 0.311168940625 0.274446309375 0.28957272343749996 0.30014067031249997 0.274025325 0.3281423546875 0.2631836625 0.353632921875 0.25440975312499997 0.388868975 0.2110193203125 0.4259719546875 0.19486802812499998 0.44986777343749995 0.18737449687500002 0.47224324375000004 0.1836976953125 0.49900277343750005 0.1857073765625 0.525606109375 0.19364509531250002 0.5536956015625 0.19857786875 0.5570412921875 0.2062548828125 0.5531660203125 0.2364026 0.5209156796875 0.245635215625 0.5319301249999999 0.24562069687500002 0.5361445875 0.24100670625 0.5479058046875 0.239064359375 0.573518371875 0.23132927187500002 0.5942514953125 0.232145684375 0.6084286359375 0.191760196875 0.6702754125 0.1918374203125 0.683739975 0.2006786640625 0.700719825 0.226941690625 0.71969461875 0.267863109375 0.7175629031249999 0.2745303375 0.7197616328125 0.3134902609375 0.71292006875 0.3617124671875 0.6008389249999999 0.3615144640625 0.5865531875000001 0.3927352984375 0.45808277343750003 0.40359611093750003 0.46291462031249997 0.4110170484375 0.4616114640625 0.43542020781249996 0.44637516718750003
11 0.46789450468749993 0.7793103625 0.471121859375 0.7753740921875 0.4638705140625 0.6915668109374999 0.4626627265625 0.683355078125 0.4595851890625 0.679683596875 0.4485745609375 0.682459503125 0.430853146875 0.6956800671875001 0.4161947546875 0.7167865765625 0.4183008078125 0.787176890625 0.42086619374999995 0.7959926046875 0.46789450468749993 0.7793103625
11 0.661582709375 0.7806777828125 0.709094134375 0.767280234375 0.694697075 0.7125264078125 0.6880443640625 0.7061132140625 0.6800050140625 0.707524965625 0.66610033125 0.7251295890625 0.639856453125 0.7364772109375 0.6403877546875 0.7616553953125 0.6471612453125 0.7688897609375 0.650707378125 0.7800604 0.661582709375 0.7806777828125
11 0.382708165625 0.8212257718749999 0.3884817578125 0.7957828 0.3881147921875 0.7587824015625 0.38152015625 0.73551135625 0.37782420625 0.7319484703125 0.36952877968750003 0.7359323375 0.37028711875 0.7669673296874999 0.36727691562500003 0.8155117531249999 0.3756640828125 0.820777984375 0.382708165625 0.8212257718749999
11 0.5371565921875 0.7671475812499999 0.5169905703125 0.7723736046874999 0.5126471703125 0.7773482406250001 0.518323765625 0.815943390625 0.5285806843749999 0.8166693703125001 0.546031503125 0.8102353843750001 0.5393741609375 0.7692853125 0.5371565921875 0.7671475812499999
11 0.4779144984375 0.8129308734375 0.4741413234375 0.795903425 0.4630534734375 0.78521476875 0.45575331406249997 0.787339096875 0.45664695 0.8149808000000001 0.4604201234375 0.8320082484375 0.47414595468750004 0.8304403031250001 0.4779917203125 0.8263954359374999 0.4779144984375 0.8129308734375
11 0.3295392953125 0.8263505890625 0.3319548671875 0.8427740546875 0.34396076249999996 0.8381386109375001 0.3465360375 0.808202984375 0.3442267265625 0.7968151515625 0.330984009375 0.8016677890624999 0.3295392953125 0.8263505890625
9 0.524480096875 0.6076361578125 0.5518690562499999 0.5868212453125 0.691374603125 0.4570255078125 0.7021727125 0.44417832968750004 0.7020664515624999 0.4391426921875 0.6852921171874999 0.4286102265625 0.6676723359375 0.4123295515625 0.65445865625 0.4087532625 0.596622975 0.369208928125 0.583530075 0.3664538140625 0.5415942406250001 0.34012265468749997 0.5149398421875 0.32711326875 0.497020428125 0.326048096875 0.48113972968749996 0.34315733437499996 0.4509821265625 0.41415901875000005 0.39573035624999997 0.5215779109375 0.356571803125 0.6219588375 0.3303180390625 0.6720577999999999 0.3278008375 0.6851355765625 0.3292646984375 0.6907751921874999 0.3345598078125 0.6965844046874999 0.3464158859375 0.6995567140625 0.360504053125 0.7004522875 0.37584356093750004 0.6969162078125 0.40434856406249997 0.675062928125 0.4169101640625 0.652639859375 0.428070609375 0.6422562015625 0.44513005625 0.641787621875 0.463503546875 0.6545664125 0.47314205468750004 0.655400990625 0.524480096875 0.6076361578125
13 0.4989608921875 0.623910821875 0.5068794624999999 0.621677896875 0.510164890625 0.600883771875 0.50380718125 0.5447181953125 0.5007441609375001 0.5368322515624999 0.493337740625 0.53392094375 0.48380549375 0.5381220046874999 0.48386819843750006 0.5558010296875 0.48901812187499993 0.6037548734375 0.4947673078125 0.62127770625 0.4989608921875 0.623910821875
0 0.8807478203124999 0.5627637359375 0.84124670625 0.5831784578125 0.837130346875 0.5940099046875 0.8383526515625 0.5980071765625 0.8627894812499999 0.60887883125 0.9158375703124999 0.6029328421875 0.9773599390625 0.57696630625 0.9913854015625001 0.5601828578125 0.9904482109374999 0.54518454375 0.9844284296874999 0.534448290625 0.9704755593750001 0.530159425 0.9368543 0.5301668140625 0.9016048453125001 0.5363568015625 0.8926474531249999 0.553092653125 0.8807478203124999 0.5627637359375