9 0.3388638671875 0.6022420609375 0.320327653125 0.59927151875 0.258813459375 0.579073378125 0.24932743125 0.58008201875 0.246473359375 0.58406414375 0.2480925359375 0.5942141750000001 0.2194270640625 0.6139533578124999 0.20455450625 0.6120757078125 0.15669848749999998 0.58614269375 0.13724899375 0.5864537671875001 0.10489878593749999 0.576661353125 0.012612535937499999 0.6003101921875 0.0111491796875 0.60271690625 0.0157677078125 0.60722220625 0.0504324484375 0.626376946875 0.19853585468749999 0.6952932406250001 0.206267965625 0.7000165296875 0.21382374531249998 0.7139277515625 0.2233513640625 0.7196131375 0.43891610468750003 0.8267081171875 0.451515715625 0.825917465625 0.48030539375 0.7760769703125 0.4922612125 0.746804015625 0.516256028125 0.7016461578125 0.5267795421875 0.6672545890625 0.526883234375 0.6588979562499999 0.522742140625 0.6560988625 0.38172761718750003 0.6136069390625 0.3441051125 0.6067909578124999 0.3388638671875 0.6022420609375
12 0.4037012875 0.8066784765625 0.39846004218750003 0.8021295796875 0.3897420109375 0.8015192093750001 0.3788758046875 0.8183226140625001 0.3323794484375 0.798339515625 0.3056752796875 0.7956335078125 0.282966921875 0.7973892 0.25996800000000003 0.80247010625 0.23903463593750002 0.8269325765625 0.22124534375 0.793904321875 0.225739103125 0.778327546875 0.2251474359375 0.7707586203125001 0.20660068437499998 0.7535687265625 0.1926103578125 0.7559347890625 0.1785889796875 0.7658261796875 0.1431568046875 0.7984738359375 0.1261776640625 0.8207039828125 0.0987992140625 0.8472243859375 0.08890838906250001 0.8456955171875 0.07344416875000001 0.8362489421875001 0.033984565625000004 0.8217768375000001 0.023948459375 0.8219105750000001 0.0242495625 0.8328047156249999 0.0403159875 0.864039571875 0.0647267015625 0.8858219593750001 0.0803362046875 0.893605928125 0.0881825453125 0.9041919375 0.0976480625 0.9249279796875 0.0978870640625 0.9508727765625 0.104643790625 0.9739283359375 0.3487486703125 0.9910186734374999 0.35394832656249997 0.9888735453124999 0.3563976015625 0.9823539109375 0.3649287625 0.9779328625 0.3662778875 0.9696634265625 0.370522671875 0.9641058890625 0.3758049421875 0.925165425 0.385051971875 0.8982119890625 0.4010446265625 0.8299113734375 0.4037012875 0.8066784765625
12 0 0.8485235515625 0.0250386375 0.8596244125 0.0325112375 0.8601475859375001 0.033424515625 0.8568659703125 0.0243948453125 0.8311421093750001 0.036257509375000004 0.8244451390625 0.0746896015625 0.8363361375 0.092021971875 0.84591350625 0.11186572187499999 0.8339205875 0.1310451640625 0.81519004375 0.155081571875 0.776726209375 0.1677538234375 0.77510425625 0.17609811250000001 0.7656517890625001 0.1961597859375 0.7511649578124999 0.19483117187500001 0.7376897125 0.1846702984375 0.7177413765625 0.17323293906249998 0.705231175 0.151686834375 0.6936860125 0.147026715625 0.6824866875 0 0.598767434375 0 0.8485235515625
12 0.795047290625 0.8165133265625 0.79885623125 0.8159436078125 0.8028415046875 0.80618595625 0.7926079890625 0.787068925 0.774071775 0.784098384375 0.7765726140625 0.7483087421875 0.8079263640625 0.7479947218749999 0.836270221875 0.73910608125 0.8391553437500001 0.7275986265625 0.8348273796875001 0.7197681140625 0.839767521875 0.7134228703125001 0.8525124156249999 0.7109696140625 0.8591754249999999 0.706417771875 0.8643955921875 0.6825279625 0.8729578046875 0.670581584375 0.8725840625 0.6605187484374999 0.8991113343749999 0.6222293046875 0.8890752281250001 0.6223630453125 0.8594859375 0.6311644890625 0.7837324421874999 0.6233516484375 0.772679365625 0.635123634375 0.7587411671875001 0.6584030750000001 0.741305103125 0.6571823359375 0.7255813703125 0.6435356453125001 0.7256229609375 0.65022966875 0.7510617500000001 0.72477655 0.7409225171875 0.7834503078124999 0.7421474375 0.8052821859374999 0.7437976640625 0.8079068890625001 0.76130636875 0.8082963218750001 0.7883948203125 0.8352845203125 0.8033195046875001 0.8580755484375 0.80014381875 0.8729082171875 0.8027178640624999 0.88647065625 0.809681978125 0.8928129546875001 0.8192406468750001 0.8909730124999999 0.822312640625 0.884496975 0.8136567124999999 0.86883595 0.8077822109374999 0.8500241031250001 0.7788566609375 0.8153797828125 0.78518751875 0.8074591281249999 0.795047290625 0.8165133265625
13 0.34344080625 0.600053334375 0.3385112015625 0.6206179296875 0.3389892015625 0.672507521875 0.34228965625 0.677756928125 0.3535711953125 0.6777103859375 0.3580339015625 0.6696589390625001 0.3592371796875 0.6128687234375 0.3532900390625 0.594888178125 0.3464401578125 0.594408603125 0.34344080625 0.600053334375
11 0.25646787656250003 0.5772363796875 0.25936240625 0.4795815046875 0.1695043546875 0.46827200468749997 0.1686543078125 0.5568697390625 0.1868273171875 0.5639967953125 0.25646787656250003 0.5772363796875
11 0.4286997125 0.48474608124999996 0.431034759375 0.47236372656250003 0.430131453125 0.4396813078125 0.38225492031249997 0.43549297343750004 0.38040784843750003 0.4638008875 0.3970554 0.48838531406249996 0.4211960640625 0.49174823593749994 0.4286997125 0.48474608124999996
11 0.073377546875 0.44983250156250004 0.071883140625 0.45976454375 0.077914025 0.5413165249999999 0.0859367 0.5427145984374999 0.0969171359375 0.5317739171875 0.0940625015625 0.4855726546875 0.090201434375 0.46522899375 0.0809643765625 0.4562183953125 0.0774770515625 0.4459375703125 0.073377546875 0.44983250156250004
11 0.2651326484375 0.456566596875 0.2656200578125 0.4223087671875 0.23089321406250002 0.418204684375 0.22894245 0.454869228125 0.2651326484375 0.456566596875
11 0.172161015625 0.44503910781249995 0.1725031421875 0.412443884375 0.14455353906249999 0.40965068125000004 0.1438066171875 0.43970839687499996 0.1522340859375 0.443643978125 0.172161015625 0.44503910781249995
4 0.5291123296875 0.45413868593749995 0.5181629437499999 0.45755403906250003 0.479067109375 0.48910880624999997 0.477935909375 0.49488433125000003 0.48416307343750004 0.495320309375 0.49892139843749994 0.49133523749999997 0.50580233125 0.4842894859375 0.517924509375 0.48179263125 0.5195747359375 0.48441733437499995 0.547368659375 0.4871996390625 0.5524023796875001 0.49591595312500003 0.55325355625 0.5076849921875 0.57347105 0.505754909375 0.572433 0.48895445000000004 0.5597396703124999 0.46213769843749997 0.55167540625 0.4540455984375 0.5511874328124999 0.43812004218749995 0.5469321078125 0.429458225 0.5400095859375 0.42980995312500003 0.5338966515625 0.435236696875 0.5291123296875 0.45413868593749995
8 0.550441075 0.51836114375 0.552360790625 0.489221928125 0.5064976890625 0.48350178125000004 0.5049306421875001 0.4942651265625 0.507068840625 0.5128153875 0.550441075 0.51836114375
9 0.8398601093750001 0.6406634984374999 0.8269283453125 0.6380853390625 0.8199642328125 0.6317430421875 0.789596403125 0.62794414375 0.7760524609375 0.6395417390625 0.77353054375 0.6468926749999999 0.759623396875 0.6626467859375 0.7433601249999999 0.6623445484375 0.7368734484374999 0.6577084546874999 0.7253944999999999 0.6385042265624999 0.6972053328125 0.5595828390625 0.68485469375 0.550354253125 0.654486865625 0.546555353125 0.6351410625 0.538509796875 0.620891225 0.5366757437499999 0.6048564140625 0.5480989484375 0.5809752640625 0.5489361421875001 0.5650236328125 0.57374739375 0.531169609375 0.6600344453125 0.534106859375 0.66944036875 0.5593166218750001 0.6820784203125 0.607380025 0.691298171875 0.693076471875 0.721553259375 0.72143086875 0.726883971875 0.741876821875 0.7366793296874999 0.7599356015625001 0.737943665625 0.7651768453125001 0.7424925625000001 0.8062761359374999 0.7453700171875 0.8202664640625 0.74300395625 0.8328244859374999 0.7355192796875001 0.8365086578125001 0.7148674890625 0.849284603125 0.704888903125 0.8827859609375001 0.6369777234375 0.8812083749999999 0.6335217156249999 0.8655678203124999 0.633263075 0.8398601093750001 0.6406634984374999
6 0.193791428125 0.5703390921875 0.184232759375 0.5721790359375001 0.163838934375 0.5832970546875 0.16292565312500001 0.5865786703125 0.1658213140625 0.5892905703125 0.1958675265625 0.6039400109375 0.21184023437500002 0.6075674640625001 0.2176315546875 0.6129912609375 0.2474698203125 0.5941705765624999 0.2447194421875 0.589796071875 0.193791428125 0.5703390921875
6 0.10701590937500001 0.566772909375 0.10920567343750001 0.5560531609375 0.10444186250000001 0.55321046875 0.043872565625 0.5723887703125 0.041163778125 0.5747082890625 0.042668721874999996 0.5789956 0.0663319515625 0.580652315625 0.10701590937500001 0.566772909375