4 0.3373044421875 0.8005084328125 0.3601690328125 0.8086806953125001 0.3701753109375 0.8081986234375 0.38952684375 0.78903131875 0.396492615625 0.7844756265624999 0.41063490312499995 0.783533796875 0.4173611484375 0.7771140437499999 0.42021968750000005 0.766712621875 0.403813034375 0.7565620359375 0.4072304703125 0.750510090625 0.394742584375 0.7512680171875 0.3672629265625 0.7398273921875 0.3472503734375 0.740791534375 0.32547479375 0.747623715625 0.2991129265625 0.74488204375 0.2884391328125 0.7466987734375 0.23675612968749998 0.8211388390625001 0.23603105000000002 0.8350844796875 0.23989875781249997 0.8390661484375 0.2576181671875 0.8333150796875 0.31800397187499996 0.8266025828125001 0.32787934375 0.8185723140625001 0.32238601093749997 0.808469059375 0.32745785 0.802233209375 0.3373044421875 0.8005084328125
9 1 0.3926565921875 0.973329646875 0.3699469265625 0.8437085468750001 0.2753259984375 0.790700725 0.24151392500000002 0.780694446875 0.2419959953125 0.763294409375 0.250232478125 0.7298005843750001 0.270341615625 0.7062331953125 0.2893473265625 0.6822888765624999 0.318478603125 0.6506602046875 0.3465733890625 0.5925963249999999 0.3517673234375 0.5847235078125 0.35579361249999997 0.5706610609375 0.357356796875 0.5380009390625 0.35783615625 0.5271163984375 0.351483334375 0.509940103125 0.3288137203125 0.497960053125 0.3269942796875 0.49048644843750006 0.3341273375 0.4691100796875 0.34406628906250003 0.46835621875 0.36431742031250003 0.461709815625 0.3713585265625 0.4073827375 0.37298593125 0.4049521921875 0.38018863125 0.42537973593749995 0.41510141718750004 0.457078034375 0.4985494453125 0.46766548593749996 0.5156491859375001 0.48644512500000003 0.5312080531250001 0.489884840625 0.53838844375 0.5061318078125 0.547296321875 0.50759125 0.571713025 0.5552969890624999 0.6622048703125001 0.5688738859375 0.6764513875 0.5894741125 0.6735312328124999 0.658777184375 0.6513322203125 1 0.5377023624999999 1 0.3926565921875
8 0.6833110453125 0.29378604531249997 0.6769329484375 0.29638572343749997 0.650389115625 0.279169009375 0.65057758125 0.27410622500000004 0.681835821875 0.23659918124999998 0.701985778125 0.223645415625 0.7286447328125 0.21564016718749998 0.6689970046875 0.169331375 0.6522932640625 0.1699277078125 0.6317886609375 0.2062393765625 0.62450351875 0.20830965156249998 0.6096426484374999 0.203659296875 0.61054319375 0.223726525 0.599013415625 0.23194069687500002 0.59077016875 0.2265547265625 0.5883173421875 0.2205250921875 0.5842611703125 0.22160620625 0.562130940625 0.2517962875 0.5212786328125001 0.25381652187500003 0.45820047343750003 0.2526353234375 0.45521103281249997 0.2554885484375 0.45947794843749995 0.2625769859375 0.53063595625 0.359285078125 0.6525541390625 0.348253546875 0.7231541828125 0.2773827203125 0.7126400734375 0.2804421578125 0.6881656375 0.29891846875 0.68469714375 0.2980435703125 0.6833110453125 0.29378604531249997
11 0.46704996249999997 0.3606812484375 0.461940059375 0.320914603125 0.4549807859375 0.30593247031250004 0.43894178281249996 0.23334833437500002 0.433608134375 0.2244877859375 0.421228871875 0.2195615765625 0.33937107499999997 0.2028215125 0.312849521875 0.198837134375 0.301348525 0.20074581406249997 0.29584869375 0.210180384375 0.29816411875000004 0.228199646875 0.31822401562499997 0.32554598281249997 0.32723040625 0.36298880625 0.331497325 0.37007724531249997 0.3698392421875 0.37463835625 0.43465165 0.3762570046875 0.460454621875 0.3746491984375 0.46704996249999997 0.3606812484375
11 0.369600646875 0.209544853125 0.3747495453125 0.13208455 0.3627537140625 0.09749494843749999 0.337755665625 0.08577846875 0.23746637656249997 0.0496594625 0.22468790312500003 0.0416264828125 0.2135926171875 0.027104109375 0.19830375625000002 0.0256524765625 0.1825869015625 0.0273995640625 0.1774352203125 0.0330140609375 0.177058290625 0.043139625 0.19919315312500002 0.3198706046875 0.2046354234375 0.3230470140625 0.2369473953125 0.3263877296875 0.31968995625 0.3304248609375 0.3016391140625 0.209536721875 0.3108469671875 0.20284111249999998 0.369600646875 0.209544853125
6 0.486006 0.24702353906250002 0.489525559375 0.2548252828125 0.5422780734375 0.2540031375 0.52480840625 0.15069680624999998 0.522355578125 0.144667171875 0.5173923609375 0.14521888593750001 0.47562001093750006 0.185785365625 0.486006 0.24702353906250002
6 0.5118878812500001 0.40926652968750005 0.508230921875 0.41345441406249994 0.5244806718749999 0.4942081015625 0.5307501453125 0.49729255937500005 0.5626118453125 0.49059966250000003 0.545164459375 0.40052566718750005 0.540629234375 0.39787865624999996 0.535745859375 0.3990517234375 0.5118878812500001 0.40926652968750005
10 0.6537833359375 0.423114171875 0.63032456875 0.4364357484375 0.6287722875 0.4504733390625 0.6354409703125 0.45666456875000005 0.6479288546874999 0.45590664218750004 0.6721349828125 0.441871759375 0.6747252125000001 0.4359117671875 0.6708064453125 0.42500325468750005 0.66370976875 0.422010746875 0.6537833359375 0.423114171875
10 0.5511275609374999 0.3620490609375 0.5508304734375 0.3727959796875 0.554509715625 0.38184043125 0.5786870625 0.3741110390625 0.5862405109375 0.3675993359375 0.5884315296875 0.3585325734375 0.586218228125 0.354367 0.554784521875 0.3578611765625 0.5511275609374999 0.3620490609375
1 0.7215591875 0.5000308953125 0.7648067625 0.516651275 0.768942775 0.516191515625 0.792733909375 0.46627970625000004 0.7449223296875 0.45331780625 0.738544234375 0.455917484375 0.7221756453125 0.49176939218750004 0.7215591875 0.5000308953125
1 0.649218396875 0.5900020953125 0.6887579484375 0.603883515625 0.6971098171875 0.6035853484375 0.7028046125 0.569550171875 0.6756443234375 0.5605949625 0.653338628125 0.5567721765625 0.6475927718750001 0.5838805093749999 0.649218396875 0.5900020953125
1 0.6155463250000001 0.50425255625 0.62036285625 0.4633824875 0.5917876875 0.45647524375000004 0.5862367953125001 0.45898296875 0.5811807375 0.49798897656249996 0.6081014984374999 0.505080125 0.6155463250000001 0.50425255625
1 0.614105446875 0.584451821875 0.6124640421875001 0.5455600765625 0.590078503125 0.5411159375000001 0.58113895625 0.5433701156249999 0.5851022890625 0.5807432984374999 0.6058334203125 0.585371340625 0.614105446875 0.584451821875
13 0.536447725 0.535103190625 0.49772887656250003 0.5406676453125 0.47646113124999995 0.5449224578125 0.4583137296875 0.5538722468749999 0.4588438453125 0.5645272140625 0.4810696984375 0.5677286453125 0.503484015625 0.5658672953125 0.53908251875 0.5556078671875 0.54356668125 0.55132803125 0.543783928125 0.5399597593750001 0.536447725 0.535103190625
12 0.32394850937499997 0.6835100078125 0.3240859140625 0.6715203828125 0.3291577515625 0.6652845328125 0.33742978125 0.6643650140624999 0.34551334218749996 0.668508275 0.3460722390625 0.6728577515625 0.3515943515625 0.6766555171874999 0.3660560109375 0.6781991015625 0.371606903125 0.675691375 0.37112785000000004 0.671963253125 0.3578127625 0.6728131312500001 0.3520511234375 0.66715130625 0.35517796874999996 0.6523084546875 0.36659912499999997 0.64977841875 0.367694634375 0.6452450375 0.3497357 0.64913204375 0.3448811046875 0.6439996203125 0.3447502015625 0.636451421875 0.2765714203125 0.6478115625 0.2573062296875 0.6480623984375 0.26524589062500004 0.6837331125 0.282443075 0.6837121578125 0.2916077578125 0.686474784375 0.2879220171875 0.69696815625 0.292109090625 0.7034352421875 0.3114030625 0.6968789156249999 0.316177815625 0.7013899859375 0.31404435625 0.6978457671875 0.32394850937499997 0.6835100078125
12 0.45713001249999996 0.9037809828125001 0.4590016640625 0.89222880625 0.4519049875 0.8892363 0.44872708125000005 0.8971523046875 0.4431761859375 0.8996600328125 0.4363190390625 0.8985315859374999 0.42882315000000004 0.8924323093750001 0.425840209375 0.8757477093749999 0.4394523828125 0.8641509109375001 0.4379066 0.8586506796875 0.4321161796875 0.8592943421875001 0.4244030484375 0.8645633406250001 0.41732865312499995 0.87480316875 0.41687188124999996 0.8843073796875001 0.42193722187500005 0.8976093546874999 0.4127293671875 0.9043049640625 0.407018790625 0.9055699828125 0.4056326921875 0.9013124578125 0.401496678125 0.9017722171875 0.394588465625 0.893716928125 0.38855852031250004 0.8924965296874999 0.358938903125 0.8970495109375 0.3506380953125 0.9042745218749999 0.3500216390625 0.912536025 0.36207503124999996 0.9345146453125001 0.3630331390625 0.9419708921875 0.3516630453125 0.9514277718749999 0.3379422484375 0.9687087046875 0.342494603125 0.9929767437500001 0.3747824015625 0.9922252374999999 0.38839511875 0.98263745625 0.3912536578125 0.972236034375 0.4075581875 0.9685329328125001 0.4493528203125 0.9411987859375 0.4496211265625 0.93675735625 0.440818984375 0.9270219109375001 0.4411959140625 0.9168963453125001 0.45713001249999996 0.9037809828125001
7 0.6025728875 0.520820184375 0.60294331875 0.53023244375 0.608625115625 0.5352729171874999 0.627142946875 0.5357353875 0.629943921875 0.5379449453125 0.6453414078125 0.53371244375 0.6428087375 0.5270614546875 0.6173826953125 0.51854369375 0.60481496875 0.5186802671875 0.6025728875 0.520820184375