9 0.5590236749999999 0.7383873078125001 0.5717088890625 0.7311742515625 0.5783336078125 0.704176965625 0.581255903125 0.65531713125 0.5810696109375 0.561149653125 0.5751999343749999 0.55133569375 0.5680027640625 0.548422165625 0.4888634984375 0.5397097843750001 0.4573519734375 0.541034740625 0.44482796875 0.53488165 0.42558177812500003 0.531567625 0.390613753125 0.52932698125 0.36041697500000003 0.5312563781249999 0.3487199796875 0.5274600046875 0.306597140625 0.538137378125 0.288262678125 0.5688431656249999 0.250355496875 0.5846210593750001 0.266051834375 0.5985574296875 0.2734311859375 0.65729226875 0.2778376578125 0.6723630609375 0.2804585125 0.7194229828125 0.2775872109375 0.7382633234375 0.26967324375 0.7496464234375 0.26667898125 0.7593382890625 0.22057777500000003 0.8290631265625 0.19663230625 0.860747025 0.184082803125 0.8696036796875 0.17997735937499998 0.8811565046875 0.181415065625 0.89090941875 0.1924080125 0.90149754375 0.3276426296875 0.9806935234375 0.48299651250000003 0.972551771875 0.49658089062500005 0.970183740625 0.522821096875 0.8514025203125 0.53012436875 0.8326232265625 0.5396117546875 0.8326366406249999 0.5446799171875 0.8250841328125 0.551508203125 0.80055224375 0.5523311 0.7645627953125 0.5590236749999999 0.7383873078125001
8 0.1885953765625 0.8629816515625001 0.198299075 0.857955590625 0.2932539375 0.7288632734375 0.2819644859375 0.6074543234374999 0.2227076046875 0.5944424125000001 0.1816535890625 0.587427284375 0.1773573296875 0.5890098359375 0.188333003125 0.6913000421875 0.1528135015625 0.728336040625 0.1537083671875 0.731514559375 0.1642263265625 0.7363500890625 0.161503484375 0.7493291546874999 0.141824665625 0.75609408125 0.1441572390625 0.7690255140625 0.10497767031250001 0.8000305109375001 0.106063353125 0.813179303125 0.1221795703125 0.82454159375 0.1396911359375 0.8298252546875 0.150722328125 0.8178987609374999 0.1833746421875 0.8380492671875001 0.17829372968749999 0.8531066484375 0.17876871562500002 0.8588592421874999 0.1885953765625 0.8629816515625001
6 0.182620421875 0.62977376875 0.1141771859375 0.6433720609375 0.07246559218750001 0.6973263984375 0.074675203125 0.701109359375 0.12441508906250001 0.690771434375 0.1390384921875 0.684054140625 0.18655602031250001 0.67743813125 0.18871052500000002 0.67289441875 0.1840708765625 0.6320218078125001 0.182620421875 0.62977376875
6 0.3442538765625 0.5882597453125 0.33780311093750004 0.5943860109375 0.33070340625 0.615630703125 0.33055494687500003 0.621491978125 0.33325229218749997 0.6235226609375 0.41734950781249996 0.6080291859375 0.42137434687499997 0.6031594375 0.4224559171875 0.5779620609375 0.4203141625 0.5750009 0.3442538765625 0.5882597453125
11 0.2951205734375 0.567647696875 0.2974107875 0.5647475828124999 0.272676965625 0.44901676874999996 0.11432194375 0.4766212484375 0.112519465625 0.47776908437500004 0.1130623046875 0.4843434796875 0.12028908593750001 0.5105934265625 0.1343355140625 0.558162525 0.14716055156250002 0.5909392343750001 0.1809622875 0.5867141625000001 0.201943103125 0.58805855 0.207770421875 0.5820409625 0.2221775125 0.5803631453125 0.2340780734375 0.5866249156250001 0.2380774140625 0.5967649125000001 0.24382412968749997 0.5974304 0.2505463140625 0.5945913296875001 0.251046796875 0.58533418125 0.25584354062500003 0.5744944765625 0.2951205734375 0.567647696875
11 0 0.5545552328125 0.0097271234375 0.5732152593750001 0.0684683890625 0.5554728203125 0.12494148125 0.5439611625 0.1280714546875 0.5359128937500001 0.116383096875 0.4862654828125 0.12038038124999999 0.47723239531250006 0.2297271171875 0.45733742343749995 0.2382517828125 0.4533505171875 0.21926878749999998 0.37663135937500003 0.21505313125 0.37153083750000004 0.0075010640625 0.4160476359375 0 0.41785115156249997 0 0.5545552328125
10 0.377414896875 0.675845434375 0.370544253125 0.6845457781250001 0.3631731265625 0.7025032703125 0.36385167812499997 0.7107212640625 0.3680673359375 0.7158217859375 0.381159678125 0.7135395265625 0.3922036203125 0.6941081578125 0.3946550421875 0.677841896875 0.3866308609375 0.67257165 0.377414896875 0.675845434375
10 0.316190215625 0.6390013421875 0.29686342187500003 0.64237039375 0.286591384375 0.6558318062499999 0.28891120937500003 0.6762681140625 0.30373817812500004 0.6720162171874999 0.31109655625 0.6615635953125001 0.316190215625 0.6390013421875
1 0.44242260624999996 0.7278689968750001 0.43618815624999996 0.7289557890625 0.40310732656250003 0.7572303984375 0.40122424375000004 0.7650613093749999 0.4171665046875 0.797294621875 0.46079079062500006 0.758845796875 0.44242260624999996 0.7278689968750001
1 0.48603003125 0.6585788765625 0.5017687265624999 0.68834679375 0.5312318484375 0.6698727296875 0.5129315171875 0.63971773125 0.48680193593750004 0.652608925 0.48603003125 0.6585788765625
1 0.39476114375 0.656149075 0.4009149890625 0.661745359375 0.4355013796875 0.6440454625 0.426404265625 0.61812155 0.3893919484375 0.6370779640625 0.39476114375 0.656149075
1 0.5028165765625 0.60146683125 0.4977060546875 0.593187790625 0.46611392656249995 0.6011958203125001 0.465749153125 0.6120965703125 0.4720259609375 0.6268413265625 0.5058404484375 0.6151113828125 0.5028165765625 0.60146683125
13 0.4606135453125 0.49628390468749994 0.45382350625 0.4983011734375 0.4493660390625 0.513249875 0.45404804531250004 0.5699540328125 0.45694895625000004 0.5744501109375 0.46463386093750003 0.5756113609375 0.471220334375 0.57112869375 0.473306984375 0.56576318125 0.46813724375000004 0.510811303125 0.4606135453125 0.49628390468749994
7 0.44859372343750004 0.6417632015625 0.4601295125 0.658925721875 0.46567266093750004 0.6571258109375 0.4626742859375 0.6284715125 0.45727959531250006 0.62441015 0.447508040625 0.6286144109375 0.4460448375 0.6338712453124999 0.44859372343750004 0.6417632015625
4 0.6901519171875 0.3503999859375 0.6754734078125 0.348790609375 0.668492553125 0.3408376046875 0.6543696328124999 0.3382977484375 0.6489070859375 0.333414584375 0.6393222359374999 0.30924295156250003 0.644945990625 0.3007599671875 0.6461377734375 0.2922159375 0.64353378125 0.27599730624999996 0.6382748 0.27357954375000004 0.6290588359375 0.27685332812499996 0.6269466890625 0.2972285859375 0.618964865625 0.3077898859375 0.6165940484375 0.317373075 0.6199444484375001 0.342631496875 0.61686958125 0.35900643906249996 0.6425410375 0.37120394375 0.6550777937500001 0.3698521609375 0.66060819375 0.37555712343750003 0.6684415578125 0.37085709843750003 0.6721016234375 0.3768881 0.66383563125 0.39166707343749996 0.6576690359375 0.3935756625 0.6569649875 0.40036741718749996 0.667686515625 0.407668346875 0.6770509375 0.39853328593750004 0.6787304562500001 0.388236978125 0.6913733109375 0.365192375 0.69360841875 0.35396558749999996 0.6901519171875 0.3503999859375
12 0.8013837953125 0.34184718593749996 0.8056121984375 0.339442834375 0.8180769859374999 0.2989230859375 0.77831221875 0.30752214375000003 0.7692743234375 0.3282710734375 0.741639178125 0.3305875546875 0.7330084140625 0.3562672796875 0.748501184375 0.3677382515625 0.7486792531249999 0.3852133953125 0.742512659375 0.3871219859375 0.7350864265625 0.3967528078125 0.732931921875 0.401296521875 0.734098209375 0.4077622359375 0.7399127796875 0.40924952187499997 0.7443702453125 0.39430082187500004 0.7568391453125 0.392127240625 0.7636164359375 0.3976148453125 0.7602701484375001 0.41070258906249996 0.7662204296875 0.413833475 0.7899878296875 0.3646744296875 0.7988645171875 0.35729164999999996 0.7983216765625001 0.35071725468750004 0.8013837953125 0.34184718593749996
12 0.8745217843749999 0.377448175 0.870373984375 0.373169453125 0.8505043484374999 0.3699641078125 0.849202353125 0.36185479374999996 0.854107253125 0.348495353125 0.8813628187500001 0.34541141249999996 0.8849932765625 0.3281059921875 0.8874870546875 0.3276712765625 0.8911047640625 0.317870728125 0.900197765625 0.305448471875 0.9006431421875 0.2878646484375 0.8399654140624999 0.29594111875 0.832526434375 0.31307681249999997 0.8187427890625001 0.3146459546875 0.8157485265625001 0.32433782187500004 0.8167536046875 0.344169684375 0.8249134953124999 0.35108353124999997 0.8198325828125 0.366140909375 0.80935698125 0.37713692499999996 0.8086529328125 0.3839286796875 0.8121094328125 0.38749428125 0.8163378375000001 0.3850899296875 0.8215162140625001 0.3941907671875 0.828306253125 0.3921734984375 0.8332387078125001 0.38297739218750004 0.85125075625 0.3790039015625 0.8565097359375 0.381421665625 0.8601570531249999 0.394957540625 0.8652803234374999 0.3957317078125 0.8746447453125 0.38659664843749997 0.8745217843749999 0.377448175
11 0.8135348015625 0.2822086953125 0.863613965625 0.27597976874999997 0.8708070234375 0.2405471296875 0.8164994562500001 0.2491804078125 0.8130047093749999 0.2681294265625 0.8135348015625 0.2822086953125
11 0.8865584671875 0.262810171875 0.93282910625 0.256411521875 0.943342953125 0.222900884375 0.8895909765625 0.2306036828125 0.8851207609375 0.2530572578125 0.8865584671875 0.262810171875
11 0.68991463125 0.286252003125 0.719012978125 0.27867868906250004 0.72551885 0.2808790953125 0.7277794546874999 0.2546425625 0.6909283453125 0.2602328265625 0.68991463125 0.286252003125
0 0.5604288953125 0.3188275171875 0.559656990625 0.3247974703125 0.5649838265625 0.328037034375 0.5849340656249999 0.3245593046875 0.5863972703125 0.31930247343749996 0.5859222843749999 0.313549875 0.58260149375 0.31162787187499996 0.5657006234375 0.3137404078125 0.5604288953125 0.3188275171875
12 0.5324458390625 0.3628860390625 0.5346978078125 0.3825005453125 0.5281536921875001 0.402814759375 0.5344304984375 0.4175595140625 0.5495288890625 0.416594815625 0.5735804578125 0.36321809374999997 0.5762354453125 0.34941723125 0.57493345 0.34130791718750003 0.571612659375 0.3393859140625 0.56253240625 0.344303296875 0.5576254484375001 0.3384896546875 0.554181696875 0.32741918124999997 0.524120628125 0.3309921765625 0.5296127828125 0.359211759375 0.5324458390625 0.3628860390625
12 0.5620360328125 0.3919066140625 0.5598136734375 0.395628528125 0.567214409375 0.40100745312499997 0.57210861875 0.41432597031249996 0.5746023984375 0.41389125312499997 0.5758620359375 0.406169021875 0.5711035390625 0.3944941046875 0.5676470375 0.390928503125 0.5620360328125 0.3919066140625
0 0.6844138390625 0.3038834578125 0.68183945625 0.31100125 0.6841169218750001 0.3156060078125 0.708702696875 0.3146547234375 0.7205481515625001 0.31258982031250004 0.7240173984375 0.30865054999999997 0.72291896875 0.3030066328125 0.7155860875 0.29844950625 0.6844138390625 0.3038834578125
2 0.479287696875 0.34714374062500003 0.480844253125 0.32769895937500004 0.483338034375 0.32726424375 0.4841777921875 0.3221160890625 0.4808105328125 0.2660163734375 0.44957042812500003 0.2706285265625 0.45670796718749995 0.3494125875 0.479287696875 0.34714374062500003
2 0.3517574234375 0.2885129375 0.361469346875 0.3601792078125 0.3895243703125 0.35528865 0.3811271921875 0.2842268203125 0.3517574234375 0.2885129375