9 0.47636966875000003 0.48541644687499996 0.476082053125 0.4752414984375 0.47095111406249995 0.46753266406250005 0.44333304218749997 0.4572968890625 0.4390457578125 0.4522764046875 0.444932134375 0.4432583765625 0.46927147031249994 0.44613239218749995 0.48854888750000003 0.43287629531249994 0.5515236109375 0.444676896875 0.5572374359375 0.4567120625 0.5525705390625 0.49800860468749997 0.5638409578125 0.511085 0.592858721875 0.5165225328124999 0.5982580828125 0.5065698234375 0.6057780640625 0.4793026484375 0.61101253125 0.47437956718749996 0.6711610234375 0.4839637296875 0.6730745812500001 0.4919130921875 0.6707545578125 0.518467828125 0.67530260625 0.5218503343750001 0.68667655625 0.5222948140625 0.705110321875 0.5063503640625 0.721423465625 0.50772038125 0.7185013625 0.5021122921875001 0.7222134171875 0.4867828796875 0.73115228125 0.48255395156249997 0.7519176015625 0.483914825 0.765412171875 0.46704483906250005 0.7714020796875001 0.4453948953125 0.7676708343749999 0.432887815625 0.763609803125 0.43043999062499994 0.7240962515625 0.42303569375 0.43426758125 0.386437615625 0.41905885468750004 0.38611797187499997 0.41577245625000003 0.394779778125 0.4107987515625 0.39806487968750004 0.366572259375 0.392307703125 0.3623463375 0.3948895078125 0.36192068125 0.401557115625 0.3886376125 0.46138587343750004 0.3976378375 0.46475923437500005 0.40128087343749996 0.4578510984375 0.41661998125000005 0.45735175312500004 0.42165504687500005 0.4616689390625 0.42314295 0.4762859125 0.42843877968750005 0.47896511875 0.4722741265625 0.48717926250000004 0.47636966875000003 0.48541644687499996
9 0.2873802640625 0.3825287359375 0.3005948796875 0.339460234375 0.2925686890625 0.3379562375 0.263539478125 0.424449459375 0.261165753125 0.4273783390625 0.250278821875 0.427868540625 0.2482272203125 0.43676173125 0.276029378125 0.469804371875 0.3485297265625 0.5415859984375 0.4272001953125 0.5546409234375 0.41870230625 0.5201551125 0.402438990625 0.4825273265625 0.36496550625 0.42236978125 0.35038183749999996 0.40614226249999996 0.34127808125 0.41540081874999996 0.2873802640625 0.3825287359375
9 0.449361334375 0.49131993124999995 0.43541812812499997 0.5629282203125 0.44554962031249995 0.5791648828125 0.5285418843749999 0.593029653125 0.5306625046875 0.5757151859375 0.4510180015625 0.5607908968750001 0.44956460781249996 0.5419632859375 0.45545864687500004 0.5169216953125 0.5372161109375 0.5305550828125 0.5407364218749999 0.5084423703125001 0.449361334375 0.49131993124999995
9 0.5952516390625 0.54143014375 0.5956427843750001 0.5389731765625 0.587877359375 0.5358311984374999 0.58521601875 0.5285851312500001 0.596041590625 0.5204926421875 0.5965631171875 0.517216684375 0.5496407750000001 0.50842408125 0.5452423 0.5320590796875 0.5952516390625 0.54143014375
9 0.5496369875 0.5843312703125 0.5487856765625 0.5976664828125 0.5852122328125 0.6044923203125 0.5886021625 0.5831986 0.553767040625 0.5783578171875 0.5496369875 0.5843312703125
2 0.0933942640625 0.466787634375 0.03844573125 0.45649103125 0.0342198078125 0.45907283750000005 0.009028542187499999 0.517244821875 0.0106552890625 0.6104411453125 0.0566648625 0.6176247921875 0.071697165625 0.57911400625 0.071505421875 0.5723307078125 0.0775912015625 0.5540724140625 0.1071687921875 0.4761161609375 0.105776759375 0.46489083906250006 0.09898536875 0.4636182265625 0.0933942640625 0.466787634375
2 0.1917104046875 0.647991003125 0.27099827187500003 0.6611616203125 0.3028690328125 0.5448377062499999 0.268603375 0.538416790625 0.264302665625 0.5274898453125 0.266361925 0.5025730890625 0.23984826875 0.4933876875 0.23418814375000002 0.5049783734375 0.216026675 0.5631449015625 0.1917104046875 0.647991003125
0 0.558986103125 0.46969105625 0.55850674375 0.45273280781249997 0.5505840859375 0.43859689375000005 0.490078959375 0.42725906093750005 0.4779227171875 0.43172851874999996 0.458967425 0.45094892499999994 0.4356366359375 0.44573363437499997 0.43306350781249997 0.45790278281249996 0.4353682109375 0.46339517812500003 0.46730808125 0.4744407984375 0.46791782031249995 0.49058005624999995 0.47343990468749997 0.4958319234375 0.4846489625 0.5013060312500001 0.5137971078125 0.505924575 0.5469449234375 0.505388653125 0.5541964828125 0.4957830203125 0.558986103125 0.46969105625
11 0.7720042484375 0.61334853125 0.777035440625 0.5577820953125 0.6667817390625 0.53543521875 0.664538396875 0.5375451109375 0.6596452453125 0.5762689937500001 0.6554998734375 0.614289578125 0.656796034375 0.62212325 0.6967966031249999 0.6304622281250001 0.6991102140625001 0.639892540625 0.6959913328125 0.6834468609375 0.7730703671875 0.6945167328124999 0.7748151625 0.6476121015625 0.7717013140625 0.6352207140624999 0.7720042484375 0.61334853125
11 0.871106465625 0.7137307734375 0.8734111703125 0.719223171875 0.9485076250000001 0.7307649546875 0.9472191249999999 0.7069077171875 0.9502869296875 0.6796496859375 0.9474952078125 0.6732226078125 0.8721724984374999 0.6591081640625001 0.8697297531249999 0.670458321875 0.871106465625 0.7137307734375
11 0.564918609375 0.636113259375 0.5680669671875 0.6442940078125 0.5677371828125 0.654353265625 0.5704330343749999 0.6573886921875001 0.6347729375 0.6686016890625 0.6397696203125001 0.617245890625 0.6369433875 0.6150294515625 0.57026426875 0.6025346984375 0.5664563421875 0.6144724609375001 0.564918609375 0.636113259375
3 0.4019826109375 0.41749838281249996 0.379982490625 0.4159061234375 0.3785214390625 0.4131020796875 0.3757220578125 0.4226985671875 0.3779577421875 0.43661224218749994 0.37990581093750003 0.44035096874999996 0.387314603125 0.44173927500000004 0.39488828593749997 0.43809795156250003 0.3971929890625 0.4435903484375 0.402132184375 0.44451588593749997 0.40547994374999996 0.4434563671875 0.4108793046875 0.433503659375 0.4073743125 0.4235692390625 0.4019826109375 0.41749838281249996
1 0.41847217968750006 0.45769882968750003 0.40599381250000005 0.4562039765625 0.40401123281249995 0.45667588906249995 0.403976721875 0.4608865265625 0.41131649374999996 0.4706961109375 0.42256006093750004 0.47195957968749996 0.41847217968750006 0.45769882968750003
13 0.350527625 0.5090669546875 0.3602295890625 0.47208759999999994 0.3601682265625 0.4644853109375 0.348924659375 0.46322184218749995 0.33886605937500003 0.4984475265625 0.3375890921875 0.518450346875 0.343632703125 0.5204262578125001 0.350527625 0.5090669546875
10 0.4034322171875 0.51223318125 0.4040841265625 0.5081382359375 0.4012924046875 0.5017111562500001 0.3936573609375 0.497750190625 0.3886836546875 0.5010352921875 0.3881276171875 0.5085218890625 0.39845851250000003 0.5155182843749999 0.4034322171875 0.51223318125
6 0.583329309375 0.5324486953124999 0.5907035921875 0.5380476390625 0.610947384375 0.54268446875 0.662337221875 0.5194207984375 0.666206509375 0.5150853234375 0.6571104140624999 0.5083203125 0.6334229890625 0.50135135 0.6011456765625 0.5163885500000001 0.58758974375 0.5256562515625001 0.583329309375 0.5324486953124999