4 0.846708721875 1 0.8465459140625 0.9978182890625 0.8557476562499999 0.9434778406250001 0.8525112515625001 0.9348384328125 0.840001228125 0.9353514359374999 0.83529970625 0.9245686843750001 0.8360867437499999 0.8983863375000001 0.8307153296875001 0.8933682749999999 0.8096036281250001 0.905791590625 0.7948332625 0.8962532171875001 0.78238693125 0.9078638765625 0.7661020828125 0.9447426640625001 0.755059225 0.9559216062500001 0.751098728125 0.98172160625 0.746423353125 1 0.846708721875 1
12 0.66259844375 1 0.663714240625 0.9958784046875 0.6618176203125 0.9757096203125 0.6675527546875 0.970610275 0.668222646875 0.9648455874999999 0.661020346875 0.9592789937499999 0.65363311875 0.9459872109375 0.635872921875 0.9381096796874999 0.6353222234375 0.93197930625 0.6287302203125 0.9265955546875 0.63214336875 0.9088697703124999 0.637206565625 0.90101251875 0.6534400015624999 0.90417164375 0.659602546875 0.900052546875 0.663138984375 0.8874768890625001 0.6695440109375 0.8766128546875 0.6690529093750001 0.8645349453125 0.6630116046875 0.865281571875 0.6592922828125001 0.8786546375000001 0.6537400328125 0.8829565765625 0.6524598453125 0.8885384234375 0.6395840546875 0.8906462359375 0.6240205125 0.8817224234375001 0.6211498734374999 0.8714882046874999 0.62486919375 0.8581151390624999 0.622915021875 0.8524164828125 0.6170566 0.852365703125 0.614740753125 0.865307046875 0.5947243078125 0.8644233328125001 0.5949030984375 0.8465807359375 0.591241328125 0.8454836734375 0.585082875 0.8666479578124999 0.5874048609375 0.8792743968750001 0.59283791875 0.8868675234375001 0.6132838234375 0.897254084375 0.6195080125 0.8957100515624999 0.621400540625 0.8988336453124999 0.6209813171875 0.931943775 0.6164667703125 0.937408809375 0.5896158406249999 0.9378862796874999 0.581012115625 0.9412740015625 0.580403865625 0.9496137515624999 0.5859581640625 0.9538344078125001 0.587363684375 0.9619252843749999 0.57253576875 0.9668570375 0.566182059375 1 0.66259844375 1
9 0.1531608203125 0.41511366718750004 0.14492490625 0.42542916875000003 0.1308305734375 0.43569389062499997 0.1282702 0.4468575796875 0.1336436609375 0.4603982390625 0.13114493124999999 0.47413699062500003 0.12540979531250002 0.4792363359375 0.11308265625 0.47895193125 0.112351121875 0.48214155625000005 0.1461639171875 0.5024982109375 0.1715517765625 0.508399990625 0.17478818125 0.517039396875 0.16661800625 0.5469751515625 0.1687550625 0.551876403125 0.2219164578125 0.58740405625 0.2455350765625 0.5953323687500001 0.2545662140625 0.5929248984375 0.31132159531250003 0.6014067671875 0.34396930625 0.5984050109375 0.400418515625 0.6025341609375 0.690037478125 0.576813528125 0.696746628125 0.5617796203125 0.7084164000000001 0.3658614953125 0.7074382906250001 0.3587508703125 0.69870923125 0.34846586875 0.70132715625 0.322832053125 0.6667439390625 0.14373571875 0.657951190625 0.12235306093750001 0.63408804375 0.11264709375 0.6189355390625 0.036522771875 0.562606496875 0.0196466515625 0.11633650625 0.0040625609375 0.10529101874999999 0.052222871875 0.134472121875 0.098462215625 0.16933285625 0.162594940625 0.19973455 0.2091999734375 0.20571830468750002 0.22292347656249997 0.1729800546875 0.357136625 0.1607823421875 0.3875701296875 0.1531608203125 0.41511366718750004
8 0.20170304843750003 0.274556796875 0.21109176562499998 0.23646413281249998 0.20938007500000003 0.2240205375 0.20089349687500002 0.2069906 0.106388321875 0.0474384328125 0.017691224999999998 0.4341737515625 0.0181836734375 0.4462593078125 0.020011656250000003 0.44680696875 0.040638396874999996 0.44787352968749994 0.0727354078125 0.43874139999999995 0.14199671875 0.4296650765625 0.1520039203125 0.42584563593749997 0.15883635625 0.41596185312499995 0.172737575 0.3638815640625 0.20170304843750003 0.274556796875
11 0.09886708125 0.49258912343750005 0.09239631875 0.483832903125 0.092760040625 0.47371549531249996 0.08702285781249999 0.47029224531249997 0.070793515625 0.4841783140625 0.050045534375 0.4864842203125 0.019550737500000002 0.47980945 0.029237096875 0.71752975625 0.0493076140625 0.7172088484375 0.08183612968750001 0.726102159375 0.0879986765625 0.7219830640625 0.15570048125 0.5718268140625 0.1741799328125 0.52537915 0.173018940625 0.5190659296875 0.158248575 0.5095275546875 0.09886708125 0.49258912343750005
10 0.18969231250000002 0.32123808593750003 0.18231122187499998 0.3335140890625 0.179629609375 0.3480502484375 0.18640859062499998 0.3696817796875 0.1958095875 0.38272468593750003 0.21948985 0.39322806250000003 0.230351871875 0.39136912343749997 0.23309512968749999 0.3794080265625 0.22973134375 0.34857330468750003 0.2177658796875 0.32964889531249997 0.19530620625 0.319511209375 0.18969231250000002 0.32123808593750003
10 0.35873582187499997 0.3377954109375 0.37203902499999997 0.336667846875 0.378257075 0.309556028125 0.3678759203125 0.2808799 0.331258225 0.269909278125 0.32808755624999997 0.280890125 0.343110634375 0.32629653593749997 0.35873582187499997 0.3377954109375
6 0.260564540625 0.41320377812500003 0.250923109375 0.41542840468750003 0.24488385 0.42469762656250004 0.243852284375 0.4491023171875 0.25118196249999997 0.4768642265625 0.26882091875 0.488114225 0.394601271875 0.5198324953125 0.404242703125 0.5176078687500001 0.4140649734375 0.5060632390625 0.4139335 0.4668227359375 0.41112450625 0.45916357812499997 0.40434961718749995 0.454577234375 0.260564540625 0.41320377812500003
1 0.46807120468749996 0.24783563437499997 0.4732576875 0.2451285078125 0.5068712265624999 0.198101809375 0.4394223796875 0.1310233078125 0.40654242187499995 0.1833829765625 0.4050793515625 0.1897622265625 0.460320253125 0.244661259375 0.46807120468749996 0.24783563437499997
1 0.535474778125 0.3805198328125 0.5716075140625 0.40498033125 0.5821654125 0.4072912671875 0.6128507625 0.3645004765625 0.6164488421875001 0.35449987968749996 0.5684143328125 0.3222126328125 0.5624963140625 0.3281093828125 0.541329109375 0.36352542187500003 0.5353514921875 0.37536970625 0.535474778125 0.3805198328125
1 0.376695275 0.41305629374999997 0.42295849687500003 0.43884747968750004 0.44516136250000005 0.3960719390625 0.40023997187499993 0.367273971875 0.38333459687500004 0.3613569421875 0.376989165625 0.3662734453125 0.3635092203125 0.3937662 0.3624735609375 0.4011257 0.376695275 0.41305629374999997
1 0.4919238703125 0.46803141249999997 0.49406092656249995 0.47293266406249995 0.547583996875 0.48982031406250004 0.553502015625 0.4839235640625 0.5628948265625 0.462876090625 0.5646620234374999 0.45232696250000004 0.55599460625 0.444617025 0.508147075 0.42857756093750005 0.493995190625 0.45331240937499995 0.4919238703125 0.46803141249999997
13 0.489067559375 0.517455359375 0.474422528125 0.5215897046875 0.466552384375 0.5303103921875 0.445399503125 0.625384596875 0.44918660781249997 0.6401543796875 0.44790846718750005 0.6542588203124999 0.45956571406249996 0.6603079140625 0.465545378125 0.656986225 0.469326340625 0.6461882218749999 0.47933149375 0.6338461875 0.4983493640625 0.542393328125 0.498041146875 0.5295180140625 0.489067559375 0.517455359375
7 0.4630468921875 0.41762219062500006 0.46768677187499996 0.42582987812499995 0.47665831093750005 0.429369940625 0.485140796875 0.429354690625 0.490082753125 0.42486990625 0.49977355 0.374084771875 0.4903745984375 0.3695644609375 0.47524665156249996 0.39571127968750003 0.4654243828125 0.40725590624999997 0.4630468921875 0.41762219062500006
5 0.4076210609375 0.3549979703125 0.4107341796875 0.3584872515625 0.41695836875000003 0.35694321875 0.42385244999999994 0.3496344984375 0.4334897890625 0.33036468124999996 0.467775265625 0.286095890625 0.46698004062500004 0.2781878578125 0.46136614531250003 0.2799147328125 0.412805496875 0.3437682484375 0.4076210609375 0.3549979703125