12 0.35812499999999997 0.7308333328125001 0.39125 0.8616666671875001 0.37625000000000003 0.8816666671875 0.370625 0.9025000000000001 0.38125 0.9025000000000001 0.380625 0.8933333328125 0.39187500000000003 0.8733333328124999 0.4175 0.85 0.43 0.8533333328125 0.438125 0.8591666671875 0.44749999999999995 0.9025000000000001 0.45499999999999996 0.9025000000000001 0.45499999999999996 0.8975 0.446875 0.8683333328125 0.48250000000000004 0.8541666671874999 0.48875 0.8616666671875001 0.495625 0.8583333328125 0.49874999999999997 0.8458333328125001 0.49812500000000004 0.8324999999999999 0.4875 0.8266666671875 0.47000000000000003 0.8241666671875001 0.47000000000000003 0.7966666671875 0.48125 0.7741666671874999 0.48624999999999996 0.7575000000000001 0.489375 0.7391666671875 0.489375 0.7183333328125 0.48624999999999996 0.6991666671875 0.48375 0.6958333328124999 0.4571875 0.6958333328124999 0.44875 0.6900000000000001 0.4625 0.6591666671875 0.4625 0.6491666671874999 0.45875000000000005 0.6408333328125 0.45187499999999997 0.6358333328125 0.429375 0.6291666671875 0.39125 0.6283333328125 0.3775 0.5974999999999999 0.3725 0.5933333328125 0.34750000000000003 0.62 0.3325 0.6491666671874999 0.33375 0.6599999999999999 0.350625 0.6950000000000001 0.354375 0.7241666671875 0.35812499999999997 0.7308333328125001
9 0.35625 0.6116666671875 0.374375 0.5958333328125 0.395 0.6375 0.475 0.6391666671875 0.5125 0.635 0.564375 0.6358333328125 0.59875 0.6325000000000001 0.5974999999999999 0.62 0.5856250000000001 0.5933333328125 0.5775 0.58 0.5675 0.5766666671875 0.566875 0.5625 0.51125 0.5599999999999999 0.49000000000000005 0.5633333328125001 0.34875 0.5658333328125 0.31062500000000004 0.6083333328125 0.29874999999999996 0.6266666671875 0.2975 0.635 0.299375 0.6375 0.338125 0.6375 0.35625 0.6116666671875
9 0.37 0.545 0.38 0.5333333328125 0.385625 0.5216666671875 0.39249999999999996 0.5191666671874999 0.40750000000000003 0.5016666671875 0.40750000000000003 0.49833333281250003 0.403125 0.4966666671875 0.383125 0.5025000000000001 0.3775 0.495 0.379375 0.4916666671875 0.378125 0.48250000000000004 0.375625 0.48 0.366875 0.4808333328125 0.26375000000000004 0.5599999999999999 0.26 0.5650000000000001 0.34125 0.5683333328125 0.3525 0.5625 0.37 0.545
12 0.698125 0.6491666671874999 0.711875 0.6658333328125 0.7150000000000001 0.6775 0.724375 0.6775 0.7175 0.6625 0.725 0.6558333328125 0.7318749999999999 0.6608333328125 0.734375 0.6508333328125 0.728125 0.6416666671875 0.709375 0.6375 0.71 0.6108333328125 0.7212500000000001 0.6125 0.7268749999999999 0.5966666671875 0.7368750000000001 0.5808333328125 0.74 0.5533333328125 0.755 0.525 0.7537499999999999 0.5183333328125 0.746875 0.5091666671875 0.74 0.5066666671875 0.7262500000000001 0.5316666671875 0.688125 0.5283333328125 0.6799999999999999 0.5349999999999999 0.67375 0.6333333328124999 0.673125 0.6533333328125 0.6837500000000001 0.6466666671875 0.690625 0.65 0.698125 0.6491666671874999
12 0.670625 0.6116666671875 0.673125 0.5658333328125 0.6625 0.5658333328125 0.65625 0.5741666671875 0.6575 0.5900000000000001 0.66125 0.5983333328125 0.67 0.6070833328125 0.670625 0.6116666671875
12 0.260625 0.6508333328125 0.25125000000000003 0.6533333328125 0.24375 0.6599999999999999 0.240625 0.6691666671875 0.24125000000000002 0.6758333328125 0.24312499999999998 0.6783333328125 0.24937499999999999 0.6758333328125 0.2625 0.6866666671874999 0.2625 0.6925 0.265625 0.6958333328124999 0.27937500000000004 0.6991666671875 0.3075 0.5941666671875 0.316875 0.5816666671874999 0.318125 0.5716666671875 0.258125 0.5683333328125 0.25625 0.58 0.24625 0.5900000000000001 0.2425 0.5991666671875 0.24375 0.6091666671875 0.26187499999999997 0.6091666671875 0.265625 0.6425 0.260625 0.6508333328125
12 0.23374999999999999 0.5766666671875 0.230625 0.5825 0.24312499999999998 0.5658333328125 0.26125 0.5633333328125001 0.26437499999999997 0.5599999999999999 0.26 0.5566666671875 0.26 0.5441666671875 0.255625 0.5291666671875 0.24375 0.5075000000000001 0.21375000000000002 0.525 0.213125 0.5291666671875 0.224375 0.5483333328125 0.22999999999999998 0.575 0.23374999999999999 0.5766666671875
11 0.428125 0.45583333281250005 0.42625 0.42083333281249996 0.4 0.4258333328125 0.396875 0.4266666671875 0.396875 0.43166666718749996 0.40374999999999994 0.46333333281250005 0.428125 0.45583333281250005
11 0.39625 0.47583333281250006 0.395625 0.43666666718749997 0.38937499999999997 0.43666666718749997 0.380625 0.4441666671875 0.38125 0.4883333328125 0.384375 0.49000000000000005 0.39187500000000003 0.4841666671875 0.39625 0.47583333281250006
11 0.57625 0.4683333328125 0.58 0.4566666671875 0.579375 0.4458333328125 0.57625 0.43333333281249997 0.57125 0.4258333328125 0.569375 0.4266666671875 0.566875 0.4425 0.57125 0.4625 0.573125 0.46749999999999997 0.57625 0.4683333328125
11 0.44125 0.4108333328125 0.4375 0.40833333281249995 0.43187499999999995 0.41166666718749995 0.4325 0.4408333328125 0.43875000000000003 0.4425 0.4425 0.4291666671875 0.44125 0.4108333328125
11 0.45437500000000003 0.4033333328125 0.45187499999999997 0.4016666671875 0.448125 0.4058333328125 0.44625000000000004 0.4291666671875 0.45187499999999997 0.43 0.45499999999999996 0.42083333281249996 0.45437500000000003 0.4033333328125
4 0.65 0.5208333328125 0.673125 0.5333333328125 0.684375 0.5575 0.6950000000000001 0.5558333328125 0.7025 0.5358333328125 0.71375 0.5208333328125 0.714375 0.5125 0.711875 0.5083333328124999 0.68875 0.495 0.6799999999999999 0.48250000000000004 0.66625 0.4441666671875 0.671875 0.43333333281249997 0.670625 0.42083333281249996 0.66625 0.4158333328125 0.6587500000000001 0.4175 0.635 0.44333333281250004 0.62625 0.46666666718750005 0.625625 0.47750000000000004 0.6287499999999999 0.4891666671875 0.639375 0.5 0.65 0.5208333328125
0 0.624375 0.5366666671875 0.6287499999999999 0.54 0.6375 0.5291666671875 0.6425 0.5275000000000001 0.64625 0.52 0.6425 0.5108333328125 0.63125 0.4966666671875 0.6068749999999999 0.49583333281249997 0.5818749999999999 0.5075000000000001 0.5743750000000001 0.5158333328125 0.5725 0.5233333328125 0.575 0.5225 0.5806250000000001 0.5283333328125 0.624375 0.5366666671875
13 0.576875 0.5775 0.576875 0.5475 0.5743750000000001 0.5316666671875 0.5700000000000001 0.5325 0.5662499999999999 0.5483333328125 0.565625 0.5758333328125 0.568125 0.5791666671875 0.575 0.5791666671875 0.576875 0.5775