9 0.6525000000000001 0.9991666671875 0.708125 0.5908333328125 0.7 0.5841666671875 0.600625 0.5508333328125 0.5756249999999999 0.5441666671875 0.5443749999999999 0.5425 0.53 0.5291666671875 0.5075000000000001 0.5158333328125 0.5025000000000001 0.5091666671875 0.48984375 0.5083333328124999 0.48250000000000004 0.5016666671875 0.460625 0.49583333281249997 0.43499999999999994 0.4966666671875 0.32875 0.4608333328125 0.325 0.465 0.32437499999999997 0.4725 0.330625 0.53 0.32375 0.5349999999999999 0.273125 0.5341666671875 0.26687500000000003 0.5408333328125 0.26687500000000003 0.5691666671875 0.263125 0.5741666671875 0.26625 0.5808333328125 0.319375 0.6116666671875 0.3325 0.6791666671875001 0.32687499999999997 0.6849999999999999 0.325 0.6933333328125 0.32625000000000004 0.7691666671874999 0.31625000000000003 0.7875 0.20750000000000002 0.9349999999999999 0.19624999999999998 0.9375 0.18 0.93 0.170625 0.9349999999999999 0.170625 0.9433333328125 0.17625 0.9558333328125 0.215 0.9991666671875 0.6525000000000001 0.9991666671875
9 0 0.7758333328125 0.01 0.7875 0.05437499999999999 0.7741666671874999 0.0775 0.7558333328125 0.094375 0.7358333328125 0.12687500000000002 0.7141666671875 0.151875 0.7141666671875 0.17250000000000001 0.6975 0.19125 0.6741666671875 0.18937500000000002 0.6641666671875 0.183125 0.6566666671875 0.17875000000000002 0.6566666671875 0.16999999999999998 0.6633333328125001 0.153125 0.6841666671875 0.118125 0.6825 0.105625 0.67 0.075 0.6675 0.06625 0.6566666671875 0.057499999999999996 0.6533333328125 0.05437499999999999 0.6475 0.09 0.5991666671875 0.094375 0.5900000000000001 0.0925 0.5816666671874999 0.09625 0.5725 0.118125 0.5725 0.12625 0.5666666671875 0.12 0.5541666671875001 0.10625 0.5591666671875 0.09875 0.5525 0.094375 0.5525 0 0.6125 0 0.7758333328125
8 0.166875 0.7316666671875 0.168125 0.7474999999999999 0.17625 0.7533333328125 0.1975 0.755 0.215 0.7725 0.21437499999999998 0.78 0.19875 0.8 0.178125 0.8508333328125 0.17124999999999999 0.8883333328124999 0.171875 0.9 0.178125 0.9191666671875 0.193125 0.9349999999999999 0.20375000000000001 0.9391666671875001 0.32687499999999997 0.7725 0.32875 0.7675 0.32875 0.7383333328125 0.32625000000000004 0.6174999999999999 0.321875 0.61 0.265 0.5841666671875 0.225 0.5616666671874999 0.190625 0.545 0.185 0.5441666671875 0.183125 0.5475 0.19375 0.6783333328125 0.15812500000000002 0.7108333328125 0.15625 0.7191666671875 0.166875 0.7316666671875
8 0.10625 0.8800000000000001 0.110625 0.8816666671875 0.11750000000000001 0.86 0.118125 0.8316666671874999 0.134375 0.7825 0.12375 0.7841666671875 0.083125 0.8141666671875001 0.07062500000000001 0.8158333328125 0.0625 0.8241666671875001 0.063125 0.8291666671875 0.07062500000000001 0.8400000000000001 0.08687500000000001 0.8550000000000001 0.10625 0.8800000000000001
11 0.13999999999999999 0.5141666671875 0.14750000000000002 0.5266666671875 0.1525 0.5291666671875 0.309375 0.5375 0.32875 0.5366666671875 0.3325 0.5325 0.330625 0.4925 0.321875 0.4225 0.315 0.3808333328125 0.311875 0.37666666718749997 0.304375 0.3725 0.26125 0.37 0.15625 0.3691666671875 0.11875 0.36583333281249997 0.110625 0.36666666718749996 0.10124999999999999 0.375 0.1 0.3825 0.10874999999999999 0.4141666671875 0.11625 0.4325 0.13999999999999999 0.5141666671875
11 0 0.47000000000000003 0.024375 0.46166666718749994 0.064375 0.4575 0.091875 0.4583333328125 0.0975 0.4516666671875 0.118125 0.44666666718750003 0.11875 0.4375 0.103125 0.38 0.10874999999999999 0.37 0.21125 0.3716666671875 0.259375 0.3708333328125 0.26125 0.36833333281249997 0.24125000000000002 0.2525 0.23562500000000003 0.2383333328125 0.0075 0.2541666671875 0 0.255 0 0.47000000000000003
6 0.13625 0.65 0.1925 0.6541666671875 0.193125 0.6375 0.18812500000000001 0.5858333328125 0.10187500000000001 0.5841666671875 0.052500000000000005 0.6458333328125 0.05125 0.6525000000000001 0.05375 0.6541666671875 0.130625 0.6541666671875 0.13625 0.65
6 0.49000000000000005 0.6258333328125001 0.49375 0.6183333328125 0.49437499999999995 0.58 0.4875 0.5733333328125 0.388125 0.5733333328125 0.38375 0.5758333328125 0.378125 0.595 0.37374999999999997 0.6125 0.378125 0.62 0.46624999999999994 0.6224999999999999 0.49000000000000005 0.6258333328125001
10 0.44625000000000004 0.7733333328125 0.4525 0.765 0.45875000000000005 0.7466666671875 0.4625 0.7291666671875 0.460625 0.72 0.45187499999999997 0.7133333328125 0.436875 0.7166666671875 0.421875 0.7516666671875 0.421875 0.7633333328125 0.428125 0.7733333328125 0.4325 0.7758333328125 0.44625000000000004 0.7733333328125
10 0.35562499999999997 0.6383333328125 0.34375 0.635 0.33187500000000003 0.6366666671875 0.32687499999999997 0.6416666671875 0.32625000000000004 0.6825 0.33875 0.6825 0.34875 0.6716666671875 0.35562499999999997 0.6383333328125
1 0.5575 0.8733333328124999 0.5287499999999999 0.8183333328125 0.52 0.82 0.475 0.8550000000000001 0.47437500000000005 0.8583333328125 0.499375 0.9199999999999999 0.5543750000000001 0.8783333328125 0.5575 0.8733333328124999
1 0.6487499999999999 0.76 0.6487499999999999 0.7525000000000001 0.6224999999999999 0.7041666671875 0.5862499999999999 0.7158333328125 0.585 0.7241666671875 0.608125 0.7758333328125 0.6125 0.7766666671875 0.6487499999999999 0.76
1 0.515 0.6816666671875 0.515 0.6766666671875 0.500625 0.6425 0.45375 0.6591666671875 0.45499999999999996 0.6725 0.46687500000000004 0.6991666671875 0.488125 0.6941666671875 0.515 0.6816666671875
1 0.610625 0.6608333328125 0.608125 0.6483333328125 0.599375 0.6291666671875 0.5587500000000001 0.63 0.5549999999999999 0.6325000000000001 0.5543750000000001 0.6458333328125 0.56375 0.67 0.6068749999999999 0.6658333328125 0.610625 0.6608333328125
13 0.563125 0.5791666671875 0.5650000000000001 0.51 0.5587500000000001 0.4841666671875 0.546875 0.4841666671875 0.545 0.495 0.5393749999999999 0.5041666671875 0.53625 0.5575 0.535625 0.5758333328125 0.5425 0.5866666671874999 0.555625 0.5866666671874999 0.563125 0.5791666671875
7 0.55625 0.7133333328125 0.558125 0.6941666671875 0.553125 0.6891666671875 0.553125 0.6741666671875 0.5506249999999999 0.6675 0.5431250000000001 0.6625 0.53125 0.6658333328125 0.530625 0.6775 0.540625 0.6941666671875 0.5475 0.7133333328125 0.55625 0.7133333328125
4 0.26437499999999997 0.22999999999999998 0.265625 0.2525 0.26875 0.255 0.27125 0.2475 0.27875 0.25166666718749997 0.28125 0.2608333328125 0.285625 0.2608333328125 0.286875 0.2558333328125 0.280625 0.2216666671875 0.28375 0.2141666671875 0.286875 0.2141666671875 0.2875 0.20833333281250002 0.275 0.16999999999999998 0.268125 0.1616666671875 0.26625 0.1483333328125 0.25875 0.14666666718750002 0.256875 0.1616666671875 0.24562499999999998 0.175 0.25125000000000003 0.205 0.254375 0.2125 0.26 0.2141666671875 0.26437499999999997 0.22999999999999998
4 0.7325 0.34500000000000003 0.7581249999999999 0.3858333328125 0.760625 0.385 0.7737499999999999 0.40083333281250005 0.78 0.4025 0.7893749999999999 0.3958333328125 0.7925 0.39 0.790625 0.36833333281249997 0.7931250000000001 0.3616666671875 0.806875 0.34500000000000003 0.809375 0.3 0.82 0.2833333328125 0.8175000000000001 0.25833333281250004 0.81875 0.1983333328125 0.806875 0.195 0.7893749999999999 0.2 0.7631249999999999 0.2008333328125 0.75625 0.2341666671875 0.745 0.2491666671875 0.7306250000000001 0.2616666671875 0.7325 0.2908333328125 0.7381249999999999 0.30333333281249997 0.73125 0.335 0.7325 0.34500000000000003