12 0.06 0.9383333328125 0.059375 0.9516666671875 0.061875 0.9550000000000001 0.07062500000000001 0.9583333328125001 0.076875 0.9566666671874999 0.08249999999999999 0.95 0.091875 0.95 0.099375 0.9558333328125 0.11374999999999999 0.9808333328125001 0.115625 0.9991666671875 0.38625 0.9991666671875 0.388125 0.9908333328125 0.39625 0.9808333328125001 0.40062499999999995 0.9833333328125 0.403125 0.9908333328125 0.41125 0.99 0.41624999999999995 0.9824999999999999 0.41624999999999995 0.9683333328125 0.410625 0.9583333328125001 0.410625 0.9433333328125 0.4225 0.8466666671875 0.4225 0.8283333328125 0.41875 0.8058333328125 0.41125 0.8016666671875001 0.4025 0.8016666671875001 0.395 0.8116666671875 0.38937499999999997 0.8125 0.35562499999999997 0.8 0.32125 0.7991666671875 0.280625 0.8083333328125001 0.259375 0.835 0.216875 0.7775000000000001 0.21749999999999997 0.77 0.20625 0.7691666671874999 0.193125 0.7758333328125 0.16 0.8066666671875 0.145625 0.8316666671874999 0.0975 0.8875 0.094375 0.8891666671875 0.063125 0.875 0.035625000000000004 0.8708333328125001 0.027500000000000004 0.8716666671875 0.016875 0.8783333328125 0.015625 0.8875 0.023125 0.9033333328125 0.0375 0.9216666671875 0.06 0.9383333328125
12 0 0.8483333328124999 0.006875000000000001 0.8683333328125 0.020624999999999998 0.8658333328125 0.044375 0.8699999999999999 0.09 0.885 0.1275 0.8541666671874999 0.151875 0.825 0.16499999999999998 0.7983333328125 0.195 0.7733333328125 0.21187499999999998 0.7658333328125 0.210625 0.7566666671875 0.203125 0.74 0.18562499999999998 0.7208333328125 0.16625 0.71 0.13625 0.7108333328125 0.121875 0.7183333328125 0.12062500000000001 0.7125 0.105625 0.7108333328125 0.099375 0.7066666671874999 0.09875 0.6799999999999999 0.090625 0.6683333328125001 0.065 0.6533333328125 0.023125 0.635 0 0.635 0 0.8483333328124999
9 0.23500000000000001 0.7325 0.304375 0.765 0.349375 0.7808333328125 0.365625 0.7908333328125 0.41375 0.805 0.453125 0.8208333328125 0.45999999999999996 0.8191666671875 0.47062499999999996 0.8099999999999999 0.495 0.765 0.49812500000000004 0.7516666671875 0.5025000000000001 0.7458333328125 0.520625 0.7 0.538125 0.6441666671874999 0.53625 0.6391666671875 0.530625 0.6366666671875 0.43875000000000003 0.6141666671875 0.265 0.5825 0.250625 0.5841666671875 0.24500000000000002 0.6033333328125 0.220625 0.6216666671875 0.21125 0.6216666671875 0.15875 0.5974999999999999 0.1375 0.6 0.11374999999999999 0.5933333328125 0.10124999999999999 0.5933333328125 0.058125 0.6075 0.013125000000000001 0.6291666671875 0.018125 0.6416666671875 0.025 0.6466666671875 0.22125 0.7291666671875 0.23500000000000001 0.7325
13 0.34625 0.6766666671875 0.354375 0.6783333328125 0.365625 0.67 0.36 0.6125 0.351875 0.5933333328125 0.34562499999999996 0.5933333328125 0.34187500000000004 0.5974999999999999 0.34187500000000004 0.605 0.33875 0.6108333328125 0.34187500000000004 0.6608333328125 0.34625 0.6766666671875
11 0.256875 0.5791666671875 0.24625 0.48166666718749995 0.155 0.47583333281250006 0.166875 0.5683333328125 0.2325 0.58 0.254375 0.5816666671874999 0.256875 0.5791666671875
11 0.428125 0.46666666718750005 0.425 0.4233333328125 0.37687499999999996 0.42416666718749996 0.375625 0.45083333281250004 0.3775 0.45583333281250005 0.396875 0.4658333328125 0.428125 0.46666666718750005
11 0.08875 0.5541666671875001 0.08937500000000001 0.5408333328125 0.088125 0.5183333328125 0.080625 0.4858333328125 0.0625 0.46166666718749994 0.058750000000000004 0.4625 0.05625 0.47083333281249995 0.055625 0.48 0.0725 0.5599999999999999 0.08249999999999999 0.5608333328125 0.08875 0.5541666671875001
11 0.26125 0.43833333281250003 0.258125 0.42000000000000004 0.22374999999999998 0.42083333281249996 0.224375 0.44333333281250004 0.22749999999999998 0.4566666671875 0.26 0.45499999999999996 0.26125 0.43833333281250003
11 0.16375 0.42000000000000004 0.135625 0.42000000000000004 0.13874999999999998 0.4491666671875 0.15812500000000002 0.4525 0.166875 0.45083333281250004 0.16375 0.42000000000000004
9 0.770625 0.6808333328125 0.70625 0.5141666671875 0.703125 0.5125 0.62625 0.5066666671875 0.6018749999999999 0.5191666671874999 0.586875 0.5225 0.54875 0.625 0.5443749999999999 0.6425 0.55 0.645 0.65625 0.6599999999999999 0.770625 0.6808333328125
12 0.7675 0.7525000000000001 0.7725 0.765 0.7931250000000001 0.7666666671875 0.82 0.7891666671875 0.838125 0.8125 0.835625 0.8283333328125 0.8400000000000001 0.8408333328125 0.846875 0.8458333328125001 0.8556250000000001 0.8441666671875 0.859375 0.8358333328124999 0.844375 0.8058333328125 0.813125 0.7733333328125 0.818125 0.7641666671875 0.8256249999999999 0.7691666671874999 0.8318749999999999 0.7683333328125 0.83375 0.7575000000000001 0.8243750000000001 0.7424999999999999 0.8099999999999999 0.7391666671875 0.8099999999999999 0.705 0.8387499999999999 0.7016666671875 0.8631249999999999 0.6916666671875 0.865 0.6783333328125 0.8612500000000001 0.6725 0.865 0.665 0.88375 0.6575 0.8868750000000001 0.6358333328125 0.8975 0.6191666671875 0.8949999999999999 0.6066666671875 0.9199999999999999 0.5683333328125 0.909375 0.5691666671875 0.87375 0.5825 0.8487500000000001 0.5833333328125 0.8412499999999999 0.5791666671875 0.8306250000000001 0.5816666671874999 0.8 0.58 0.786875 0.5974999999999999 0.7731250000000001 0.6266666671875 0.765625 0.6266666671875 0.756875 0.615 0.7424999999999999 0.605 0.7424999999999999 0.6108333328125 0.77 0.6758333328125 0.7731250000000001 0.6883333328125001 0.7675 0.7525000000000001
4 0.5125 0.46166666718749994 0.5490625 0.46166666718749994 0.5543750000000001 0.47083333281249995 0.555625 0.48 0.561875 0.48166666718749995 0.56875 0.4783333328125 0.573125 0.45499999999999996 0.57125 0.44166666718750003 0.5650000000000001 0.4341666671875 0.564375 0.4291666671875 0.553125 0.42000000000000004 0.548125 0.4033333328125 0.54375 0.4016666671875 0.5325 0.41333333281250006 0.530625 0.42833333281249997 0.5175 0.43666666718749997 0.496875 0.46166666718749994 0.495625 0.46666666718750005 0.50875 0.46666666718750005 0.509375 0.4625 0.5125 0.46166666718749994
8 0.55375 0.46166666718749994 0.506875 0.4608333328125 0.51125 0.49000000000000005 0.5549999999999999 0.4916666671875 0.55625 0.4891666671875 0.55375 0.46166666718749994
0 0.61125 0.5141666671875 0.624375 0.5041666671875 0.623125 0.49000000000000005 0.600625 0.48250000000000004 0.57625 0.48250000000000004 0.575 0.4858333328125 0.556875 0.4891666671875 0.553125 0.4933333328125 0.55625 0.5033333328125 0.584375 0.5133333328125 0.61125 0.5141666671875
0 0.35812499999999997 0.48250000000000004 0.38125 0.47083333281249995 0.3775 0.4583333328125 0.354375 0.4583333328125 0.34187500000000004 0.4658333328125 0.335625 0.47416666718749995 0.335625 0.4791666671875 0.346875 0.48333333281249996 0.35812499999999997 0.48250000000000004
6 0.225 0.6191666671875 0.25 0.5983333328125 0.2475 0.595 0.2375 0.5941666671875 0.1975 0.5766666671875 0.18625 0.58 0.1625 0.5958333328125 0.1625 0.6 0.199375 0.6133333328125 0.215625 0.6224999999999999 0.225 0.6191666671875
6 0.080625 0.5916666671875 0.10375000000000001 0.5841666671875 0.10625 0.5825 0.10625 0.5733333328125 0.10500000000000001 0.5708333328124999 0.099375 0.5716666671875 0.041249999999999995 0.5958333328125 0.039375 0.5983333328125 0.041249999999999995 0.6016666671875 0.065 0.6008333328125001 0.080625 0.5916666671875
11 0.42000000000000004 0.40083333281250005 0.42374999999999996 0.40083333281250005 0.42750000000000005 0.40833333281249995 0.434375 0.40750000000000003 0.433125 0.3675 0.40062499999999995 0.3675 0.40374999999999994 0.4091666671875 0.406875 0.4091666671875 0.40875000000000006 0.40416666718750005 0.42000000000000004 0.40083333281250005
11 0.440625 0.38416666718750003 0.44125 0.41333333281250006 0.460625 0.4108333328125 0.460625 0.38333333281250004 0.440625 0.38416666718750003
11 0.7224999999999999 0.3716666671875 0.7075 0.3725 0.70625 0.38 0.7056250000000001 0.40499999999999997 0.723125 0.4066666671875 0.725 0.3741666671875 0.7224999999999999 0.3716666671875
2 0.56125 0.41333333281250006 0.5806250000000001 0.41500000000000004 0.58875 0.39416666718750004 0.5900000000000001 0.36 0.55 0.3616666671875 0.5493750000000001 0.40833333281249995 0.55125 0.4158333328125 0.5549999999999999 0.4175 0.56125 0.41333333281250006
12 0.774375 0.4858333328125 0.780625 0.475 0.7931250000000001 0.47750000000000004 0.7993750000000001 0.4858333328125 0.803125 0.4858333328125 0.80625 0.4341666671875 0.8081250000000001 0.4233333328125 0.8150000000000001 0.41 0.8150000000000001 0.3991666671875 0.8106249999999999 0.3958333328125 0.7931250000000001 0.42750000000000005 0.788125 0.4325 0.784375 0.43166666718749996 0.7837500000000001 0.43833333281250003 0.7625 0.4408333328125 0.7625 0.4458333328125 0.771875 0.4525 0.77625 0.46166666718749994 0.774375 0.4858333328125