12 0.5510060765625 0 0.5518183609375 0.007728359375 0.5584618781249999 0.0170913109375 0.560030759375 0.032018232812500005 0.5583241921875 0.1294559796875 0.5602417140625 0.1476999953125 0.56632676875 0.1696981578125 0.5742260296875 0.17306008125 0.5829334015625001 0.1721449015625 0.5893509406249999 0.161409178125 0.594861375 0.159991575 0.62975435 0.1689006890625 0.6640490390625 0.16613460625 0.70351735625 0.1527635421875 0.7218747046875 0.12400420937500001 0.7701816984375001 0.1767789078125 0.7703441859375 0.1843077390625 0.7816265359375001 0.1839603484375 0.7939903125 0.17595339062499998 0.8237290046875 0.14180565625 0.8354191656250001 0.1154239421875 0.8774699765625 0.054829125 0.88040543125 0.052843726562500005 0.9129849078125 0.06367287031249999 0.9407867296875001 0.06494295312500001 0.9487849859375 0.0632638671875 0.958660940625 0.05551838906249999 0.9589460890625 0.046265640625 0.9498265859374999 0.0312938875 0.933604096875 0.014553382812499998 0.9094705109375001 0.000321240625 0.909451896875 0 0.5510060765625 0
12 1 0.287295578125 0.97859149375 0.0836072390625 0.96965814375 0.064423746875 0.9562366125 0.0683497109375 0.9321665203125 0.06668740625 0.8851949171875001 0.056532503125 0.8511025390625001 0.09113782499999999 0.829896896875 0.12271182968750001 0.8196249640625 0.150621353125 0.7923859265625001 0.1786373203125 0.77637758125 0.1878657734375 0.778580253125 0.196857040625 0.7877869171875 0.21265806875 0.8072063421875001 0.22990099375 0.82762003125 0.238655075 0.8573867125 0.2346880375 0.8709072390625 0.22572106406249998 0.8727612703125001 0.2313952359375 0.8878625124999999 0.2314849015625 0.8945178625000001 0.234977565625 0.8979289421875001 0.2614489453125 0.9072346015624999 0.27220896250000004 0.934303640625 0.2844557109375 0.9778921546875001 0.2983199265625 1 0.295996296875 1 0.287295578125
9 0.46444242031250005 0.343062890625 0.4668312453125 0.3478424203125 0.47269032187500004 0.349741909375 0.566471040625 0.3625228859375 0.7426866328124999 0.375862384375 0.7568172796875 0.372700325 0.7604101921875001 0.35303870625 0.782748915625 0.33224525625 0.7920782421875 0.3312647046875 0.8468501125 0.34982254375 0.867735103125 0.345112140625 0.8920666781250001 0.3492622640625 0.904505778125 0.3479548609375 0.9459389546875 0.3293466765625 0.98845355625 0.30307891875 0.9821705125 0.291162778125 0.9748060468749999 0.2869062078125 0.7708833015625001 0.22533435625 0.75685165 0.2234554046875 0.6844153921875 0.198369825 0.637978584375 0.1873202765625 0.6207618312500001 0.17906862031249998 0.57138956875 0.17000446875 0.53055035625 0.158366590625 0.523883171875 0.160744209375 0.5142686984375 0.170977509375 0.4947190984375 0.21830770781250003 0.49300388437500003 0.23190293281250002 0.4892603203125 0.23816543750000002 0.47601743281250003 0.285671209375 0.46444242031250005 0.343062890625
13 0.633400053125 0.299313265625 0.6450116984375 0.35594479843750004 0.655101796875 0.37416827656249996 0.6613213484375 0.3735145765625 0.6646172781249999 0.3689759875 0.6638328375 0.3615125265625 0.6663324921875 0.3553807625 0.6579931078125 0.3059512078125 0.6519833796875 0.29065260312499996 0.64372364375 0.28984386875 0.633400053125 0.299313265625
11 0.7511206890625 0.3783296671875 0.7718916640625 0.474243365625 0.8633072234375 0.47050424375000005 0.8418153 0.3796969265625 0.775289778125 0.374950959375 0.7533470296875 0.37558036562499997 0.7511206890625 0.3783296671875
11 0.592471621875 0.5081929875 0.6001137265625001 0.55098835625 0.6479171046875 0.545125584375 0.646371890625 0.51845809375 0.643983065625 0.5136785640625 0.6236565359374999 0.5057537578125 0.592471621875 0.5081929875
11 0.9254112484375 0.421216696875 0.9362739546875 0.45277392031249997 0.9568382953125001 0.4749271140625 0.960482865625 0.4737056203125 0.962099084375 0.46515140625000007 0.961762278125 0.45596402812500003 0.9366021171875 0.3781187734375 0.926563675 0.378335421875 0.92104140625 0.385623309375 0.9218140140625 0.3989570546875 0.9254112484375 0.421216696875
11 0.76149706875 0.518934465625 0.7665243671875 0.5368516296875 0.8006447359375001 0.5324270015625 0.7976694578125 0.5101019890625 0.7931651203125 0.49716046406250003 0.7609977781249999 0.50221825625 0.76149706875 0.518934465625
11 0.8822671796874999 0.49534136875 0.8626379328124999 0.49405075 0.85410488125 0.49662447812500005 0.8604395828125 0.52698074375 0.8884275609375001 0.5240390890625 0.8822671796874999 0.49534136875
9 0.31401758750000003 0.49134580000000005 0.39112818125 0.48911018906250003 0.414077025 0.4741216546875 0.42865530781250005 0.4692356796875 0.45587386875 0.363247471875 0.45839719062500006 0.3453751375 0.4525381140625 0.3434756484375 0.3452368703125 0.339661646875 0.229240090625 0.3308925421875 0.3107334921875 0.49001410312499993 0.31401758750000003 0.49134580000000005
12 0.173255490625 0.252933328125 0.16526906875 0.24874212812500002 0.15913667812500001 0.25022510468750003 0.15840389531250001 0.26120176875 0.169302103125 0.2751481375 0.18395571093750002 0.27696171875000003 0.1875292765625 0.3109619296875 0.159267984375 0.317286046875 0.136057659375 0.3297867625 0.13558635624999998 0.3432512484375 0.13992820781249998 0.3486639421875 0.13698091875 0.356519625 0.11910670937500001 0.3659441875 0.118263096875 0.387832146875 0.1094330640625 0.4055289078125 0.1132282859375 0.417706528125 0.09235945 0.45846790937500004 0.10284552656249998 0.45652734375000004 0.1369024015625 0.4395328734375 0.16169344531250002 0.4360887953125 0.16959270625 0.43945072031250004 0.1799044625 0.43585160937499995 0.21055458124999998 0.43430702187500003 0.2217852734375 0.41551950625 0.2324176796875 0.38505679375 0.23988114062500002 0.38427235312499997 0.2498087546875 0.3949669984375 0.26515964062499997 0.40341476875 0.2645495203125 0.3976098546875 0.23038500625 0.3358028125 0.2259678296875 0.3236905625 0.22485409218750002 0.259248178125 0.21857105 0.24733203750000002 0.1978722125 0.247830703125 0.1687748203125 0.22825123593750002 0.148297640625 0.2069273140625 0.14912941875000002 0.1909096390625 0.14346833125 0.1789281296875 0.1361038640625 0.174671559375 0.1275708125 0.1772452875 0.12471068437499999 0.18593024375 0.1427753703125 0.21421520312500003 0.1772723703125 0.2432883609375 0.173255490625 0.252933328125
4 0.484208428125 0.5849697859375 0.4941833765625 0.572183296875 0.49448035937499996 0.557060265625 0.5066698140625 0.54739475625 0.5245795265625001 0.520359340625 0.525300475 0.5152529609375 0.51223941875 0.5166257328125 0.512053265625 0.5208374703125 0.5090306499999999 0.52199359375 0.47264627968750006 0.5258177453124999 0.4664009 0.517251384375 0.464198228125 0.5082601171875 0.45780435781250006 0.507255271875 0.4513114921875 0.5112914359375 0.44939829062500003 0.5349686828125 0.45265871718749995 0.5480409468749999 0.459662709375 0.55485070625 0.46080762656249996 0.5597609765625 0.47296157968749997 0.567706321875 0.47968042187500004 0.5837688296875 0.484208428125 0.5849697859375
8 0.5073111156250001 0.49366755937500006 0.463599940625 0.49658491875 0.4626175109375 0.4992034796875 0.467981615625 0.526308021875 0.5147154046875 0.5222345374999999 0.5073111156250001 0.49366755937500006
0 0.395981159375 0.5053688078125 0.41915598281250005 0.51047894375 0.44341222968749994 0.507929509375 0.4443075 0.504481678125 0.46199555468750003 0.49926884843749997 0.46529148593749997 0.49473026249999996 0.46113578750000006 0.4851058328125 0.4321018890625 0.47809620625000004 0.40527066093749997 0.480077846875 0.3932555265625 0.49140189999999995 0.395981159375 0.5053688078125
0 0.67838858125 0.5000011875 0.68373653125 0.4910547515625 0.68321356875 0.48607911093749995 0.671582578125 0.48310940625 0.660474546875 0.48511534218749996 0.638682453125 0.4991438640625 0.6437215843749999 0.5111907453125 0.6667339218749999 0.5087720499999999 0.67838858125 0.5000011875
6 0.7587939734375 0.361592921875 0.7688324140625 0.361376271875 0.8104679000000001 0.3746073265625 0.8213144515625 0.370113571875 0.8432927015624999 0.3518733140625 0.8428569015624999 0.34772694375 0.804766990625 0.3383154078125 0.787637396875 0.330893021875 0.7786567109375 0.3351906671875 0.7559575125 0.358537309375 0.7587939734375 0.361592921875
6 0.9006632203124999 0.35925837656250004 0.9016219812499999 0.3683803859375 0.903127371875 0.37073746406249997 0.9086378078124999 0.369319859375 0.963951984375 0.3391915109375 0.9655563687500001 0.33650758125 0.9633418624999999 0.33338659531250003 0.9397947312499999 0.3366999359375 0.925204615625 0.34745619375 0.90297671875 0.35733834999999997 0.9006632203124999 0.35925837656250004
11 0.5924404421875 0.567725103125 0.5978680390625 0.6073994859375 0.6302097046874999 0.604000240625 0.6227419203125 0.56286341875 0.6196321453125 0.5631902703125 0.6182892421874999 0.568362021875 0.607442690625 0.572855778125 0.6037109609375 0.5732479984375 0.5991947890625 0.566176759375 0.5924404421875 0.567725103125
11 0.5886613765625001 0.591598459375 0.5849888156249999 0.5626392609375 0.565969690625 0.567153553125 0.5688459734375 0.594519578125 0.5886613765625001 0.591598459375
11 0.3094670453125 0.6335194796875 0.32430680624999997 0.631121325 0.3247662765625 0.6235271250000001 0.3227734265625 0.5985835515625 0.3051843640625 0.5987553671875 0.30671774375 0.631293140625 0.3094670453125 0.6335194796875
2 0.482172565625 0.6254286109375 0.4779135515625 0.5789239312500001 0.47526324531249997 0.5716565796874999 0.47135719375 0.570390253125 0.46557344375 0.575190321875 0.4461185171875 0.575558246875 0.4402121046875 0.5971398953125 0.4425417609375 0.6312708453125 0.482172565625 0.6254286109375
12 0.24161796406249997 0.5802834359375 0.2415426375 0.5735838796875 0.2624276296875 0.568873475 0.26190466875 0.563897834375 0.2518780609375 0.5582441984375001 0.24656561406250002 0.5495797812500001 0.24590383437500002 0.52533474375 0.24081736562499997 0.536768996875 0.228116784375 0.5355885796875001 0.22102563281249998 0.5279495468750001 0.2172939015625 0.5283417671875 0.21958805625000002 0.58008356875 0.218855271875 0.5910602359375 0.21340832812500002 0.6050476796875001 0.21454141093749998 0.615828234375 0.2192437359375 0.6186877375 0.23334639375 0.585344984375 0.2377990734375 0.5798463843749999 0.24161796406249997 0.5802834359375