11 0.8262499999999999 0.3133333328125 0.8342499999999999 0.305 0.8800000000000001 0.3066666671875 0.8875 0.2866666671875 0.891875 0.24 0.896875 0.2158333328125 0.778125 0.20833333281250002 0.775625 0.2125 0.76625 0.2858333328125 0.765625 0.3 0.7675 0.3016666671875 0.821875 0.30333333281249997 0.8262499999999999 0.3133333328125
11 0.5818749999999999 0.21833333281249998 0.5743750000000001 0.32083333281250004 0.6825 0.3133333328125 0.694375 0.2158333328125 0.5818749999999999 0.21833333281249998
12 0.553125 0.3183333328125 0.56375 0.315 0.561875 0.24333333281249997 0.47874999999999995 0.24333333281249997 0.47625 0.24583333281250003 0.476875 0.2916666671875 0.47000000000000003 0.3 0.48 0.32083333281250004 0.553125 0.3183333328125
12 0.3175 0.3283333328125 0.380625 0.3275 0.406875 0.3241666671875 0.4025 0.2683333328125 0.39875 0.26 0.309375 0.2608333328125 0.3075 0.2708333328125 0.311875 0.3008333328125 0.31124999999999997 0.3183333328125 0.3175 0.3283333328125
12 0.34125 0.41916666718749995 0.367856875 0.4175 0.3725 0.42083333281249996 0.3725 0.43666666718749997 0.36875 0.45499999999999996 0.37 0.47000000000000003 0.384375 0.46749999999999997 0.38125 0.43833333281250003 0.3875 0.43333333281249997 0.38625 0.41916666718749995 0.39375 0.4141666671875 0.414375 0.41166666718749995 0.43624999999999997 0.4033333328125 0.43624999999999997 0.3958333328125 0.43 0.3825 0.31875 0.39 0.318125 0.3991666671875 0.321875 0.4058333328125 0.3325 0.40833333281249995 0.34125 0.41916666718749995
12 0.5275000000000001 0.4525 0.533125 0.4491666671875 0.531875 0.4091666671875 0.5375 0.4058333328125 0.5375 0.39 0.58125 0.38333333281250004 0.58375 0.37666666718749997 0.5825 0.3708333328125 0.5775 0.37 0.520625 0.375 0.514375 0.3791666671875 0.51375 0.3866666671875 0.525625 0.39416666718750004 0.51875 0.45083333281250004 0.5275000000000001 0.4525
9 0.39437500000000003 0.8741666671875 0.4175 0.985 0.418125 0.9991666671875 0.593125 0.9991666671875 0.598125 0.9958333328125001 0.711875 0.9591666671875 0.875 0.8958333328125001 0.930625 0.8775000000000001 0.943125 0.8699999999999999 0.9493750000000001 0.8533333328125 0.945625 0.8400000000000001 0.925 0.8233333328124999 0.86625 0.76 0.85 0.7466666671875 0.843125 0.7516666671875 0.8418749999999999 0.8 0.835 0.8133333328125 0.820625 0.8283333328125 0.69625 0.8641666671875001 0.680625 0.865 0.67125 0.8616666671875001 0.65 0.8383333328125 0.623125 0.8175000000000001 0.621875 0.8099999999999999 0.63125 0.7991666671875 0.63 0.7916666671875 0.62 0.7691666671874999 0.609375 0.7641666671875 0.5662499999999999 0.805 0.551875 0.8241666671875001 0.524375 0.8166666671874999 0.530625 0.7983333328125 0.533125 0.7816666671875 0.56375 0.7325 0.569375 0.6516666671875 0.57625 0.6316666671875 0.5756249999999999 0.6241666671874999 0.5543750000000001 0.625 0.39125 0.6599999999999999 0.3625 0.6691666671875 0.36124999999999996 0.6808333328125 0.3675 0.7083333328125 0.371875 0.745 0.39437500000000003 0.8741666671875
9 0 0.745 0.263125 0.6891666671875 0.30375 0.6758333328125 0.30375 0.6683333328125001 0.29 0.655 0.28500000000000003 0.6083333328125 0.28375 0.5516666671875 0.2875 0.5333333328125 0.290625 0.5291666671875 0.30375 0.53 0.31 0.5241666671874999 0.31 0.5125 0.299375 0.45583333281250005 0.29500000000000004 0.4016666671875 0.289375 0.3866666671875 0.278125 0.385 0.074375 0.3958333328125 0.060625 0.41 0.038125 0.4575 0.03625 0.48166666718749995 0.03875 0.49583333281249997 0.025625 0.5033333328125 0.0125 0.5191666671874999 0.0075 0.5316666671875 0 0.5408333328125 0 0.745
9 0.94375 0.82 0.9506249999999999 0.8241666671875001 0.9625 0.8416666671874999 0.9724999999999999 0.8466666671875 0.9875 0.8466666671875 0.999375 0.8425 0.999375 0.6741666671875 0.9349999999999999 0.6891666671875 0.9193749999999999 0.6891666671875 0.82 0.5983333328125 0.8106249999999999 0.58 0.756875 0.5875 0.7375 0.5966666671875 0.775 0.6325000000000001 0.851875 0.7224999999999999 0.93625 0.8091666671875 0.94375 0.82
13 0.315 0.6691666671875 0.325 0.6608333328125 0.32875 0.6475 0.32687499999999997 0.61 0.316875 0.545 0.30625 0.525 0.29125 0.5241666671874999 0.28375 0.5308333328125 0.27875 0.5533333328125 0.285625 0.6599999999999999 0.289375 0.6666666671875 0.30125 0.6716666671875 0.315 0.6691666671875
0 0.5706249999999999 0.8 0.586875 0.7791666671875 0.5962500000000001 0.7733333328125 0.6025 0.7616666671875 0.60875 0.76 0.62 0.7691666671874999 0.625625 0.7791666671875 0.635625 0.8058333328125 0.63875 0.825 0.6693749999999999 0.8608333328125 0.684375 0.865 0.708125 0.8616666671875001 0.721875 0.8558333328125001 0.8006249999999999 0.8375 0.825 0.8266666671875 0.8412499999999999 0.8091666671875 0.845 0.7941666671875 0.8456250000000001 0.7716666671875 0.8418749999999999 0.7441666671875 0.815625 0.6975 0.79 0.6675 0.7625 0.6433333328125 0.7368750000000001 0.6258333328125001 0.7162499999999999 0.615 0.70125 0.6116666671875 0.650625 0.6158333328125 0.6068749999999999 0.615 0.595625 0.6183333328125 0.57875 0.6316666671875 0.57125 0.6575 0.57625 0.7058333328125 0.5756249999999999 0.7241666671875 0.56375 0.7533333328125 0.538125 0.7858333328125 0.5375 0.8099999999999999 0.540625 0.8150000000000001 0.545 0.8158333328125 0.5706249999999999 0.8
1 0.45875000000000005 0.6841666671875 0.45625 0.6783333328125 0.425 0.6808333328125 0.41500000000000004 0.6858333328125 0.414375 0.7224999999999999 0.416875 0.73 0.460625 0.7233333328125 0.45875000000000005 0.6841666671875
3 0.453125 0.9475 0.46624999999999994 0.9558333328125 0.485 0.9558333328125 0.485 0.9533333328125 0.525 0.945 0.5287499999999999 0.9258333328124999 0.526875 0.8891666671875 0.5193749999999999 0.8541666671874999 0.5075000000000001 0.825 0.491875 0.8233333328124999 0.48187499999999994 0.8266666671875 0.476875 0.8316666671874999 0.47000000000000003 0.8466666671875 0.465 0.8483333328124999 0.458125 0.8375 0.445 0.8383333328125 0.433125 0.845 0.426875 0.8533333328125 0.42000000000000004 0.8716666671875 0.42125 0.8875 0.44000000000000006 0.9291666671875 0.453125 0.9475
10 0.259375 0.6241666671874999 0.26875 0.6091666671875 0.2725 0.5916666671875 0.256875 0.5825 0.241875 0.5858333328125 0.234375 0.5941666671875 0.228125 0.6166666671875001 0.23312499999999997 0.6308333328125 0.241875 0.6341666671875 0.259375 0.6241666671874999
6 0.999375 0.5783333328125 0.925 0.5475 0.83625 0.505 0.8275 0.5058333328125 0.806875 0.5191666671874999 0.7975 0.5291666671875 0.798125 0.5366666671875 0.835 0.5591666671875 0.999375 0.6375 0.999375 0.5783333328125
5 0.174179375 0.532845 0.105300625 0.5569766671874999 0.11075125 0.5711416671875 0.17616125 0.5513333328125001 0.174179375 0.532845