11 0.7530212093750001 0.730190771875 0.7515031 0.74426505 0.7497192890625 0.8181513640625001 0.7515644140625 0.8226798859375 0.8701869906249999 0.8352297859375 0.8688845734375 0.8105599921875 0.8715937734375 0.763808640625 0.8671894734375 0.7428275640625001 0.8216729781250001 0.7367867796875001 0.81501451875 0.727225853125 0.809177778125 0.7363517046875 0.7551276890625 0.7288622515625 0.7530212093750001 0.730190771875
11 0.5669399562499999 0.677525071875 0.5589023703125 0.7798567828125 0.669833075 0.8012176078125 0.672787971875 0.70308140625 0.5669399562499999 0.677525071875
12 0.5555478296875 0.681492546875 0.5455381359375 0.6764210625 0.4735651390625 0.661673715625 0.46052922656249995 0.6805371921875001 0.466074609375 0.6899091625 0.458544075 0.734998984375 0.460640553125 0.7378840578125 0.5428845984375 0.7518458484375 0.5555478296875 0.681492546875
12 0.3889689140625 0.700425296875 0.401717815625 0.646104646875 0.3762487140625 0.6384087671875001 0.3139183859375 0.62698448125 0.3062265140625 0.63579540625 0.30420570156250004 0.6531565765625 0.295352746875 0.6820037953125 0.2956997671875 0.69217940625 0.3840019 0.7080126765625 0.3889689140625 0.700425296875
12 0.3837279359375 0.5106905140625 0.384673328125 0.5293982875000001 0.38228549218749996 0.5450110390625 0.3771888734375 0.547518065625 0.3511153265625 0.5414056921875 0.340824275 0.5506184375000001 0.3299348515625 0.55129901875 0.32521918906249997 0.5572429515625 0.3244551328125 0.5663868859375001 0.43339503125 0.5924681015625 0.44158960468749997 0.580370284375 0.44272068437499995 0.5729747703125 0.42233427187499994 0.561083378125 0.4023048796875 0.5551540046875 0.39563842031249996 0.548963953125 0.3990116578125 0.5352046046875001 0.3935819484375 0.5292245046875 0.40107247656249995 0.5009890578125 0.38722685 0.49610944218749997 0.3837279359375 0.5106905140625
12 0.531509865625 0.5399933390625 0.5297660625 0.5970252765625 0.5168858328125 0.6024262484375 0.5163731281249999 0.6099267359375 0.5219285124999999 0.6150851125 0.5774467 0.6295682578124999 0.5825193859375 0.629586340625 0.5846358687500001 0.624044228125 0.58316776875 0.6170505359375 0.5408868328125 0.6031284375 0.54327466875 0.5875156875 0.5382119859375 0.583284009375 0.5454811687500001 0.5440512296875 0.5404184843750001 0.539819553125 0.531509865625 0.5399933390625
9 0.5104869875 0 0.4722962046875 0.1016675578125 0.43055493437500003 0.225255584375 0.4206965734375 0.2606765921875 0.41036551406250005 0.28674371249999997 0.409842809375 0.2984577921875 0.4369056859375 0.3123256421875 0.5930235203125 0.37423673125 0.6139226390625 0.378627634375 0.6156720953125 0.371337096875 0.6118861703125 0.3504609953125 0.6185113203125 0.269809025 0.59562574375 0.216183515625 0.59566575 0.199329140625 0.5922468515625 0.18020146406249998 0.6205864890624999 0.1774248890625 0.631918603125 0.1987389765625 0.6684284625 0.2462467671875 0.6796949125 0.2431010140625 0.692982175 0.222594090625 0.695350009375 0.21540853124999998 0.687708146875 0.20315148593750001 0.6900759812499999 0.195965925 0.7198080515624999 0.1799367984375 0.7443517625 0.16049771562499998 0.7541301093749999 0.158785459375 0.7694638406250001 0.162231578125 0.8871166687500001 0.2184558890625 0.8990771625 0.23566135937500002 0.9038684921875 0.24996367031250002 0.8978160578125 0.297833590625 0.9038641437500001 0.30391866562500003 0.9219527375000001 0.2935004609375 0.9896314546875 0.24091719843749998 1 0.2350496921875 1 0.18668429687500002 0.9510951328124999 0.161029178125 0.7992502703125 0.0711794859375 0.6922355140625001 0.015918042187500002 0.68779120625 0.011791340625 0.6183325156249999 0 0.5104869875 0
9 0.31521384218750004 0.498216471875 0.33427218281250004 0.44412385781249997 0.3360316421875 0.432619725 0.3307276078125 0.425817903125 0.3176160296875 0.4244351328125 0.315152528125 0.4198016359375 0.3142071328125 0.4010938609375 0.323989828125 0.34542660937499997 0.3359746734375 0.30024989375 0.3515897625 0.2894117875 0.3527208421875 0.2820162734375 0.31453719375 0.26204526562499997 0.062621046875 0.16279495 0.031830517187500004 0.36411722968750004 0.0378686 0.3744158984375 0.0409304765625 0.3875815609375 0.051528540624999994 0.4053988015625 0.0633833625 0.41499880781250004 0.058773371875 0.4285482046875 0.0569839078125 0.452693115625 0.07208194375 0.5033104921875 0.08354973593750001 0.5195892625 0.28350662187500003 0.564493796875 0.2948887453125 0.5647399156249999 0.3027162921875 0.5508936734375001 0.31521384218750004 0.498216471875
9 1 0.2553458921875 0.9986257437500001 0.2567760640625 0.9020746796875001 0.328063578125 0.8124414281250001 0.4038976953125 0.7699347984375 0.4329332578125 0.7877220328125001 0.44522647031249996 0.8397713124999999 0.4616499046875 0.8518118203125 0.445146625 0.9638322921875 0.3722699140625 0.9792916999999999 0.3748943109375 1 0.3835252828125 1 0.2553458921875
13 0.33240009375 0.294584721875 0.309511475 0.39861060937500004 0.3110652421875 0.421636953125 0.317480353125 0.42947045 0.332447059375 0.43116814843749995 0.345975671875 0.413231371875 0.365672390625 0.3508165453125 0.37318292343750004 0.3141539109375 0.371483475 0.300376478125 0.3628462109375 0.290479628125 0.3496189609375 0.2857049875 0.33711575625 0.2886407890625 0.33240009375 0.294584721875
0 0.77371506875 0.40406795781250004 0.8017076859375001 0.39111577343750004 0.8325608359375 0.371904725 0.8624385859375 0.3466266859375 0.8954482234375 0.30501915 0.9033057781249999 0.2785321265625 0.90608064375 0.2562406140625 0.9046325484375 0.24081973437499998 0.891193953125 0.22083416718749999 0.8687110609375001 0.20605770156249997 0.7935605125 0.174752825 0.7808359640625 0.16669129062500002 0.7578403671875 0.1594153140625 0.7423709578125 0.1610045125 0.70666646875 0.191194809375 0.700684046875 0.209569571875 0.6867684078125 0.23418511406250003 0.6796949125 0.2431010140625 0.6671817078125 0.250250409375 0.661249296875 0.2475572015625 0.6568249921875 0.2350033140625 0.6484290781250001 0.2276766109375 0.635493184375 0.20440414843750002 0.61252759375 0.18448739218750002 0.608073284375 0.184574284375 0.6042273484375 0.1889797453125 0.6012011328125 0.21291470625 0.621653209375 0.24926593593750002 0.6290037125 0.2800208015625 0.626857225 0.29820369687500003 0.614621028125 0.345023859375 0.6181456 0.371757 0.63283095 0.38773892656250003 0.64345901875 0.3929153875 0.686871034375 0.399441971875 0.7363311359375 0.41205363437500003 0.75167486875 0.4112861609375 0.77371506875 0.40406795781250004
1 0.5150968015624999 0.26152696875000003 0.472815865625 0.2476048703125 0.4692112796875 0.2545804796875 0.4642999296875 0.29084129375 0.47343989531249997 0.29745125 0.5039816828125 0.3051652125 0.50733491875 0.29983305 0.5150968015624999 0.26152696875000003
3 0.6056541375 0.1091314140625 0.61303899375 0.07329050312499999 0.612219275 0.05376100625 0.57389995 0.038825315625 0.574276975 0.036360145312499995 0.5557256875000001 0.0332108703125 0.5414830296875001 0.0392236125 0.5257322640625001 0.0550970375 0.50089719375 0.0930339421875 0.49727260468749995 0.1084367375 0.5013098796875 0.1276693921875 0.5062368859374999 0.13693638749999998 0.5169806312499999 0.1455047171875 0.52984085625 0.14853093281250002 0.538276778125 0.1390032625 0.5429724390625 0.14148651406249999 0.547512415625 0.1574322734375 0.551705371875 0.163202421875 0.561096690625 0.1681689296875 0.57680745 0.1691498796875 0.5929552453125 0.14238409531250001 0.6056541375 0.1091314140625
10 0.2922669515625 0.3661761265625 0.30910879062499996 0.3597615625 0.3080377203125 0.34187551250000003 0.30102423906250003 0.32550985 0.285217809375 0.3127098421875 0.27605783906250003 0.3145270765625 0.26897434374999996 0.3276565703125 0.2717648640625 0.350892865625 0.277928621875 0.3603698125 0.2922669515625 0.3661761265625
6 1 0.4466666484375 0.860746096875 0.48628705468750005 0.8208686546875 0.502280015625 0.8191191968749999 0.5095705515625 0.8268867328124999 0.5210058734375 0.845282340625 0.5376176546875 0.853813934375 0.539909040625 0.9480328218749999 0.5129077078125001 1 0.5010102640625 1 0.4466666484375
5 0.1384497609375 0.3658852375 0.20295922187499998 0.401249678125 0.2077083328125 0.383351796875 0.1459788546875 0.3528330734375 0.1384497609375 0.3658852375