0 0.14550479375 0.54911413125 0.1497226296875 0.5491486828125 0.158182115625 0.543523875 0.164496965625 0.546422659375 0.17316784999999998 0.55602513125 0.17625431875 0.5634775125 0.1845718953125 0.5698586828125001 0.18838879375 0.57805975625 0.1965178109375 0.58567723125 0.1996042796875 0.5931296109375 0.2113854484375 0.604490553125 0.20990077187499998 0.6086870796875 0.195833053125 0.6178557078125 0.146938903125 0.6227779203125 0.136170028125 0.6324687124999999 0.112912390625 0.6465134546875 0.1059137640625 0.6536356484375 0.100917865625 0.6642402281249999 0.11069141093749998 0.7829062671875 0.11691100000000001 0.8085807015625001 0.1294930640625 0.8257660953125001 0.1492623171875 0.8345929906249999 0.1690553859375 0.8377259734375 0.19353769375000002 0.837802746875 0.22273305625 0.8291294 0.2329362484375 0.8231475203124999 0.2570890640625 0.8143090796875001 0.277589725 0.8017271703125 0.29314212031250003 0.788362015625 0.3263915515625 0.7531081171875 0.344559990625 0.7281286078125 0.3488492734375 0.7110814249999999 0.35389475625 0.644774028125 0.35790119531250003 0.6295813015625 0.349301753125 0.6028970921875 0.343646871875 0.595671240625 0.3191179125 0.5848247953125 0.259008278125 0.5746771515625 0.2430797375 0.56835741875 0.21822128593749998 0.5485957578125 0.21221309375000003 0.5381486046874999 0.1969445203125 0.5275018046875 0.1794608375 0.5203028359374999 0.16534646875 0.5187017921875 0.147084728125 0.52214195625 0.14192408437499998 0.5282889281250001 0.1433135015625 0.5468680499999999 0.14550479375 0.54911413125
12 0.691686728125 0.3848695625 0.6893306906250001 0.378165875 0.6841938609375 0.3786189328125 0.6776666390625 0.382650365625 0.666729103125 0.4765135375 0.6880773125 0.48052575624999994 0.7292424046875 0.48197704375 0.732824090625 0.4806447484375 0.734685890625 0.473975615625 0.7455757953125 0.3915002671875 0.7358678234375 0.3886974703125 0.6972711453125 0.3870196546875 0.691686728125 0.3848695625
12 0.529946121875 0.42637417656250004 0.5315717296875 0.43232917187500003 0.5574206171875 0.4345214828125 0.56274600625 0.43283212187500003 0.564913484375 0.44077211250000004 0.5815019875 0.4427647796875 0.584233190625 0.4913108515625 0.597428571875 0.49339950625 0.603036803125 0.48985568593749995 0.604521478125 0.48565915937500004 0.6006102984374999 0.4780762390625 0.6045929234375 0.4685774234375 0.6056557828125 0.411768840625 0.6080832625 0.4013907921875 0.616000884375 0.3937809859375 0.618145521875 0.38525739375 0.616519915625 0.3793024 0.609097515625 0.37812753125 0.6020284234375 0.380173965625 0.5978572375 0.390909084375 0.5857217828125 0.3984843390625 0.5820210218749999 0.42828619375 0.566257228125 0.42642406718750003 0.5479488359375 0.41909455937500006 0.53218504375 0.4172324328125 0.529946121875 0.42637417656250004
12 0.6852469343750001 0.54338531875 0.6678099046875 0.546956025 0.6655005187499999 0.551022009375 0.659538978125 0.5513445265625 0.6515003265625 0.6317388859374999 0.664412865625 0.635682 0.7231559187500001 0.643714103125 0.72591289375 0.64225126875 0.7270442625 0.634833440625 0.7289070390625 0.606006809375 0.7368970828125 0.55915776875 0.6890638328125 0.55158639375 0.6852469343750001 0.54338531875
12 0.587360440625 0.6424778843750001 0.5939581281249999 0.6435222109375001 0.597634096875 0.6415717671875 0.6018548671875 0.575133828125 0.59059175625 0.5714517984375 0.5863262890625001 0.5828050703125001 0.58283888125 0.5835192109375 0.557461396875 0.5782361375 0.5554586671874999 0.574753753125 0.5261461875 0.56758166875 0.5249910046874999 0.5806934078125 0.544689790625 0.5844445453125 0.553031184375 0.5851318015625 0.5558824421875 0.5830508156249999 0.565778975 0.58461730625 0.5680407328125 0.5919391468749999 0.5852653859375 0.595298659375 0.58297785625 0.637985725 0.587360440625 0.6424778843750001
11 0.7461287578125 0.6758388109375 0.7392015765625 0.6658792671875 0.728951734375 0.661091475 0.7075092421875 0.6576974078125 0.661160671875 0.6459295078125 0.653643990625 0.6453727921875 0.645561625 0.648524990625 0.633376584375 0.7118030609375 0.6365335171875001 0.7243312015625001 0.63445934375 0.737930553125 0.6458633875 0.7517641046875 0.682668734375 0.7651868171875 0.728286875 0.776206025 0.7337303609375 0.7682045953125 0.7424746484375 0.7164103374999999 0.7461287578125 0.6758388109375
11 0.64404530625 0.8356754015625001 0.63643434375 0.8357368375 0.6253568546875 0.8972909921875001 0.622128475 0.9018445890625 0.61550599375 0.92865166875 0.613502284375 0.9473267828124999 0.6641391578125 0.9642049953124999 0.6757793953125 0.9654144171875 0.6874900984375001 0.971699596875 0.701321628125 0.9751550984374999 0.7261859515625 0.8619717796874999 0.72079009375 0.8585853828125 0.6699646578125 0.842943475 0.64404530625 0.8356754015625001
5 0.4998069734375 0.21641862656250002 0.48875450625 0.15206810312500002 0.482229809375 0.1549477375 0.494228009375 0.2187958890625 0.4998069734375 0.21641862656250002
10 0.40745612343750004 0.2689662390625 0.4139534484375 0.2947745328125 0.43117322031249994 0.3072812171875 0.440925215625 0.30034794531250003 0.4463607609375 0.287514259375 0.4390611171875 0.2726647578125 0.41790818593749995 0.261491078125 0.40745612343750004 0.2689662390625
13 0.49524170156249997 0.3271857109375 0.48701840625 0.32018638906249997 0.3702627265625 0.3048708765625 0.3591643578125 0.305646453125 0.3507048703125 0.3112712609375 0.3451671046875 0.319890840625 0.341395878125 0.3446169359375 0.3437519171875 0.35132062343750003 0.3511505015625 0.3581894046875 0.3560044875 0.3595908015625 0.3793087765625 0.35631573125 0.40598237656249997 0.3586385859375 0.4700746359375 0.35928741249999996 0.490174359375 0.3548720265625 0.4962778109375 0.34254353125 0.49524170156249997 0.3271857109375
1 0.3213381859375 0.4291762375 0.30587732500000003 0.4267289859375 0.2804505046875 0.4245161171875 0.28410546718749996 0.46917634843749995 0.319326665625 0.4705243546875 0.3213381859375 0.4291762375
7 0.466912834375 0.2366394046875 0.4439541359375 0.2327033671875 0.44449471249999994 0.2463760046875 0.45536446406250003 0.25957040937500003 0.4616968484375 0.270838065625 0.4704581640625 0.26618595625 0.47147080625 0.25426905781250003 0.45997145 0.2452026765625 0.466912834375 0.2366394046875
9 0.3352020625 0.268933596875 0.339772228125 0.294346946875 0.3398655296875 0.3158862921875 0.34358814843749996 0.32470551875 0.35072770625 0.32773484375 0.3740558109375 0.31876586093750003 0.386520759375 0.3201058234375 0.40954220625 0.3186852109375 0.44693705 0.322705096875 0.4758019421875 0.32727402968749997 0.48046736718750005 0.32991173281249997 0.48666411875 0.3391225828125 0.48553275156250003 0.3465404109375 0.48166822187499997 0.3497271609375 0.4670824484375 0.35121687968750004 0.48970295625000004 0.3579627875 0.503086896875 0.3588151390625 0.5195106546875 0.35635019843750004 0.5578244921875 0.359882471875 0.5977172859375 0.35860006875 0.6110069421875 0.360070571875 0.6267002703125 0.3568569375 0.6307533609375 0.35243388124999997 0.63546739375 0.32152626406249996 0.6349979484375 0.2803020328125 0.6505552359375 0.15614939375 0.6507676124999999 0.1492191765625 0.64532510625 0.135063109375 0.628501390625 0.123537075 0.6199247859375 0.11331644999999999 0.5988832328125 0.10175586406249999 0.5893638218749999 0.0977167625 0.557200084375 0.09262566562499999 0.53740799375 0.0673351859375 0.5194767265625 0.057533067187499995 0.5077898375000001 0.045553975000000003 0.4950658625 0.0403745578125 0.48528742343750003 0.0324960015625 0.46789802343750003 0.02467888125 0.46776958750000003 0.024514765625 0.326056965625 0.017087921875000002 0.3265181265625 0.021292571875 0.3256924375 0.043319528125 0.3291084 0.0596871234375 0.328022703125 0.10003212187499999 0.331485315625 0.1271693890625 0.33044725 0.1561265609375 0.333980328125 0.18833958906249998 0.3352020625 0.268933596875
9 0.6071336078125 0.5626747937500001 0.6121761546875 0.5628398859375 0.6576781578124999 0.5358561640625 0.66140175625 0.5225178953125 0.677925665625 0.38648982187500003 0.679034196875 0.362608409375 0.677856178125 0.359256565625 0.6745573328125001 0.35873440156249997 0.665367415625 0.3636105140625 0.6339341093749999 0.3592681109375 0.6304467046875 0.3599822515625 0.626016490625 0.36687791718749996 0.621704375 0.36746151718750003 0.6212091562500001 0.376246190625 0.623141421875 0.374652815625 0.624508 0.3767683546875 0.6233051875 0.40126791875 0.613595259375 0.4427801171875 0.6036233656250001 0.54692535 0.6071336078125 0.5626747937500001
9 0.522610175 0.6018411312499999 0.5258871609375 0.5637422125 0.5225178500000001 0.5581442890625 0.48568868906249996 0.5504154890625 0.4818241625 0.553602240625 0.4805985125 0.5616382203125 0.47934806874999997 0.597525609375 0.48005175 0.67044070625 0.47575953281250005 0.7539603796875001 0.475711903125 0.7653482046875 0.4786098109375 0.7740368921874999 0.49218231250000005 0.7736529375 0.505919559375 0.777726590625 0.51115066875 0.7766553796875 0.5185512109375 0.7392091656249999 0.522610175 0.6018411312499999
9 0.6404933046875 0.6983688031249999 0.6447369140625 0.6483944484374999 0.649921371875 0.636553565625 0.6584542609375 0.5695320265625 0.6599865671875 0.553947678125 0.6569000984375 0.546495296875 0.64412849375 0.552703703125 0.6185614687500001 0.57081443125 0.6103848234375 0.57458478125 0.6044232828125 0.5749072984375 0.6023024578125 0.5777369796875 0.5913877578125 0.6880637359375 0.590112521875 0.751802534375 0.5862470140625 0.77714678125 0.588697334375 0.7832323171875 0.59586070625 0.7805677296875 0.5984767515625 0.7689533749999999 0.6137939328125 0.7460548546875 0.61796511875 0.735319734375 0.6206278140625 0.7344750531249999 0.625104678125 0.7383490609375001 0.6333517890625 0.7396544703125 0.6361087640624999 0.738191634375 0.6406808875000001 0.71928999375 0.6379715421875 0.7093650046875 0.6280750078125 0.7077985124999999 0.62338576875 0.710854721875 0.6190964875 0.72790190625 0.61615095 0.7306010453125 0.6065610734375 0.721486184375 0.6027918046875 0.701897284375 0.6093904718750001 0.6807841156250001 0.6174261859375 0.6668622453124999 0.6210793171875 0.648448215625 0.629091215625 0.6402202578125 0.6322014984375001 0.6419787265625 0.626473215625 0.69614960625 0.6301253671875 0.6998930718749999 0.6367230578124999 0.7009374 0.6404933046875 0.6983688031249999
9 0.48564986718750003 0.36238584218750003 0.48017571718749996 0.5311836609375 0.486843871875 0.53730375 0.52129318125 0.5440227734375 0.5258176734375 0.53650895625 0.5242635109375 0.513472225 0.5327764984375001 0.36351461406249996 0.5310566109375 0.358177771875 0.5271216171875001 0.3562887625 0.49731391875000003 0.35790135156249997 0.48564986718750003 0.36238584218750003
9 0.4723406359375 0.8040652749999999 0.4742957375 0.818935484375 0.47198341250000003 0.889473959375 0.4679293453125 0.9160545109375 0.51008389375 0.9220939484375 0.5095916125 0.86440613125 0.5174407234375 0.8074055734375 0.5121391484375 0.803401025 0.480541096875 0.7946010125 0.474202434375 0.797396140625 0.4723406359375 0.8040652749999999