13 0.7189894265625 0.3537254421875 0.71099714375 0.3479654375 0.6682357859375 0.34631664375 0.6469908703125 0.34203367500000004 0.6062996890625 0.345270128125 0.597357121875 0.3483525390625 0.5783350953124999 0.3508267671875 0.5710554734375 0.353802546875 0.5649636515625 0.361092903125 0.5660835453125 0.37482056406250003 0.5715814156250001 0.380740515625 0.6289359203125 0.3870988046875 0.6713409484375 0.38437970625 0.6857813828125 0.3872172453125 0.7040737484374999 0.3860443015625 0.7136950703125 0.381036621875 0.721568646875 0.36485053437500004 0.7189894265625 0.3537254421875
10 0.7128471140625 0.2374510453125 0.678756796875 0.2396369875 0.6700687515625 0.245839321875 0.6647914 0.2631134296875 0.666895478125 0.2786597296875 0.673123009375 0.28327839843749997 0.6850690328125 0.2862758859375 0.7060594265625 0.28743893125 0.7158334640625 0.2843032046875 0.72114471875 0.2776901484375 0.7248609390625 0.261770640625 0.7238428531250001 0.24929094843750002 0.7128471140625 0.2374510453125
7 0.695369525 0.1564021671875 0.68259203125 0.15345799375 0.666115325 0.1563962609375 0.6551703859375 0.17591553437500002 0.659565259375 0.1888059484375 0.6701537656250001 0.19565397499999998 0.695878465625 0.1933772046875 0.7064839734375 0.19018816249999998 0.7152229218749999 0.18460981406250002 0.717988859375 0.1775327203125 0.7166992484375 0.171970175 0.704091471875 0.1608608875 0.695369525 0.1564021671875
5 0.6725317656249999 0.07575219062500001 0.7422153421875 0.01057504375 0.7358674546875 0.0043991078125 0.66733060625 0.0716968421875 0.6725317656249999 0.07575219062500001
12 0.2683450921875 0 0.26388753125000003 0.000285828125 0.2550805734375 0.046012454687499996 0.2572525578125 0.05214566875 0.27199841875 0.0587271171875 0.3234138171875 0.074247715625 0.3393644796875 0.075106671875 0.358810884375 0 0.2683450921875 0
12 0.476608121875 0.066933571875 0.47194172187500005 0.0609603046875 0.4658159984375 0.05758960625 0.463593109375 0.0508324078125 0.4507308109375 0.036603196875 0.4414658171875 0.045978768749999996 0.4372405546875 0.055658431249999994 0.407578809375 0.14286622499999999 0.4087157046875 0.1465568171875 0.416504371875 0.14982088437500002 0.4206617265625 0.14955430625 0.42378399375000003 0.1468451046875 0.4441636421875 0.10978514375 0.4594017484375 0.0711731234375 0.4643396703125 0.0702292453125 0.4771680671875 0.0737974015625 0.476608121875 0.066933571875
12 0.31564173906250004 0.18388734843750001 0.3149290796875 0.175151565625 0.3187980125 0.161104009375 0.2985372796875 0.158639678125 0.28945900468749997 0.14981306562500002 0.285301646875 0.15007964375 0.28238299843750003 0.1552847828125 0.2765627 0.15565799375 0.23225721093749999 0.14532673125 0.22389159531249997 0.1452359046875 0.219496515625 0.193815875 0.2113174125 0.23699324531250002 0.2142699640625 0.2424491609375 0.2432526421875 0.2493722109375 0.26870581875 0.2540125890625 0.297179453125 0.25469579375 0.30481551093750003 0.22535271406250001 0.3041028484375 0.21661692968750001 0.30931229843749997 0.20875590625 0.31204433125 0.19101775781250002 0.31564173906250004 0.18388734843750001
12 0.46623961718749996 0.23695556718750002 0.46946369375 0.2354943359375 0.47004064375 0.23232109687500002 0.4665620453125 0.23066240468750002 0.41501083593750004 0.233967978125 0.41115890625 0.23797846250000002 0.381022328125 0.23740188906249998 0.37606740312500003 0.2483828359375 0.3797496171875 0.252537465625 0.3957511875 0.25402040625 0.3981437921875 0.252612490625 0.4006043015625 0.2417914890625 0.41063286093749995 0.24177568593749998 0.416028921875 0.24644766875 0.4599780796875 0.2524110375 0.46461057656250004 0.247723253125 0.46623961718749996 0.23695556718750002
11 0.29256355 0.3722872796875 0.29112122500000004 0.36485278125 0.2928520734375 0.3553330640625 0.2977390921875 0.3537652015625 0.3007086484375 0.349184046875 0.29809552500000003 0.32739790156250004 0.3014384125 0.31714756875 0.2867943609375 0.311814090625 0.2241795046875 0.31269284218750004 0.19716519375 0.309407065625 0.18562640625 0.3114014546875 0.1814520484375 0.321705103125 0.17427402812499998 0.3873992359375 0.1753430171875 0.40050291250000003 0.1815705515625 0.405121578125 0.20339241718749998 0.40623131093750003 0.2540103484375 0.401731084375 0.2675684078125 0.40399795781250003 0.2814997984375 0.4005956515625 0.28930546874999996 0.39382265 0.29722994687500004 0.3782605484375 0.29256355 0.3722872796875
11 0.2512951078125 0.470902546875 0.2492928390625 0.4566042171875 0.23807647968749998 0.45230544375 0.170625509375 0.45537604375 0.163023459375 0.46464498593750003 0.16108888906250002 0.5024039546875 0.1640413375 0.5385950609375 0.16772355156250002 0.542749690625 0.177073353125 0.5446591578125 0.20955163125 0.5432038312499999 0.24074030156249998 0.5361859578125 0.2460006515625 0.5289489171875 0.248630878125 0.5099628015625 0.248104934375 0.4830248328125 0.2512951078125 0.470902546875
11 0.226350459375 0.626177978125 0.23122057968749998 0.6039119921875 0.2278607921875 0.5934642015625 0.21364097656249997 0.5830855296874999 0.19748669531250002 0.5797306359375 0.1734249359375 0.5819007734375 0.15496285781250002 0.591238834375 0.1309010984375 0.5934089734375 0.118259315625 0.6023738234375 0.1161721375 0.607525646875 0.1214493875 0.6209867296875 0.1353128734375 0.6269975109375 0.1451208109375 0.6345228374999999 0.1637695078125 0.637717784375 0.1930746125 0.638347675 0.199098528125 0.6404704031249999 0.2134201515625 0.6520970453125 0.21503219062499998 0.651366428125 0.226350459375 0.626177978125
11 0.204986628125 0.6614193015625001 0.192107328125 0.657227159375 0.1703363671875 0.6567414125 0.1588484828125 0.6593597859375 0.1483956890625 0.66442078125 0.1374168484375 0.6732790015625 0.1339212484375 0.6816573796875 0.1367549890625 0.69590239375 0.14147229375 0.702499646875 0.1533165046875 0.7042491656250001 0.17244034218749998 0.7030229046875001 0.20357810625 0.6953810484375 0.20972083125 0.6887146765625001 0.21275829375000002 0.6747204375 0.20944941093749997 0.66489663125 0.204986628125 0.6614193015625001
1 0.6765327734375 0.570966903125 0.6811991734375 0.5769401703125 0.69138044375 0.5787963203125 0.6969462203125001 0.5753031875 0.699864871875 0.5700980484375 0.7118278953125 0.5630584671875 0.7147465453125 0.557853328125 0.7233836859375 0.551027009375 0.723960634375 0.5478537718750001 0.7325977734375 0.541027453125 0.7306464078125 0.5273531078125 0.7216190359375 0.5191504796874999 0.717478684375 0.5093799890625 0.7076707453125 0.5018546625 0.6988130890625001 0.48548691875000005 0.6900402406249999 0.48040421406249995 0.6826249062499999 0.4714709703125 0.6814371046875001 0.46715639375 0.684253946875 0.4607032859375 0.6822346734375 0.45644202500000003 0.67968935625 0.45597798593750005 0.678060315625 0.46674567187499993 0.6673530000000001 0.4686867453125 0.6666572375 0.48064908281249996 0.655949921875 0.48259015625 0.6542190734375 0.492109871875 0.6461079796875 0.4951389671875 0.6446486546875 0.4977415359375 0.64656611875 0.5007548296875 0.6524373203125 0.5010056046875 0.6551862546875 0.5039655796875 0.648178053125 0.5307594046874999 0.648839809375 0.5388712046874999 0.6554745750000001 0.5484817484375 0.6593434046875 0.5651693859375 0.6638570890625 0.5692707 0.6765327734375 0.570966903125
0 0.6998641515624999 0.78524439375 0.6950790437500001 0.7573250359375 0.696979609375 0.739640203125 0.7024435765625 0.7348991015624999 0.71315089375 0.7329580296875 0.715390784375 0.7296781593749999 0.703767190625 0.7203875078124999 0.695147053125 0.7171767578125 0.6834046484375 0.7166752078124999 0.6777370640625 0.718920371875 0.670949584375 0.7074378734375 0.6604628875 0.701837815625 0.6590205640625 0.6944033171874999 0.6659438578125 0.68705964375 0.665740240625 0.68456370625 0.658528525 0.6781264015625 0.6475666859375 0.6769475515625001 0.6455135140625 0.6620252359375 0.636418234375 0.66323569375 0.6329396359375 0.6615770015625 0.6351456265625 0.6476360796875 0.6310561781249999 0.638489571875 0.6208240046875 0.6360094375 0.6166327468749999 0.6256149625 0.6128996265625 0.620836346875 0.6032444031249999 0.615182975 0.5989513343749999 0.6035405296875 0.5918923328125001 0.598975178125 0.5860890359375001 0.58931131875 0.574143015625 0.58631383125 0.5516423890625 0.58712936875 0.538220040625 0.59677151875 0.5307197984375 0.6072884296875001 0.5146502203125001 0.6459537656250001 0.5113582375 0.65682808125 0.5114430421875 0.6681131203125 0.5164995718750001 0.719850525 0.5247462734375 0.7594656468750001 0.5514210515625 0.8098168453125 0.5699848359375 0.8324619468750001 0.5848325046875 0.840291365625 0.6145618500000001 0.8358760625 0.65907105625 0.8179680703125 0.6861193734375 0.8011797062499999 0.6998641515624999 0.78524439375
11 0.407169515625 0.7525781953124999 0.4008910796875 0.7473355421875 0.39501987656250004 0.7470847671875 0.3834810890625 0.74907915625 0.350256146875 0.7618728359375 0.2829069859375 0.7661914046875 0.2697561609375 0.7689164093749999 0.25887912812499997 0.7790225984375 0.242402315625 0.8126960578125001 0.24359011718749998 0.817010634375 0.251378784375 0.8202747015625 0.2830255890625 0.818872690625 0.316131721875 0.814868109375 0.3529879765625 0.8056050734375001 0.36983801875 0.7969976296875 0.395070678125 0.7784439437499999 0.4032496796875 0.7660017640625 0.407169515625 0.7525781953124999
9 0.7226536109375 0.6752690640625 0.7422185828125001 0.689695734375 0.75375736875 0.6877013468750001 0.7608333765624999 0.682229628125 0.80924541875 0.6609351343750001 0.8208351109375001 0.6595647312499999 0.8270626421875 0.6641833984375001 0.8319835624999999 0.6732765890625 0.844251909375 0.7007161078124999 0.8503945328125001 0.724784928125 0.850055103125 0.7411151593749999 0.8417572906249999 0.7623464390625 0.8360897046875 0.7645916015625 0.829183415625 0.7618982046875 0.8184251953125001 0.7632152921875 0.8144714562500001 0.765977809375 0.8110776640624999 0.77560415625 0.808532346875 0.77514011875 0.80554589375 0.7590231515625 0.8007776859375 0.7518019140625001 0.7791934421875 0.7331139828125 0.7662293328125 0.717636803125 0.7556917328125 0.711412759375 0.7501259578125 0.71490589375 0.74444136875 0.727188125 0.7374162671875 0.733283828125 0.7186996671875 0.7395019656249999 0.6954184734375 0.7409948046875 0.693127678125 0.7436506890625 0.6944511906249999 0.7598742890625 0.7005429078125001 0.783319125 0.6939250421875001 0.7944067031250001 0.6492461171875 0.8204798109375 0.6250655468749999 0.83143905 0.60208978125 0.836675796875 0.5941314015625 0.8415768453125001 0.5937071640625 0.8466220390625001 0.5989844140625 0.860083121875 0.605093134375 0.8734908890625 0.6105910046874999 0.8794108390625001 0.6198899 0.8806963218750001 0.6416269609375 0.8705210140625 0.859727125 0.7982018484375 0.9190501 0.777462221875 0.9416186328125 0.7672335968749999 0.9401763093750001 0.7597990984375 0.9322858343749999 0.7552870625 0.9210864781250001 0.7409512203124999 0.8949716484374999 0.6974638515625 0.88672484375 0.6885839234375 0.8581665046875001 0.6458804875 0.8519898781249999 0.6418858046875 0.84706895625 0.6327926140625 0.8401117640625 0.6294752328125 0.836276834375 0.6234486484375 0.82687613125 0.6209151984375 0.8219043078125001 0.6111980234375001 0.8147943984375001 0.6060086874999999 0.8096189578124999 0.5937955734375 0.8042738015625 0.589747575 0.799251071875 0.5794064156250001 0.7919884500000001 0.5723451265625 0.7878480984375 0.5625746359375 0.769437025 0.5418014859375 0.7633792078125 0.5290177046875 0.757100771875 0.5237750515624999 0.75207804375 0.51343389375 0.7457487015625001 0.50756725625 0.713559053125 0.46133317500000004 0.7008664687499999 0.4389388484375 0.6954704078125 0.434266865625 0.691313053125 0.43453344375 0.6835073828125 0.441306446875 0.6486873015625 0.475528865625 0.5495722140625 0.5822441234375 0.5497758296875 0.5847400609375 0.556682121875 0.587433459375 0.5658283046875 0.5868469859375 0.5729552140624999 0.581999253125 0.584748521875 0.5831247875 0.6184315015624999 0.6066821625000001 0.6547446031249999 0.6419886109374999 0.7062957125 0.66941823125 0.7226536109375 0.6752690640625
9 0.3767267921875 0.9634040593750001 0.3804769140625 0.958145603125 0.37732074375 0.9501937500000001 0.3661213890625 0.9358579078125 0.35724672812499997 0.9295272328124999 0.35154524062500003 0.92111134375 0.35729773593749997 0.8994160250000001 0.3581803171875 0.8385163109375 0.35948692968749996 0.8340417859375 0.3658332734375 0.8298713546875 0.3854831546875 0.8248478703125001 0.394103290625 0.8280586218750001 0.41972608125 0.855269075 0.42955091875000007 0.883492525 0.4409028859375 0.9304355125000001 0.4447378125 0.9364620968749999 0.45289981093750004 0.9340569859375 0.46304718125 0.92525208125 0.48295158281250006 0.9233485218749999 0.5172116156250001 0.9129974640625 0.5846965890625 0.8898527250000001 0.5934355359375 0.8842743765625001 0.5936052515625 0.8761092609375 0.583508890625 0.85480295625 0.5808278625 0.8424298968749999 0.5606520390624999 0.8205154109375 0.5492490640625001 0.80368363125 0.5241863265625 0.7526018171875 0.508762015625 0.6557400609374999 0.5127836609374999 0.6435644593750001 0.519910571875 0.638716725 0.531160934375 0.6229413593750001 0.5323318375 0.6065578125 0.5296847109375 0.60484580625 0.5232365578125 0.6077682703125 0.50642041875 0.6270367671875 0.49841113125 0.6313138328125001 0.4875341015625 0.6414200218749999 0.48237555781249997 0.64990503125 0.4591621703125 0.6727199765625 0.4604008765625 0.6776585374999999 0.4723468984375 0.680656025 0.47971132812499995 0.6889652859375001 0.505520628125 0.7594439375 0.5134450046875 0.774617028125 0.5153963703125 0.7882913734375 0.5132073828125 0.7921952265625001 0.485683925 0.8134047984375 0.46462562500000004 0.8216548359375 0.462487540625 0.8261826765625001 0.46355653124999996 0.8392863515625001 0.45897493906250003 0.8445981218749999 0.4539861125 0.8449180171874999 0.4411068109375 0.8407258750000001 0.4294323125 0.8308112390625 0.42485082187499995 0.8053878187500001 0.42205098281250003 0.8018038578125 0.41088552968750003 0.7981290703125 0.408085690625 0.794545109375 0.40406414843749994 0.7759855171875001 0.40116250000000003 0.7711535890625 0.3986680875 0.7713135359375001 0.39055699375 0.7743426296875 0.37993448281250003 0.7875687421875 0.36031850468750004 0.8032532796874999 0.3325066234375 0.8106818734375001 0.321833209375 0.8232839999999999 0.3130942609375 0.82886235 0.3079357203125 0.8373473578124999 0.3142480578125 0.8532510625 0.325600025 0.9001940515625 0.3256848296875 0.9114790906250001 0.322291040625 0.9211054375 0.3283148515625 0.9539633593750001 0.3320309671875 0.9687790421875 0.3374270296875 0.9734510249999999 0.365968571875 0.9647211468749999 0.3767267921875 0.9634040593750001
9 0.4402618625 0 0.439870884375 0.0059371234375 0.44078716093750003 0.0171688453125 0.44777825781249997 0.03114728125 0.45690743749999996 0.040597878125 0.493390153125 0.09847440468749999 0.5148555859374999 0.1259514359375 0.5371354890625 0.1634122203125 0.5587536359375 0.1927612046875 0.5784882203125 0.22975795156249998 0.6161757406249999 0.281911984375 0.6262721015625 0.30321828906250003 0.6527093578125001 0.340412496875 0.6580545140625 0.34446049375 0.667404315625 0.346369959375 0.7086045390625 0.349373353125 0.714832071875 0.3539920203125 0.71859909375 0.3694316890625 0.7153580140625 0.380929990625 0.7115569890625 0.385564459375 0.70006910625 0.3881828328125 0.6969468375 0.39089203437500003 0.7023768015625 0.40622507187499995 0.7133895421875 0.40802790624999996 0.7773451203125 0.3518653 0.79338069375 0.3332741015625 0.8617651484375 0.269927771875 0.8777498171874999 0.2507125890625 0.9190180515625 0.21356770625000002 0.9450482812500001 0.1842996515625 0.9732504953125 0.16116481093749999 0.9848062843750001 0.149133353125 0.9951742749999999 0.13278731875 0.9843415640625001 0 0.4402618625 0
11 0.2727760015625 0.94937039375 0.28433179062499997 0.9373389359375001 0.297228196875 0.9007588156249999 0.30447391874999996 0.8871219828125 0.30571272656250004 0.8613253515625001 0.3006899984375 0.8509841921874999 0.29217166875 0.8490214093749999 0.280157740625 0.8554370062500001 0.2700103734375 0.864241909375 0.2414688296875 0.8729717875 0.2293869953125 0.8888004687500001 0.21170548125000002 0.8974612296875 0.193701540625 0.91241515 0.17286375468749998 0.94385925 0.1740006515625 0.9475498421875 0.1865236234375 0.9473740906250001 0.20856610937500003 0.9409426921874999 0.2185946671875 0.9409268875000001 0.237345171875 0.9453698046874999 0.24554107187500002 0.9536257484374999 0.2516158890625 0.9563724609375001 0.26393524375 0.9537007718750001 0.2727760015625 0.94937039375