11 1 0.35153541875 0.9463881859375001 0.3480328453125 0.9353007625 0.351106046875 0.9324881265625 0.3577036640625 0.9361501000000001 0.38277585468750003 0.9369218640625 0.41277806562499997 0.9439743 0.45708585468749996 0.9536534109374999 0.46397457343750004 1 0.46582656718750004 1 0.35153541875
11 0.8819810078125 0.46563592812500004 0.8783886328125 0.46888379062499996 0.8758475078125001 0.4813180015625 0.8764681078125 0.494658784375 0.8795054953125 0.5197164203125 0.8821589953125001 0.5231098390625 0.9439543625000001 0.523717 0.9456729765624999 0.5204254703125 0.9402923875000001 0.4986448078125 0.9383490265625 0.4702810875 0.908799478125 0.4654279984375 0.8819810078125 0.46563592812500004
11 0.2298729484375 0.449606534375 0.3585379578125 0.45260489687499994 0.4245502859375 0.4499787515625 0.4140537359375 0.30481039062500004 0.2265611453125 0.29794244375 0.220431634375 0.3002982890625 0.21761899687500003 0.3068959046875 0.221634046875 0.32614605937499996 0.22683157187499997 0.43787512812499996 0.2298729484375 0.449606534375
11 0.6061939390625 0.30429058750000004 0.5967475531249999 0.3024046609375 0.593779765625 0.30566708125000003 0.607713540625 0.44425238125 0.7265751015624999 0.46451308906250005 0.7222189375 0.4111062828125 0.7136498015625 0.3476065625 0.7109575140625 0.3433793453125 0.66220489375 0.328084015625 0.644914371875 0.3185192375 0.6061939390625 0.30429058750000004
11 0.3569545578125 0.525862771875 0.4343646109375 0.5268338124999999 0.4367853859375 0.525224434375 0.43542383593749995 0.5093676984375 0.4373791609375 0.49775273281250004 0.4371504234375 0.47942370937499995 0.4312964109375 0.47428991875 0.3532617703125 0.473304321875 0.348459009375 0.477356875 0.3524660828125 0.5232594875000001 0.3569545578125 0.525862771875
11 0.6726198828125 0.48491100625000005 0.6751062703125 0.5249479140625 0.6801805453124999 0.5267319546875 0.7370180015625001 0.528056475 0.7347683265625 0.47969613281249995 0.6742221328125 0.47911807968750003 0.6726198828125 0.48491100625000005
4 0.26377466875 0.5211926546875 0.2757233921875 0.509810571875 0.28838225156249997 0.4734581828125 0.2883474515625 0.45929815625000003 0.285538803125 0.45256954218749995 0.2312772734375 0.4529708421875 0.2271418734375 0.44454551875000003 0.2208959984375 0.44439996875 0.2180445734375 0.4501637859375 0.2153055234375 0.471755228125 0.21058033593749997 0.47747538125 0.182512690625 0.477654196875 0.181418665625 0.4809602828125 0.2134546 0.525850278125 0.2161041125 0.542569925 0.2221908484375 0.5527065109375 0.2505687953125 0.5591980859375 0.25634921875 0.5493380484375 0.26377466875 0.5211926546875
8 0.2135869125 0.4750467609375 0.21573617500000003 0.46760078906249997 0.2252253359375 0.4569942828125 0.2209347859375 0.4452337671875 0.22495781093749997 0.4378314625 0.2210163484375 0.4335751359375 0.1491112203125 0.43023369375 0.14676801875 0.43351067031249996 0.14433528281250002 0.47509873281250004 0.2135869125 0.4750467609375
9 0.24054276875 0.27661299375000004 0.2344560328125 0.26647640781250004 0.22782627031249997 0.2446666375 0.23352911875000001 0.23313900312500002 0.3884616015625 0.2509087125 0.40547662500000003 0.2679631265625 0.40918536093749996 0.26721665781250004 0.4171926234375 0.2515782484375 0.5047512249999999 0.25611736875 0.512521775 0.24880239375 0.5270583859375 0.1991674421875 0.526515359375 0.1874942578125 0.5182405734375 0.18396984375 0.2849243640625 0.15771034687500002 0.0038048921875 0.1307656859375 0.0044766625 0.1538529296875 0.0123675328125 0.1596877296875 0.03800643125 0.1877707484375 0.11328208437500001 0.276978934375 0.1265923578125 0.2814535890625 0.2929653375 0.29032805625 0.29343477500000004 0.287007415625 0.2826228515625 0.2825909828125 0.24054276875 0.27661299375000004
9 0.850260446875 0.279994003125 0.87957726875 0.2798442953125 0.9236206515625 0.2475548625 0.9448993984375 0.2355573078125 0.9472038109375 0.2314465328125 0.794730890625 0.21290124531250001 0.5579386687500001 0.192391009375 0.5492680328125 0.20718106406249998 0.543599984375 0.2328687296875 0.6763804546875 0.3109235609375 0.6880496921875 0.320357340625 0.77677989375 0.32325797500000003 0.7897410796875 0.3202284359375 0.7907963171875 0.316088553125 0.7986832296874999 0.311274975 0.8113301265624999 0.314901275 0.8300289624999999 0.31450413125 0.8445148234375001 0.3040140671875 0.8467844343750001 0.2857432640625 0.850260446875 0.279994003125
9 1 0.2375984484375 0.9716015078125 0.23284798437499998 0.9575850828125001 0.24001740625 0.9117843015625 0.274764571875 0.9138907890624999 0.27981103125 0.9376638984375001 0.2811979265625 0.943479125 0.28549791875 0.9394173125 0.292066425 0.9259866890625 0.2984166015625 0.9255560375 0.3025710421875 0.967205471875 0.3127034734375 1 0.3089921265625 1 0.2375984484375
9 0.9354957875000001 0.2211789515625 0.957278771875 0.2200207859375 0.9621978953125 0.21846962812499998 0.9643859453125 0.21185745625000002 0.9624813718749999 0.1843275328125 0.9587766203125 0.171747771875 0.9584742953125 0.138424921875 0.952701846875 0.1216325 0.9520036718749999 0.1066241171875 0.9554060953124999 0.08588102812500001 0.9652831328125 0.0836125140625 0.92468495 0.082666428125 0.9260813000000001 0.11268319375 0.9305269984375 0.12777890625 0.9311824 0.15527971875 0.9371060109375 0.18873356562500002 0.9379205484375 0.20624334375000003 0.9337423734374999 0.2103104546875 0.9328810750000001 0.21861933437499997 0.9354957875000001 0.2211789515625
9 0.55594854375 0.1898459484375 0.55770594375 0.18738821562500002 0.55357453125 0.16563666562499998 0.5524308437500001 0.07399154999999999 0.521201471875 0.0732637921875 0.5212670859374999 0.1149100765625 0.5312445343750001 0.1684478765625 0.536392396875 0.18522574375 0.55594854375 0.1898459484375
6 0.3895904265625 0.2617626546875 0.381082915625 0.2532354453125 0.2517197296875 0.2352287 0.23239630781249998 0.2356112890625 0.23016947031249999 0.2413896625 0.2313370828125 0.2530774046875 0.24046519375000003 0.27494539375 0.29206923749999997 0.28447690937500003 0.3147055484375 0.3016623203125 0.3328185828125 0.3020844203125 0.3356700078125 0.2963206015625 0.34554704375 0.2940520875 0.381070953125 0.29321413281250003 0.385951290625 0.290829178125 0.3898967390625 0.2817592765625 0.3895904265625 0.2617626546875
6 0.5530383953125 0.26140711250000004 0.5462415203125001 0.2762408328125 0.543971909375 0.2945116359375 0.538893646875 0.306053825 0.542520821875 0.3169659875 0.5637567953125 0.31746086406249996 0.57453391875 0.30771726875 0.586680565625 0.28717795156250003 0.6021132765625 0.2433941484375 0.6025439265625 0.239239709375 0.5998904265625 0.235846290625 0.55761241875 0.23902553593750003 0.5530383953125 0.26140711250000004
6 0.8654752953125 0.311998578125 0.858329334375 0.3193281078125 0.8610216218750001 0.323555325 0.8850662437500001 0.3307788125 0.9335085624999999 0.3394037515625 0.9459615250000001 0.3388610546875 0.9673954218749999 0.3301986984375 0.9683342953125 0.323557415625 0.962480284375 0.318423625 0.9042424921875 0.30040856875 0.8831228812499999 0.30241508906250003 0.8654752953125 0.311998578125