9 0.49094525468750005 0.6225609546875 0.501947540625 0.615162153125 0.5559732312500001 0.536938309375 0.5789559 0.5101567578124999 0.62197005625 0.4431765203125 0.6279833625 0.4238731359375 0.628148184375 0.41172524531250004 0.61953343125 0.328567525 0.611054171875 0.3018549140625 0.607124896875 0.30042172968749997 0.6003353031249999 0.30418195625 0.5741087890625 0.32646294062500003 0.5231729609375 0.3604318515625 0.5059109328125 0.37682658125 0.479830753125 0.3946492828125 0.31690661875 0.530418915625 0.3033089390625 0.5456289796875 0.303966634375 0.5540960046875 0.31139543281250004 0.5664924140625 0.4116357609375 0.6694024640625 0.4277826078125 0.665605159375 0.45415545 0.638865896875 0.4689499265625 0.6335137546875 0.4857637125 0.6343386734375 0.49094525468750005 0.6225609546875
12 0.1686526390625 0.20498119843749998 0.1645400515625 0.22338551406249998 0.1972172671875 0.2254848859375 0.21319929062499998 0.23383547343750002 0.2657230875 0.27263224531249997 0.2684278296875 0.27574191875 0.267586821875 0.287112390625 0.27393742187500003 0.2967270078125 0.2733890765625 0.299180915625 0.2245095421875 0.323947671875 0.19944443750000002 0.31440720624999996 0.1921064984375 0.32062134375 0.19141182031249998 0.32753353281250003 0.1953318484375 0.3328115203125 0.2058951421875 0.3387875625 0.2167418515625 0.339691846875 0.2679333625 0.31218558750000003 0.2728314859375 0.30547962812499996 0.28286492343749997 0.30621997031250003 0.29627929062499997 0.3108474046875 0.3120780015625 0.3390354890625 0.31069789375 0.349015065625 0.29780413437500003 0.3534681328125 0.29521798593750004 0.3574345921875 0.2994029421875 0.3653304296875 0.31349349531250004 0.3707352828125 0.32136129062499996 0.369756846875 0.32640574375 0.3585926046875 0.32304330625 0.3470159046875 0.32739308437500003 0.3427638515625 0.380593065625 0.38233804375 0.4170347328125 0.39801849218749996 0.42586213125 0.39274571406250003 0.4313085984375 0.383585846875 0.46211443125 0.31799129375 0.46486540156249995 0.3018769453125 0.4937504296875 0.301929659375 0.5378134546875 0.3063242109375 0.5546364875 0.3033043265625 0.5884011484375 0.3043406859375 0.610396475 0.2933878875 0.61638204375 0.2856189140625 0.6122340703125 0.2623438578125 0.5834246015625 0.17447412812500002 0.5659084875 0.1273476171875 0.5623904703125 0.12407399999999999 0.552219946875 0.1239471359375 0.4687532359375 0.15135839375 0.46224705781250003 0.1500468625 0.4495273671875 0.1385072390625 0.44220791875 0.137031765625 0.4271115359375 0.1551452734375 0.41937158124999996 0.1593550375 0.4108276015625 0.159556053125 0.2993984828125 0.19799947499999998 0.2800170390625 0.19345140624999999 0.2698280234375 0.2010141484375 0.268594246875 0.20653544375 0.27250503125000003 0.21565823593750003 0.24274201406249998 0.2423552109375 0.20808246718749998 0.21869956093749998 0.1686526390625 0.20498119843749998
0 0.436697671875 0.7930600984375 0.45095304843750006 0.7863170625 0.48861159687500005 0.7471072375000001 0.5027761140625 0.72175365625 0.5053992421875 0.7024079828125 0.501132675 0.672056796875 0.49142888124999995 0.647020675 0.4781700921875 0.6340901546875 0.4686849984375 0.6308959046875 0.45511505625000004 0.63457155625 0.42969257031249997 0.6608612828125 0.39083722656250003 0.6902131859375 0.380529615625 0.6906997984375 0.3711816109375 0.6868920703125 0.3562685390625 0.6851680796874999 0.3512333296875 0.6924875171875 0.3509499109375 0.6975592749999999 0.3596124875 0.7044343890625 0.3623079859375 0.7113888671875 0.37260635 0.7147470578124999 0.3900316046875 0.743263025 0.40311632656249996 0.7721862390625 0.421784603125 0.7913361078125 0.436697671875 0.7930600984375
8 0.5479973546875 0.8084439343750001 0.516288990625 0.7982054171875 0.440471371875 0.8027963671875 0.43571957812499995 0.8050440484375001 0.3963605234375 0.8746844234375001 0.38967103281250004 0.893210390625 0.39984155781249997 0.8933372546875 0.41984530937500003 0.8646729828125 0.44099038437500004 0.8689354578125 0.43185183125000004 0.8908144046875 0.444188 0.8926600484374999 0.4583432703125 0.8711512718750001 0.48450665937500004 0.8187253328124999 0.540257403125 0.8126536984375001 0.5501537546875 0.8140075187500001 0.55178954375 0.810490596875 0.5479973546875 0.8084439343750001
11 0.670589125 0.5831228687500001 0.674646240625 0.5877873796875 0.6715025015625 0.59805255 0.72529705625 0.6159488109375 0.730680403125 0.5766439859375 0.7278385703125 0.5741477890625 0.6709187703125 0.5588270890625 0.670589125 0.5831228687500001
11 0.678629390625 0.623210325 0.6720122703125 0.6680364437499999 0.71618464375 0.68335193125 0.7267402859375001 0.6361141921875 0.710886103125 0.630994934375 0.678629390625 0.623210325
11 0.716347871875 0.728262628125 0.7197842734375001 0.7090808953125001 0.7130131703125 0.7051515140625 0.6783258859375 0.6930302765625 0.673546359375 0.7068123671875 0.6785445875 0.714872146875 0.716347871875 0.728262628125
11 0.6981539765625 0.737417284375 0.6810845078125001 0.7301297109375 0.677812928125 0.7371635546875 0.669543121875 0.7361376171875 0.6687113578125 0.743663284375 0.687005359375 0.74927436875 0.7113850296875001 0.7618822171875 0.7146751 0.7471587656249999 0.6981539765625 0.737417284375
10 0.5669216406250001 0.495549746875 0.5719568515625 0.4882303109375 0.5719753421875 0.48054070156249995 0.5571993578125001 0.478203234375 0.5527032468749999 0.4869135671875 0.5534980296875001 0.4947671171875 0.5669216406250001 0.495549746875
5 0.5695371203125 0.42299029218750006 0.5766732578125 0.44430326249999996 0.582896015625 0.450686553125 0.584403965625 0.44393830312500004 0.576582396875 0.42569271875 0.5695371203125 0.42299029218750006
13 0.6591972593750001 0.47055532187500004 0.6576893109374999 0.47730357031250004 0.6711036796875 0.48193100468749994 0.6892698359375 0.48431076093750003 0.6989012625 0.48304672968749995 0.6993217671874999 0.47736149531249994 0.6860444859375 0.4721205828125 0.6591972593750001 0.47055532187500004