9 1 0.540631603125 0.9188864578124999 0.53295451875 0.8896602859374999 0.54772279375 0.87069254375 0.5504589375 0.8300368812500001 0.5836500359375 0.8160093249999999 0.587838828125 0.783710046875 0.572763853125 0.782996540625 0.5624514921875 0.7793262999999999 0.5589518640625 0.7698821734375 0.559437125 0.7146638234375 0.5890827453124999 0.697322778125 0.5949280890625 0.69325508125 0.600256559375 0.6582356296875 0.6129003953125001 0.5307952453125 0.6770838296874999 0.5274022640625 0.680506 0.5293857140625 0.6887713828125 0.5473588656249999 0.7212069609375 0.5808466812499999 0.762203515625 0.5990583046875 0.7893422328125 0.6382599109375 0.8342288484375 0.6506801656250001 0.8330401875 0.8360008890625 0.6931643281250001 0.8439773015625001 0.686038628125 0.8481845859374999 0.6710695859375 0.8546331859375 0.6651783953125 0.98300806875 0.5736981890624999 1 0.5595744796875 1 0.540631603125
12 1 0.7925346265625001 0.99503496875 0.7970704859375 0.98576921875 0.8001338375 0.9531926796875 0.7781370625 0.9316869625 0.7587642265625 0.8899047703124999 0.7319558515625 0.8740527437500001 0.7243480234375 0.8599263015625 0.72419310625 0.84577855 0.7441317984375 0.84690890625 0.7517253890625 0.8547845203125 0.7664589187499999 0.8449410265624999 0.801975221875 0.8190903515624999 0.78100905625 0.795599271875 0.779573778125 0.7731396640625 0.7813883828125 0.7478028109375 0.7882500984374999 0.70712775625 0.815331865625 0.692784146875 0.8003801968750001 0.68445098125 0.80234971875 0.6803832843750001 0.807678190625 0.6881988031249999 0.8302866703125 0.7191254265625 0.8954707984375 0.73418254375 0.920734825 0.748087996875 0.9584988750000001 0.7534644265625 0.963342084375 0.756638328125 0.9713261031249999 0.765923471875 0.9743720828125 0.769772090625 0.9804498031250001 0.7753075015625 0.981761771875 1 0.9286562937499999 1 0.7925346265625001
12 1 0.560485409375 0.9017956328125001 0.6444240953125 0.8997908765625 0.656252328125 0.8814571499999999 0.67106645 0.8731627718749999 0.6852546312500001 0.8677844312499999 0.7066143640625 0.869529409375 0.720176603125 0.8922856749999999 0.73139313125 0.902522796875 0.7394546109375 0.9152009218750001 0.73907841875 0.9472210249999999 0.773434534375 0.970076175 0.7889947703125 0.9920588374999999 0.7977738859375 1 0.7911731843750001 1 0.560485409375
12 0.1937790140625 0.74625573125 0.20478974062500002 0.7567546187499999 0.2152440296875 0.7796128484375 0.222743496875 0.7830808671875 0.2356794859375 0.7835171437499999 0.24190900937499998 0.78903214375 0.23946800937499998 0.797469815625 0.24486383437499998 0.80842235625 0.274406059375 0.8127945406249999 0.3049409640625 0.80819794375 0.31543404375 0.8432748328124999 0.298092996875 0.8491201765625 0.2924567890625 0.8696674375000001 0.298527328125 0.8787136765625 0.302356553125 0.8786820687500001 0.3098967203125 0.8681658046875 0.31783243125 0.8750243859375001 0.2975327359375 0.9138854000000001 0.296063109375 0.9334479 0.29118110937499997 0.9503232421875 0.2956249546875 0.95626028125 0.30532694843749997 0.9565874921875 0.3106645875 0.9492120375 0.3101100625 0.9353684390625 0.30368276875 0.9211660187499999 0.313049315625 0.8962434359375001 0.3332889125 0.8652573718750001 0.3502131109375 0.8621308000000001 0.3512251859375 0.85927135 0.347496759375 0.837443728125 0.32442635468750003 0.7808837984375 0.3323484046875 0.703024225 0.3308806921875 0.6963837859375 0.3186776015625 0.7123691984375 0.302011271875 0.716308240625 0.2832238171875 0.6954195328125 0.2698321859375 0.6854833640625 0.19798821093750002 0.7050837484375 0.16725553437500001 0.7009929234375 0.15747404843749999 0.702431334375 0.1918750546875 0.7362247296875 0.1937790140625 0.74625573125
13 0.6923825921875 0.5934754390625 0.688196615625 0.5883508703125 0.6816491296875 0.5898983515625 0.6799216359375 0.6086483828125 0.6938852734375 0.664740421875 0.7000353046875001 0.6720210421874999 0.7110072421875 0.6703012703125 0.7130313921875 0.66458236875 0.7018054109375 0.6130837890625 0.6923825921875 0.5934754390625
11 0.8524809203125001 0.5233202203125 0.8316944453125 0.43565091875000006 0.746933871875 0.4609243546875 0.7717473421875 0.5572494640625 0.8364292109375 0.5332279125 0.8524809203125001 0.5233202203125
11 0.5785062046875 0.4806432140625 0.58356466875 0.49254890468749996 0.5924329640625 0.498313653125 0.6151310453125001 0.4912021875 0.6257675359375 0.4642326265625 0.6175952640625 0.436467965625 0.572020725 0.4481128046875 0.5785062046875 0.4806432140625
11 0.9209395640625001 0.40233024375 0.9160788703125 0.3991119734375 0.9150067 0.409846375 0.9080617578125001 0.42022195625 0.90889354375 0.44098735624999996 0.9165287734374999 0.48722068749999997 0.9296625359374999 0.49634438437500006 0.9371426062499999 0.4937030734375 0.9246292 0.4119392015625 0.9209395640625001 0.40233024375
11 0.727950559375 0.4051452859375 0.7361422234375 0.43901927656249995 0.770923203125 0.4316722984375 0.7607674828125 0.3956422609375 0.727950559375 0.4051452859375
11 0.8502278562500001 0.403321275 0.8427303015625001 0.373650315625 0.816202996875 0.380793390625 0.823878928125 0.41304243906250004 0.8429261609375001 0.4085406765625 0.8502278562500001 0.403321275
4 0.444857603125 0.5192180375000001 0.44763405 0.536030159375 0.467712753125 0.5347782750000001 0.4658882875 0.52298165625 0.46881545156250004 0.5135556640625001 0.49519395 0.5064477593750001 0.4962060265625 0.503588309375 0.508546790625 0.5041652671875 0.516819859375 0.510070696875 0.5320572640625 0.5117098734375001 0.538009525 0.510303071875 0.5356092265625 0.5047564625 0.4905135453125 0.47960463906250006 0.4791053640625 0.47793385156249996 0.4701982796875 0.45995044218750003 0.46303617187499996 0.45552927499999996 0.4562308171875 0.4562642828125 0.454047684375 0.465514425 0.457161490625 0.4813733953125 0.45114913437500004 0.490655146875 0.444857603125 0.5192180375000001
8 0.5116412015625 0.5139149062499999 0.507693696875 0.5034934765625 0.464420571875 0.5163412140625 0.47285071093750003 0.5449183453125 0.5137429328125 0.532633328125 0.5116412015625 0.5139149062499999
9 0.3231020515625 0.7121969078125 0.3178439015625 0.7178067390625 0.3021101578125 0.7206519499999999 0.2850482859375 0.707216153125 0.2809417984375 0.7003259640625 0.26516926406249997 0.6909525171875 0.23651892343749997 0.69947078125 0.2311812828125 0.706846234375 0.21919727031249997 0.7114254546875001 0.192551684375 0.7081154890625 0.177413165625 0.710820021875 0.17665895781250002 0.7144919421875 0.22450977968750002 0.776549496875 0.239171353125 0.7844386859375 0.24740371875 0.8043283921875 0.261291690625 0.8097801734375001 0.2754181359375 0.809935090625 0.314703053125 0.8006502031249999 0.31877075 0.7953217312499999 0.3360323078125 0.7912420078125 0.3536913171875 0.7783341859374999 0.38004024687500004 0.7686130203125 0.4564889609375 0.7252154953125001 0.5011115203125 0.7085551578125 0.5227587359375 0.69208448125 0.52349355 0.6823032312499999 0.47116009375 0.6020899765625 0.450071225 0.5799983703125 0.4266790328125 0.582906803125 0.40852559375 0.574096078125 0.3950932625 0.5781441890625 0.37810896875 0.5891457140624999 0.349458628125 0.597663978125 0.33953755625 0.6087429609375 0.3299287125 0.6913682859375 0.3231020515625 0.7121969078125
6 0.8647402828124999 0.5518657390625 0.8631135859375 0.5487565375 0.8407935656250001 0.5409305703125 0.8310915703124999 0.5406033625 0.785992065625 0.567857421875 0.7843052734375 0.572623171875 0.817537134375 0.58660431875 0.821942190625 0.5803226968749999 0.836644465625 0.5742276046875 0.8625377546875 0.5550065484375 0.8647402828124999 0.5518657390625
6 0.9100588671875001 0.5132054890625 0.914601596875 0.5234862390624999 0.9572581890625 0.5308727921874999 0.9798767796875 0.525526946875 0.9803731203125 0.5210425562500001 0.9772186125 0.5191678671875 0.914047071875 0.5096426375 0.9100588671875001 0.5132054890625