12 1 0.1474863625 0.8068171296875001 0.0966769296875 0.7778013765625 0.11099270312500001 0.767949303125 0.122751625 0.766756246875 0.1401644765625 0.7623736921875001 0.14660894375 0.757050971875 0.16546801875 0.7462994390625 0.22172903281249998 0.7566613046875 0.22867495937500001 0.7893029453125 0.23726010468749997 0.88927661875 0.2508925046875 1 0.277678228125 1 0.1474863625
12 0.258057390625 0.1355217546875 0.2956974671875 0.1378244171875 0.311382053125 0.1259112640625 0.3222496984375 0.1228607078125 0.334314409375 0.131098625 0.384019196875 0.14163920937500002 0.39213373125 0.1395528015625 0.3948134421875 0.131816340625 0.399377490625 0.1279519875 0.412998246875 0.12393727968749998 0.421147478125 0.1108863640625 0.4222691390625 0.1010518671875 0.41617371406250003 0.0344510171875 0.4096079640625 0.02146664375 0.1930250671875 0.010116015624999999 0.1843579546875 0.0359459703125 0.1694360484375 0.0615657265625 0.14172746249999998 0.09732844375000001 0.1405691015625 0.10377678593749999 0.153249690625 0.11217668750000001 0.17513178125 0.11962019374999999 0.2272633890625 0.127422559375 0.258057390625 0.1355217546875
11 0.6199579921875 0.3505718375 0.6165543062500001 0.3623385109375 0.5957018187500001 0.46405801562500004 0.5956671234375001 0.475022525 0.775685584375 0.5249019359375 0.7815894906249999 0.51716935 0.7894199390625001 0.4699884703125 0.8065329390624999 0.3962668015625 0.796786953125 0.3894828609375 0.7815347484374999 0.38462722031249996 0.6370925328125 0.3449489203125 0.6254275125000001 0.3452573796875 0.6199579921875 0.3505718375
11 0.3530290515625 0.28543105 0.32911983125 0.28927214375 0.31655335 0.319732034375 0.30326690312500004 0.38292346875 0.31239700937500003 0.3895454234375 0.3575744453125 0.4073365171875 0.39344028125 0.41592553906249996 0.4163359375 0.41772674531250004 0.41876275625000003 0.41498852499999994 0.4464226171875 0.28973567031249997 0.4331628453125 0.28455993749999997 0.38487331875 0.2912741 0.3530290515625 0.28543105
11 0.572379796875 0.52207759375 0.5701364765625 0.5417465906250001 0.5760423875 0.548364671875 0.6516141359375001 0.565708578125 0.65512791875 0.5641003687499999 0.6664239359375 0.5155796890625 0.6595391562499999 0.5036394 0.5811775984375 0.483873490625 0.5790403671875 0.484999621875 0.572379796875 0.52207759375
11 0.077349034375 0.33363384375 0.08839416562499999 0.3044620703125 0.0938963765625 0.27383244218749997 0.10591837343749999 0.2356322140625 0.1034181515625 0.23159812343750003 0.056611270312499996 0.21928734843750003 0.0369191484375 0.3289091734375 0.0714084296875 0.337980271875 0.077349034375 0.33363384375
11 0.07101876406249999 0.4011872109375 0.130759125 0.41689964843749994 0.13365703125 0.41512945625000003 0.14024620625 0.38562983906250003 0.1414025609375 0.3648308328125 0.1378153765625 0.35966673125000004 0.081335909375 0.34734432656249997 0.07221181875 0.3837743609375 0.0696055078125 0.39828313125000003 0.07101876406249999 0.4011872109375
11 0.2766085828125 0.4164300390625 0.2699113109375 0.4501218546875 0.2710716765625 0.4580241765625 0.276180209375 0.461900159375 0.3351231984375 0.4748705015625 0.341063803125 0.470524071875 0.3453342546875 0.43957047656250003 0.3408048984375 0.4324703203125 0.2956641625 0.418065384375 0.2832731625 0.40805339687500003 0.2766085828125 0.4164300390625
6 0.8068492062500001 0.3262875515625 0.8031172249999999 0.32192949375 0.7932631453125001 0.3193377515625 0.6622275 0.2983798015625 0.6496570078125 0.3001383640625 0.64719549375 0.31384109375 0.6469813078125 0.3365761546875 0.69331710625 0.3479189015625 0.7021923171875 0.345188434375 0.7121197953125 0.3545524890625 0.723821515625 0.35763018281250003 0.7445065421875 0.3537852125 0.782654403125 0.360442059375 0.7950800984375 0.35948953906250003 0.8068492062500001 0.3262875515625
6 0.14304465 0.190528703125 0.0733074171875 0.18738123125 0.06983033125 0.192375596875 0.0689982609375 0.20059800781249998 0.07073780625000001 0.20527615781250003 0.0844686609375 0.21141991718750003 0.0892876078125 0.2169079859375 0.10700333124999999 0.2224115625 0.1573239984375 0.233114128125 0.18318895625 0.22556678749999998 0.174130246875 0.21136647812499998 0.1589127359375 0.195546328125 0.14304465 0.190528703125
6 0.47642124687500004 0.309443434375 0.4924341265625 0.31365501406249996 0.4980464390625 0.2931838515625 0.4955748984375 0.23513325937500001 0.468584271875 0.223813771875 0.44735476093750004 0.2199184046875 0.4461597015625 0.22298059375 0.46627557187499996 0.2941131125 0.47642124687500004 0.309443434375
4 0.778087734375 0.60488154375 0.7852600984375 0.6008590828125 0.7990990499999999 0.6028106421875 0.80402208125 0.5754051875 0.808875721875 0.569928746875 0.8100340812500001 0.5634804046874999 0.7944555859375 0.55685069375 0.7934380109375 0.533791665625 0.7907562968749999 0.5271774625 0.7827498546875 0.5250716718749999 0.779417565625 0.52925999375 0.7741695890625 0.5287238375000001 0.7267781734375001 0.5171034484375 0.7198953984375 0.5195138234375001 0.7193529171875 0.52612415 0.724322671875 0.57385816875 0.727330678125 0.582246440625 0.7411349328125 0.5951625093749999 0.744762828125 0.63241409375 0.7537848375 0.6432282500000001 0.7680581734375 0.64276168125 0.7771128734375 0.6282606625 0.78019026875 0.61471991875 0.778087734375 0.60488154375
8 0.7823868671875001 0.5199114484375 0.7819177859375 0.533294084375 0.787134415625 0.532977871875 0.7909030953125 0.5407220828125 0.7909051 0.555072746875 0.7949266703125 0.557818721875 0.8589781921874999 0.5746650468750001 0.8564005640625 0.535157315625 0.85390034375 0.531123225 0.7929282203125 0.5150868203125001 0.7823868671875001 0.5199114484375
0 0.988266275 0.533542190625 0.9785936890625001 0.5335305609375001 0.9690291999999999 0.5293267312500001 0.9528368281249999 0.5368857015625 0.883352484375 0.5287399875000001 0.86926064375 0.5317866687499999 0.8669786187499999 0.5337188453125 0.8674864031249999 0.5380730265625 0.8760373296875 0.5479191546875 0.8986800953125 0.5547186015625 0.9220121421874999 0.56845234375 0.95617513125 0.575749371875 0.9760627843749999 0.5691623046875 0.9817117937500001 0.5520772984375 0.98627584375 0.5482129437500001 0.9889188546875 0.5370903296875 0.988266275 0.533542190625
0 0.49556827031250006 0.4470070640625 0.4948442953125 0.451037278125 0.49814189062500003 0.45781346562499997 0.4969835296875 0.46426180937500006 0.5252426171875 0.479291421875 0.5379946015625 0.48011297031250005 0.5590773109375 0.4704637171875 0.561793721875 0.46611341093750003 0.560017478125 0.45804910625 0.55204573125 0.44497880624999997 0.5041885859375 0.434924175 0.49824798125 0.4392706046875 0.49556827031250006 0.4470070640625