9 0.225 0.7150000000000001 0.23312499999999997 0.7191666671875 0.241875 0.7325 0.25187499999999996 0.7375 0.47625 0.8291666671875 0.48875 0.8275 0.5131249999999999 0.7758333328125 0.5225 0.7458333328125 0.5425 0.6991666671875 0.55 0.6641666671875 0.5493750000000001 0.6558333328125 0.545 0.6533333328125 0.40062499999999995 0.6208333328125 0.3625 0.6166666671875001 0.356875 0.6125 0.338125 0.6108333328125 0.275 0.595 0.265625 0.5966666671875 0.263125 0.6008333328125001 0.265625 0.6108333328125 0.23875000000000002 0.6325000000000001 0.22374999999999998 0.6316666671875 0.17375000000000002 0.6091666671875 0.15437499999999998 0.6108333328125 0.12125 0.6033333328125 0.03125 0.6333333328124999 0.03 0.6358333328125 0.034999999999999996 0.64 0.07125000000000001 0.6566666671875 0.225 0.7150000000000001
12 0.12437499999999999 0.9208333328125 0.133125 0.9308333328125 0.144375 0.9508333328124999 0.146875 0.9766666671875001 0.15562499999999999 0.9991666671875 0.40062499999999995 0.9991666671875 0.405625 0.9966666671875 0.40750000000000003 0.99 0.415625 0.985 0.41624999999999995 0.9766666671875001 0.42000000000000004 0.9708333328125001 0.421875 0.9316666671875 0.42874999999999996 0.9041666671874999 0.43875000000000003 0.835 0.43937499999999996 0.8116666671875 0.43375 0.8074999999999999 0.425 0.8074999999999999 0.415625 0.825 0.3675 0.8083333328125001 0.340625 0.8074999999999999 0.318125 0.8108333328124999 0.29562499999999997 0.8175000000000001 0.276875 0.8433333328125 0.25625 0.8116666671875 0.259375 0.7958333328125 0.258125 0.7883333328125001 0.238125 0.7725 0.224375 0.7758333328125 0.21125 0.7866666671875 0.17875000000000002 0.8216666671875 0.16375 0.845 0.13874999999999998 0.8733333328124999 0.12875 0.8724999999999999 0.1125 0.8641666671875001 0.071875 0.8525 0.061875 0.8533333328125 0.063125 0.8641666671875001 0.081875 0.8941666671874999 0.108125 0.9141666671875001 0.12437499999999999 0.9208333328125
12 0.074375 0.8875 0.063125 0.8625 0.074375 0.8550000000000001 0.11374999999999999 0.8641666671875001 0.13187500000000002 0.8724999999999999 0.150625 0.8591666671875 0.168125 0.8391666671875001 0.18875 0.7991666671875 0.20125 0.7966666671875 0.20875 0.7866666671875 0.22749999999999998 0.7708333328125 0.225 0.7575000000000001 0.213125 0.7383333328125 0.200625 0.7266666671875 0.178125 0.7166666671875 0.17250000000000001 0.7058333328125 0.000625 0.6241666671874999 0.00125 0.8675 0.06625 0.8908333328125 0.07375000000000001 0.8908333328125 0.074375 0.8875
12 0.776875 0.7866666671875 0.7787499999999999 0.7891666671875 0.79625 0.7883333328125001 0.8256249999999999 0.8133333328125 0.8425 0.835 0.840625 0.85 0.844375 0.8633333328124999 0.851875 0.8691666671875 0.8612500000000001 0.8666666671875 0.8637499999999999 0.86 0.85375 0.845 0.8462500000000001 0.8266666671875 0.8143750000000001 0.7941666671875 0.82 0.7858333328125 0.8306250000000001 0.7941666671875 0.834375 0.7933333328125001 0.8375 0.7833333328125 0.8256249999999999 0.765 0.806875 0.7633333328125 0.80625 0.7275 0.8375 0.725 0.865 0.7141666671875 0.866875 0.7025 0.8618750000000001 0.6950000000000001 0.86625 0.6883333328125001 0.8787499999999999 0.6849999999999999 0.885 0.6799999999999999 0.8881249999999999 0.6558333328125 0.8956250000000001 0.6433333328125 0.8943749999999999 0.6333333328124999 0.9175000000000001 0.5933333328125 0.9075 0.5941666671875 0.8787499999999999 0.605 0.8025 0.6025 0.7925 0.615 0.780625 0.6391666671875 0.7631249999999999 0.6391666671875 0.7462500000000001 0.6266666671875 0.746875 0.6333333328124999 0.7787499999999999 0.7058333328125 0.7737499999999999 0.765 0.776875 0.7866666671875
13 0.378125 0.6866666671874999 0.381875 0.6783333328125 0.378125 0.6216666671875 0.370625 0.6041666671875 0.36375 0.6041666671875 0.36124999999999996 0.61 0.35812499999999997 0.6308333328125 0.36312500000000003 0.6825 0.366875 0.6875 0.378125 0.6866666671874999
11 0.26687500000000003 0.49583333281249997 0.17625 0.49083333281249997 0.183125 0.5791666671875 0.20187499999999997 0.585 0.2725 0.5933333328125 0.26687500000000003 0.49583333281249997
11 0.43624999999999997 0.4891666671875 0.4375 0.4766666671875 0.43375 0.4441666671875 0.385625 0.44333333281250004 0.38625 0.4716666671875 0.40499999999999997 0.495 0.429375 0.4966666671875 0.43624999999999997 0.4891666671875
11 0.109375 0.5591666671875 0.1025 0.5133333328125 0.096875 0.4933333328125 0.08687500000000001 0.485 0.08249999999999999 0.475 0.07875 0.4791666671875 0.078125 0.4891666671875 0.09125 0.5700000000000001 0.099375 0.5708333328124999 0.109375 0.5591666671875
11 0.23312499999999997 0.43666666718749997 0.234375 0.4733333328125 0.270625 0.4725 0.268125 0.43833333281250003 0.23312499999999997 0.43666666718749997
11 0.174375 0.43499999999999994 0.14625 0.4341666671875 0.148125 0.4641666671875 0.15687500000000001 0.46749999999999997 0.176875 0.46749999999999997 0.174375 0.43499999999999994
4 0.5131249999999999 0.48333333281249996 0.525 0.48 0.526875 0.48250000000000004 0.5548437500000001 0.48333333281249996 0.560625 0.4916666671875 0.5625 0.5033333328125 0.5825 0.5 0.58 0.48333333281249996 0.5650000000000001 0.4575 0.55625 0.45 0.5543750000000001 0.4341666671875 0.5493750000000001 0.4258333328125 0.5425 0.4266666671875 0.536875 0.4325 0.5337500000000001 0.4516666671875 0.5231250000000001 0.45583333281250005 0.48687500000000006 0.49000000000000005 0.48624999999999996 0.49583333281249997 0.4925 0.49583333281249997 0.506875 0.49083333281249997 0.5131249999999999 0.48333333281249996
8 0.5599999999999999 0.485 0.51375 0.48250000000000004 0.5131249999999999 0.4933333328125 0.516875 0.5116666671875 0.560625 0.5141666671875 0.5599999999999999 0.485
9 0.6325000000000001 0.6825 0.720625 0.7066666671874999 0.749375 0.71 0.770625 0.7183333328125 0.7887500000000001 0.7183333328125 0.7943749999999999 0.7224999999999999 0.835625 0.7224999999999999 0.849375 0.7191666671875 0.8612500000000001 0.7108333328125 0.8631249999999999 0.6900000000000001 0.875 0.6791666671875001 0.9025000000000001 0.6091666671875 0.900625 0.6058333328125001 0.885 0.6066666671875 0.86 0.6158333328125 0.846875 0.6141666671875 0.8393750000000001 0.6083333328125 0.8087500000000001 0.6066666671875 0.79625 0.6191666671875 0.7943749999999999 0.6266666671875 0.781875 0.6433333328125 0.765625 0.6441666671874999 0.75875 0.64 0.745625 0.6216666671875 0.7106250000000001 0.545 0.6975 0.5366666671875 0.666875 0.5349999999999999 0.646875 0.5283333328125 0.6325000000000001 0.5275000000000001 0.6174999999999999 0.54 0.59375 0.5425 0.58 0.5683333328125 0.55375 0.6566666671875 0.5575 0.6658333328125 0.58375 0.6766666671875 0.6325000000000001 0.6825
6 0.230625 0.6266666671875 0.236875 0.6316666671875 0.265 0.6108333328125 0.26187499999999997 0.6066666671875 0.209375 0.5908333328125 0.2 0.5933333328125 0.18062499999999998 0.6058333328125001 0.18 0.6091666671875 0.183125 0.6116666671875 0.21437499999999998 0.6241666671874999 0.230625 0.6266666671875
6 0.12250000000000001 0.5933333328125 0.12375 0.5825 0.11875 0.58 0.06 0.6033333328125 0.057499999999999996 0.6058333328125001 0.059375 0.61 0.083125 0.61 0.12250000000000001 0.5933333328125