12 0.36 0.7333333328125 0.39125 0.865 0.375 0.8891666671875 0.37 0.915 0.37124999999999997 0.9216666671875 0.3775 0.9241666671875001 0.38375 0.9208333328125 0.383125 0.8933333328125 0.385 0.8883333328124999 0.4025 0.8675 0.421875 0.8508333328125 0.434375 0.8558333328125001 0.43875000000000003 0.8625 0.448125 0.9066666671875 0.45 0.93 0.45499999999999996 0.9383333328125 0.46187500000000004 0.9383333328125 0.46624999999999994 0.93 0.46687500000000004 0.9199999999999999 0.458125 0.9099999999999999 0.45437500000000003 0.8891666671875 0.44375 0.8566666671875 0.45375 0.8358333328124999 0.48218750000000005 0.8358333328124999 0.488125 0.8400000000000001 0.48312499999999997 0.8491666671875 0.48375 0.8558333328125001 0.49000000000000005 0.8625 0.49437499999999995 0.8625 0.49874999999999997 0.8541666671874999 0.499375 0.8375 0.495625 0.8316666671874999 0.484375 0.8275 0.44875 0.8291666671875 0.44125 0.8208333328125 0.44125 0.8166666671874999 0.44875 0.8099999999999999 0.45375 0.8099999999999999 0.45437500000000003 0.8033333328125 0.459375 0.7991666671875 0.47125000000000006 0.7983333328125 0.48125 0.7775000000000001 0.490625 0.7375 0.49000000000000005 0.7158333328125 0.48624999999999996 0.6991666671875 0.480625 0.6958333328124999 0.45562500000000006 0.6975 0.45 0.6933333328125 0.46375 0.6616666671875 0.46312499999999995 0.6508333328125 0.458125 0.6408333328125 0.42437500000000006 0.6325000000000001 0.39375 0.6308333328125 0.375 0.5958333328125 0.356875 0.6125 0.34375 0.63 0.334375 0.65 0.33375 0.6583333328125 0.353125 0.7016666671875 0.35562499999999997 0.7275 0.36 0.7333333328125
12 0.684375 0.6491666671874999 0.69875 0.6516666671875 0.7125 0.6675 0.7162499999999999 0.6783333328125 0.7224999999999999 0.6783333328125 0.718125 0.665 0.7262500000000001 0.6583333328125 0.7325 0.6625 0.735625 0.6541666671875 0.728125 0.6425 0.7112499999999999 0.64 0.714375 0.6133333328125 0.721875 0.6141666671875 0.7268749999999999 0.6041666671875 0.7275 0.5966666671875 0.7368750000000001 0.5841666671875 0.740625 0.5549999999999999 0.755625 0.5241666671874999 0.746875 0.51 0.74125 0.5075000000000001 0.7262500000000001 0.5341666671875 0.7006249999999999 0.53 0.684375 0.5316666671875 0.6793750000000001 0.54 0.6793750000000001 0.5525 0.67625 0.5549999999999999 0.67375 0.6358333328125 0.6775 0.64 0.67375 0.655 0.684375 0.6491666671874999
12 0.673125 0.5683333328125 0.663125 0.5675 0.656875 0.5766666671875 0.656875 0.5883333328125 0.661875 0.6 0.67125 0.6033333328125 0.673125 0.5683333328125
9 0.36 0.6116666671875 0.370625 0.6 0.37625000000000003 0.6 0.38937499999999997 0.625 0.3975 0.6516666671875 0.45875000000000005 0.6516666671875 0.46687500000000004 0.6575 0.5775 0.6575 0.58875 0.6458333328125 0.58875 0.6416666671875 0.59875 0.6341666671875 0.59875 0.6241666671874999 0.5875 0.585 0.5825 0.5775 0.576875 0.5808333328125 0.568125 0.58 0.564375 0.5641666671875 0.5125 0.5625 0.35 0.5683333328125 0.319375 0.5983333328125 0.29812500000000003 0.6283333328125 0.2975 0.6375 0.3 0.6408333328125 0.339375 0.6416666671875 0.36 0.6116666671875
9 0.351875 0.5658333328125 0.38 0.5383333328125001 0.38687499999999997 0.525 0.39375 0.5216666671875 0.40750000000000003 0.5058333328125 0.40875000000000006 0.5 0.385625 0.5041666671875 0.3775 0.48333333281249996 0.368125 0.48333333281249996 0.27625 0.5575 0.27625 0.5625 0.27875 0.5641666671875 0.34187500000000004 0.5716666671875 0.351875 0.5658333328125
13 0.578125 0.5566666671875 0.5756249999999999 0.5341666671875 0.569375 0.5349999999999999 0.5662499999999999 0.5475 0.565625 0.5783333328125 0.568125 0.5816666671874999 0.5756249999999999 0.5816666671874999 0.578125 0.5566666671875
4 0.651875 0.5233333328125 0.66125 0.5258333328125 0.6775 0.5416666671875 0.685625 0.5316666671875 0.70875 0.5316666671875 0.7162499999999999 0.5191666671874999 0.71375 0.51 0.684375 0.49083333281249997 0.6825 0.48333333281249996 0.678125 0.4808333328125 0.6675 0.45416666718750004 0.6675 0.445 0.673125 0.4341666671875 0.6725 0.42416666718749996 0.6675 0.4166666671875 0.659375 0.4175 0.6368750000000001 0.4441666671875 0.631875 0.4516666671875 0.6287499999999999 0.46666666718750005 0.629375 0.4875 0.640625 0.5016666671875 0.6443749999999999 0.5133333328125 0.651875 0.5233333328125
0 0.628125 0.54 0.63375 0.5383333328125001 0.6431250000000001 0.5275000000000001 0.64 0.5091666671875 0.63375 0.5025000000000001 0.6212500000000001 0.49833333281250003 0.600625 0.5008333328125001 0.584375 0.5075000000000001 0.5743750000000001 0.5166666671875 0.5725 0.5241666671874999 0.58375 0.5308333328125 0.61875 0.5341666671875 0.628125 0.54
11 0.4 0.4291666671875 0.403125 0.4658333328125 0.43 0.4583333328125 0.42874999999999996 0.42416666718749996 0.4 0.4291666671875
11 0.398125 0.47750000000000004 0.398125 0.4591666671875 0.39625 0.43833333281250003 0.38375 0.445 0.3825 0.4916666671875 0.384375 0.4933333328125 0.395625 0.4841666671875 0.398125 0.47750000000000004
11 0.44375 0.4125 0.440625 0.41 0.43375 0.4141666671875 0.434375 0.4441666671875 0.44125 0.4441666671875 0.44375 0.43916666718749997 0.44375 0.4125
11 0.578125 0.44000000000000006 0.575 0.43499999999999994 0.57125 0.4375 0.571875 0.46166666718749994 0.5756249999999999 0.47750000000000004 0.58 0.48 0.578125 0.44000000000000006
11 0.564375 0.40833333281249995 0.56125 0.4175 0.56125 0.4325 0.5662499999999999 0.43666666718749997 0.56875 0.41166666718749995 0.564375 0.40833333281249995
11 0.5599999999999999 0.4025 0.555625 0.4 0.553125 0.41 0.553125 0.42083333281249996 0.55625 0.4225 0.56125 0.40833333281249995 0.5599999999999999 0.4025
11 0.456875 0.40499999999999997 0.45125000000000004 0.40499999999999997 0.45125000000000004 0.4233333328125 0.45437500000000003 0.4266666671875 0.4575 0.4175 0.456875 0.40499999999999997
12 0.280625 0.6466666671875 0.276875 0.6525000000000001 0.27749999999999997 0.6666666671875 0.28375 0.6583333328125 0.29375 0.6533333328125 0.29 0.6283333328125 0.285625 0.6158333328125 0.29812500000000003 0.6108333328125 0.299375 0.6041666671875 0.31 0.5958333328125 0.31875 0.5833333328125 0.31875 0.5733333328125 0.265625 0.5733333328125 0.27 0.6075 0.28125 0.6083333328125 0.280625 0.6466666671875
12 0.244375 0.5691666671875 0.265625 0.5633333328125001 0.26125 0.5391666671875 0.246875 0.5108333328125 0.24312499999999998 0.51 0.21625 0.5275000000000001 0.215625 0.5316666671875 0.221875 0.5416666671875 0.23312499999999997 0.585 0.244375 0.5691666671875
12 0.25187499999999996 0.5875 0.246875 0.5958333328125 0.24562499999999998 0.6116666671875 0.26375000000000004 0.6091666671875 0.26 0.5816666671874999 0.25187499999999996 0.5875
12 0.32 0.6766666671875 0.323125 0.6683333328125001 0.32125 0.6591666671875 0.313125 0.6516666671875 0.30375 0.65 0.305625 0.6566666671875 0.315 0.6608333328125 0.3125 0.6733333328125 0.32 0.6766666671875
12 0.299375 0.5383333328125001 0.299375 0.5341666671875 0.280625 0.5325 0.265 0.5366666671875 0.265 0.5408333328125 0.27749999999999997 0.5408333328125 0.296875 0.5391666671875 0.299375 0.5383333328125001
12 0.253125 0.6608333328125 0.26937500000000003 0.6558333328125 0.26937500000000003 0.6516666671875 0.2525 0.655 0.244375 0.6658333328125 0.244375 0.6791666671875001 0.250625 0.6791666671875001 0.25 0.665 0.253125 0.6608333328125
12 0.27375 0.6849999999999999 0.27125 0.6799999999999999 0.265 0.6875 0.26437499999999997 0.6925 0.26687500000000003 0.6966666671875 0.27375 0.6958333328124999 0.27375 0.6849999999999999