4 0.7849999999999999 0.40499999999999997 0.781875 0.42000000000000004 0.78625 0.4233333328125 0.79875 0.42416666718749996 0.8143750000000001 0.42000000000000004 0.825 0.42083333281249996 0.8318749999999999 0.42750000000000005 0.8231249999999999 0.43916666718749997 0.8168749999999999 0.4425 0.815625 0.4491666671875 0.8300000000000001 0.4575 0.8331250000000001 0.4625 0.838125 0.45999999999999996 0.844375 0.44333333281250004 0.8637499999999999 0.425 0.8699999999999999 0.4091666671875 0.866875 0.4 0.8400000000000001 0.3908333328125 0.8300000000000001 0.37666666718749997 0.8099999999999999 0.3641666671875 0.8 0.3375 0.8018750000000001 0.315 0.7975 0.305 0.79 0.30416666718749996 0.781875 0.3091666671875 0.778125 0.3325 0.7681250000000001 0.3466666671875 0.76375 0.36 0.76125 0.385 0.764375 0.3908333328125 0.7775000000000001 0.3916666671875 0.7849999999999999 0.40499999999999997
4 0.08687500000000001 0.7166666671875 0.11125 0.7433333328125 0.125 0.7691666671874999 0.17124999999999999 0.7933333328125001 0.2225 0.8375 0.2575 0.8541666671874999 0.284375 0.8641666671875001 0.335 0.875 0.34750000000000003 0.8833333328125 0.359375 0.8816666671875 0.385625 0.86 0.43562500000000004 0.7925 0.43499999999999994 0.78 0.42374999999999996 0.7683333328125 0.410625 0.7358333328125 0.41125 0.7150000000000001 0.43624999999999997 0.67 0.4375 0.6599999999999999 0.43499999999999994 0.6508333328125 0.426875 0.6441666671874999 0.415625 0.645 0.40437500000000004 0.65 0.395 0.6616666671875 0.36124999999999996 0.6275000000000001 0.36625 0.6108333328125 0.35562499999999997 0.605 0.334375 0.6125 0.328125 0.625 0.31375000000000003 0.6233333328125 0.30062500000000003 0.6283333328125 0.2725 0.6516666671875 0.26125 0.6525000000000001 0.25625 0.6483333328125 0.236875 0.6275000000000001 0.2375 0.6191666671875 0.24874999999999997 0.6116666671875 0.25375000000000003 0.6025 0.256875 0.5733333328125 0.26875 0.5625 0.268125 0.5541666671875001 0.26 0.5358333328125 0.26 0.5133333328125 0.25187499999999996 0.4916666671875 0.23937499999999998 0.4733333328125 0.21625 0.4583333328125 0.20125 0.45499999999999996 0.176875 0.4575 0.1625 0.465 0.14375 0.48666666718749996 0.136875 0.5058333328125 0.135625 0.5233333328125 0.138125 0.5508333328125 0.144375 0.5716666671875 0.145625 0.5974999999999999 0.14250000000000002 0.6025 0.091875 0.6283333328125 0.083125 0.6375 0.08125 0.6433333328125 0.081875 0.6616666671875 0.075625 0.675 0.078125 0.6975 0.08687500000000001 0.7166666671875
4 0 0.5258333328125 0.01625 0.5525 0.019375 0.5691666671875 0.028125 0.5683333328125 0.038125 0.5608333328125 0.04625 0.5616666671874999 0.07375000000000001 0.5491666671875 0.095625 0.5349999999999999 0.100625 0.5283333328125 0.10124999999999999 0.5141666671875 0.094375 0.4966666671875 0.108125 0.485 0.125 0.4783333328125 0.125 0.45999999999999996 0.08625000000000001 0.4575 0.06687499999999999 0.43 0.042499999999999996 0.3808333328125 0.03375 0.38333333281250004 0.02375 0.375 0.008125 0.3716666671875 0 0.3725 0 0.5258333328125
9 0.45999999999999996 0.6441666671874999 0.438125 0.6666666671875 0.414375 0.7041666671875 0.40750000000000003 0.7216666671875 0.410625 0.7375 0.426875 0.7575000000000001 0.505625 0.8266666671875 0.5193749999999999 0.845 0.530625 0.8550000000000001 0.61375 0.9208333328125 0.620625 0.9216666671875 0.6425 0.8508333328125 0.675 0.7808333328125 0.6775 0.7791666671875 0.685625 0.7875 0.6900000000000001 0.7875 0.696875 0.7783333328125 0.7212500000000001 0.6183333328125 0.725625 0.585 0.725 0.5733333328125 0.704375 0.5641666671875 0.6375 0.5458333328125 0.595 0.53 0.565625 0.5233333328125 0.540625 0.5241666671874999 0.538125 0.52 0.52625 0.5191666671874999 0.510625 0.5 0.495 0.4933333328125 0.465 0.49416666718749996 0.46375 0.5125 0.45999999999999996 0.5183333328125 0.42312500000000003 0.5183333328125 0.43375 0.5275000000000001 0.4525 0.5358333328125 0.459375 0.5441666671875 0.45999999999999996 0.6441666671874999
11 0.36625 0.5133333328125 0.418125 0.5183333328125 0.45625 0.5175 0.46624999999999994 0.51 0.46749999999999997 0.5016666671875 0.46375 0.45 0.459375 0.4166666671875 0.41937499999999994 0.41166666718749995 0.36124999999999996 0.41 0.33999999999999997 0.41500000000000004 0.339375 0.4233333328125 0.348125 0.48166666718749995 0.35562499999999997 0.5091666671875 0.36625 0.5133333328125
11 0.265625 0.4783333328125 0.34125 0.4716666671875 0.34562499999999996 0.45583333281250005 0.34249999999999997 0.4341666671875 0.34249999999999997 0.4183333328125 0.34562499999999996 0.41500000000000004 0.40625 0.4141666671875 0.41875 0.4058333328125 0.41624999999999995 0.3633333328125 0.41125 0.34750000000000003 0.40437500000000004 0.3408333328125 0.350625 0.34750000000000003 0.32 0.3466666671875 0.25187499999999996 0.3533333328125 0.23625 0.36583333281249997 0.24625 0.41916666718749995 0.25375000000000003 0.44000000000000006 0.26 0.47000000000000003 0.265625 0.4783333328125
8 0.361875 0.6224999999999999 0.36124999999999996 0.6333333328124999 0.3375 0.655 0.369375 0.6808333328125 0.403125 0.6858333328125 0.416875 0.6983333328125 0.434375 0.6725 0.46375 0.6416666671875 0.47000000000000003 0.5425 0.45562500000000006 0.5333333328125 0.40750000000000003 0.5141666671875 0.39125 0.5108333328125 0.385 0.5133333328125 0.3825 0.5900000000000001 0.365 0.6058333328125001 0.365625 0.615 0.361875 0.6224999999999999
6 0.381875 0.5808333328125 0.38687499999999997 0.5708333328124999 0.388125 0.5458333328125 0.385625 0.5416666671875 0.379375 0.5441666671875 0.3275 0.5416666671875 0.303125 0.5691666671875 0.3025 0.5741666671875 0.305625 0.575 0.351015625 0.575 0.381875 0.5808333328125
6 0.566875 0.5775 0.5675 0.5558333328125 0.49625 0.5491666671875 0.48875 0.5666666671875 0.488125 0.5716666671875 0.49124999999999996 0.5741666671875 0.563125 0.5808333328125 0.566875 0.5775
10 0.545 0.6375 0.54625 0.63 0.540625 0.6233333328125 0.5325 0.6224999999999999 0.52125 0.6375 0.520625 0.645 0.524375 0.6516666671875 0.535625 0.6533333328125 0.545 0.6375
10 0.47750000000000004 0.5816666671874999 0.468125 0.5791666671875 0.46687500000000004 0.5825 0.46624999999999994 0.6025 0.47000000000000003 0.6025 0.47562499999999996 0.5925 0.47750000000000004 0.5816666671874999
1 0.5875 0.6791666671875001 0.5543750000000001 0.6916666671875 0.5543750000000001 0.6958333328124999 0.569375 0.7233333328125 0.60625 0.7075 0.5875 0.6791666671875001
1 0.655 0.63 0.6287499999999999 0.635 0.631875 0.6466666671875 0.6431250000000001 0.6666666671875 0.6725 0.6599999999999999 0.655 0.63
1 0.58125 0.6066666671875 0.573125 0.5900000000000001 0.540625 0.5958333328125 0.540625 0.6025 0.5506249999999999 0.6191666671875 0.58125 0.6125 0.58125 0.6066666671875
1 0.6481250000000001 0.6075 0.6481250000000001 0.6016666671875 0.6425 0.5883333328125 0.61 0.5866666671874999 0.61 0.5983333328125 0.61625 0.6091666671875 0.645625 0.61 0.6481250000000001 0.6075
13 0.61625 0.5608333328125 0.619375 0.5133333328125 0.614375 0.49083333281249997 0.605 0.4925 0.599375 0.5183333328125 0.598125 0.5599999999999999 0.6018749999999999 0.5650000000000001 0.6125 0.5658333328125 0.61625 0.5608333328125
12 0.6900000000000001 0.4216666671875 0.670625 0.425 0.6675 0.43 0.666875 0.43833333281250003 0.684375 0.43333333281249997 0.6837500000000001 0.44333333281250004 0.686875 0.445 0.690625 0.4291666671875 0.7009375 0.42750000000000005 0.7068749999999999 0.43333333281249997 0.7068749999999999 0.445 0.711875 0.45 0.7150000000000001 0.4483333328125 0.716875 0.43916666718749997 0.7125 0.425 0.698125 0.41333333281250006 0.698125 0.40833333281249995 0.70375 0.4025 0.714375 0.40083333281250005 0.71875 0.395 0.725 0.3933333328125 0.7224999999999999 0.3858333328125 0.725625 0.3775 0.725625 0.36833333281249997 0.719375 0.3625 0.71875 0.3566666671875 0.7125 0.3583333328125 0.705 0.3508333328125 0.67 0.3491666671875 0.673125 0.39416666718750004 0.689375 0.4 0.693125 0.4091666671875 0.6900000000000001 0.4216666671875
2 0.53 0.36 0.529375 0.30416666718749996 0.526875 0.2991666671875 0.52625 0.2833333328125 0.496875 0.2833333328125 0.495625 0.3225 0.49812500000000004 0.3616666671875 0.51875 0.3641666671875 0.53 0.36
7 0.61 0.625 0.608125 0.61 0.6018749999999999 0.6033333328125 0.59375 0.6041666671875 0.5925 0.6133333328125 0.604375 0.6333333328124999 0.608125 0.6333333328124999 0.61 0.625