9 0.224375 0.8300000000000001 0.274375 0.8566666671875 0.36625 0.9158333328125 0.4325 0.9483333328124999 0.44000000000000006 0.9383333328125 0.458125 0.875 0.546875 0.7224999999999999 0.55 0.6783333328125 0.556875 0.6483333328125 0.56375 0.5441666671875 0.556875 0.5358333328125 0.536875 0.5291666671875 0.45062499999999994 0.5116666671875 0.433125 0.5041666671875 0.40499999999999997 0.49833333281250003 0.34249999999999997 0.4883333328125 0.318125 0.4891666671875 0.29125 0.49833333281250003 0.27875 0.5133333328125 0.271875 0.515 0.26625 0.5208333328125 0.2725 0.6041666671875 0.27 0.67 0.220625 0.7191666671875 0.18687499999999999 0.7591666671875 0.18 0.7616666671875 0.1525 0.7591666671875 0.14937499999999998 0.765 0.14875 0.7741666671874999 0.15687500000000001 0.7858333328125 0.18812500000000001 0.8033333328125 0.224375 0.8300000000000001
8 0.146875 0.6516666671875 0.13874999999999998 0.6591666671875 0.13625 0.6716666671875 0.141875 0.6808333328125 0.15 0.6799999999999999 0.164375 0.6908333328125 0.169375 0.6891666671875 0.17625 0.7041666671875 0.17625 0.71 0.16499999999999998 0.73 0.16625 0.76 0.173125 0.7658333328125 0.18125 0.7675 0.24 0.7083333328125 0.27937500000000004 0.6641666671875 0.274375 0.5549999999999999 0.27375 0.5466666671875 0.26749999999999996 0.5425 0.1825 0.5191666671874999 0.16875 0.5183333328125 0.1675 0.5216666671875 0.17375000000000002 0.5958333328125 0.171875 0.6208333328125 0.148125 0.6408333328125 0.146875 0.6516666671875
6 0.125 0.605 0.17375000000000002 0.605 0.17250000000000001 0.5650000000000001 0.16999999999999998 0.5608333328125 0.153125 0.5608333328125 0.095625 0.5658333328125 0.05375 0.61 0.053125 0.6141666671875 0.061250000000000006 0.615 0.113125 0.61 0.125 0.605
6 0.40499999999999997 0.5691666671875 0.409375 0.5650000000000001 0.41187500000000005 0.5466666671875 0.41 0.54 0.405625 0.5391666671875 0.334375 0.5425 0.328125 0.5458333328125 0.321875 0.5599999999999999 0.31875 0.5683333328125 0.31875 0.5716666671875 0.321875 0.5733333328125 0.40499999999999997 0.5691666671875
11 0.114375 0.47750000000000004 0.11750000000000001 0.49083333281249997 0.1275 0.4966666671875 0.13374999999999998 0.5183333328125 0.216041875 0.5175 0.2225 0.5225 0.224375 0.5291666671875 0.23937499999999998 0.5325 0.24375 0.5183333328125 0.285625 0.515 0.28875 0.5116666671875 0.26937500000000003 0.3958333328125 0.26687500000000003 0.39249999999999996 0.09875 0.3958333328125 0.0975 0.40083333281250005 0.10625 0.4408333328125 0.11499999999999999 0.46166666718749994 0.114375 0.47750000000000004
11 0 0.4808333328125 0.01875 0.48333333281249996 0.03125 0.4783333328125 0.0775 0.4733333328125 0.10375000000000001 0.46666666718750005 0.11187499999999999 0.46166666718749994 0.10124999999999999 0.4066666671875 0.11695312499999999 0.3966666671875 0.213125 0.395 0.230625 0.3908333328125 0.21875 0.3275 0.21000000000000002 0.30333333281249997 0.029375000000000002 0.31 0 0.3116666671875 0 0.4808333328125
10 0.36625 0.6583333328125 0.37625000000000003 0.6433333328125 0.379375 0.6275000000000001 0.37312500000000004 0.6224999999999999 0.364375 0.6233333328125 0.35 0.6416666671875 0.348125 0.6475 0.35 0.6566666671875 0.35375 0.6599999999999999 0.36625 0.6583333328125
10 0.304375 0.5916666671875 0.304375 0.5841666671875 0.28500000000000003 0.5858333328125 0.27625 0.5941666671875 0.27625 0.6141666671875 0.2875 0.615 0.2975 0.6075 0.304375 0.5916666671875
1 0.42125 0.6766666671875 0.414375 0.6775 0.383125 0.6975 0.381875 0.7033333328125 0.395 0.7308333328125001 0.436875 0.7033333328125 0.42125 0.6766666671875
1 0.5025000000000001 0.6224999999999999 0.49312500000000004 0.6066666671875 0.468125 0.615 0.468125 0.6241666671874999 0.48 0.6483333328125 0.506875 0.6358333328125 0.5025000000000001 0.6224999999999999
1 0.41312499999999996 0.5783333328125 0.37687499999999996 0.5908333328125 0.38 0.6066666671875 0.38687499999999997 0.6141666671875 0.41937499999999994 0.6016666671875 0.41312499999999996 0.5783333328125
1 0.48375 0.5650000000000001 0.45187499999999997 0.5691666671875 0.45187499999999997 0.5791666671875 0.456875 0.5900000000000001 0.488125 0.585 0.48375 0.5650000000000001
13 0.45875000000000005 0.5425 0.46125 0.5358333328125 0.45999999999999996 0.485 0.453125 0.46749999999999997 0.44625000000000004 0.46749999999999997 0.44125 0.48250000000000004 0.4425 0.5383333328125001 0.44749999999999995 0.545 0.45437500000000003 0.545 0.45875000000000005 0.5425
4 0.63375 0.4025 0.639375 0.4016666671875 0.640625 0.3966666671875 0.6643749999999999 0.3958333328125 0.66875 0.39249999999999996 0.665625 0.3641666671875 0.66625 0.34500000000000003 0.67 0.3375 0.6793750000000001 0.3358333328125 0.680625 0.3275 0.655 0.305 0.655625 0.2791666671875 0.646875 0.27749999999999997 0.6431250000000001 0.2808333328125 0.64 0.3025 0.6287499999999999 0.3083333328125 0.618125 0.3291666671875 0.6168750000000001 0.3391666671875 0.6212500000000001 0.3466666671875 0.620625 0.3741666671875 0.63375 0.4025
12 0.74375 0.3966666671875 0.74875 0.4016666671875 0.745 0.4108333328125 0.7306250000000001 0.4108333328125 0.7224999999999999 0.42000000000000004 0.721875 0.42750000000000005 0.729375 0.42750000000000005 0.735625 0.4175 0.74375 0.4175 0.75 0.4233333328125 0.745625 0.43583333281250003 0.75125 0.43916666718749997 0.755625 0.43333333281249997 0.75625 0.40083333281250005 0.760875 0.3933333328125 0.7849999999999999 0.39 0.78625 0.385 0.784375 0.38333333281250004 0.788125 0.3741666671875 0.795625 0.37 0.8012499999999999 0.3491666671875 0.8074999999999999 0.3366666671875 0.7725 0.3375 0.76 0.3583333328125 0.73625 0.3541666671875 0.73375 0.38333333281250004 0.73875 0.3908333328125 0.74375 0.3916666671875 0.74375 0.3966666671875
12 0.5475 0.36666666718749996 0.5506249999999999 0.38 0.54875 0.3866666671875 0.53 0.39249999999999996 0.528125 0.3958333328125 0.53 0.4066666671875 0.533125 0.40750000000000003 0.538125 0.4025 0.54375 0.41 0.548125 0.4108333328125 0.563125 0.3983333328125 0.5700000000000001 0.4108333328125 0.57375 0.4058333328125 0.57125 0.39416666718750004 0.56875 0.3891666671875 0.5575 0.38333333281250004 0.5575 0.375 0.57625 0.36 0.578125 0.3375 0.566875 0.3375 0.560625 0.32999999999999996 0.5575 0.32083333281250004 0.5287499999999999 0.32083333281250004 0.531875 0.34750000000000003 0.534375 0.3516666671875 0.5337500000000001 0.3608333328125 0.5475 0.36666666718749996
12 0.8168749999999999 0.4141666671875 0.815625 0.42416666718749996 0.81875 0.4258333328125 0.8231249999999999 0.4175 0.83125 0.4166666671875 0.8375 0.4233333328125 0.836875 0.43583333281250003 0.8412499999999999 0.43666666718749997 0.846875 0.4266666671875 0.85 0.42833333281249997 0.850625 0.4175 0.8456250000000001 0.41333333281250006 0.8324999999999999 0.4108333328125 0.83125 0.39 0.8612500000000001 0.39 0.860625 0.3808333328125 0.865416875 0.3741666671875 0.869375 0.37333333281250003 0.8731249999999999 0.35750000000000004 0.883125 0.3375 0.829375 0.335 0.8175000000000001 0.36583333281249997 0.805 0.3708333328125 0.805625 0.38333333281250004 0.8225 0.3916666671875 0.8243750000000001 0.3958333328125 0.8168749999999999 0.4141666671875
11 0.805 0.32083333281250004 0.829375 0.3225 0.85375 0.32083333281250004 0.8625 0.2891666671875 0.860625 0.2858333328125 0.8377775 0.2858333328125 0.83125 0.2783333328125 0.81875 0.27749999999999997 0.7887500000000001 0.27749999999999997 0.78625 0.2866666671875 0.7825 0.30583333281249997 0.7875 0.3116666671875 0.798125 0.3125 0.805 0.32083333281250004
11 0.9181250000000001 0.3116666671875 0.929375 0.2816666671875 0.884375 0.27999999999999997 0.8800000000000001 0.2833333328125 0.87625 0.2941666671875 0.869375 0.3183333328125 0.905 0.32166666718750003 0.9112500000000001 0.3133333328125 0.9181250000000001 0.3116666671875
11 0.723125 0.3083333328125 0.7275 0.30416666718749996 0.7318749999999999 0.2766666671875 0.6975 0.2758333328125 0.69625 0.2783333328125 0.69375 0.30333333281249997 0.7004168749999999 0.30333333281249997 0.7068749999999999 0.3091666671875 0.723125 0.3083333328125
2 0.489375 0.3075 0.49000000000000005 0.24500000000000002 0.48312499999999997 0.2425 0.4575 0.24333333281249997 0.459375 0.3275 0.48 0.3308333328125 0.48562500000000003 0.3083333328125 0.489375 0.3075
2 0.39 0.32166666718750003 0.39125 0.2841666671875 0.3875 0.24333333281249997 0.3825 0.24 0.36375 0.2408333328125 0.35375 0.24333333281249997 0.355 0.2741666671875 0.36124999999999996 0.32083333281250004 0.39 0.32166666718750003
7 0.44749999999999995 0.5925 0.44375 0.5883333328125 0.43624999999999997 0.5883333328125 0.4325 0.5916666671875 0.43187499999999995 0.5983333328125 0.441875 0.6174999999999999 0.44749999999999995 0.6174999999999999 0.44749999999999995 0.5925