4 0.798969221875 0.1875 0.79329590625 0.18062499999999998 0.7565565046875 0.18375 0.7116001453125 0.181875 0.6963819390625 0.19125 0.645534059375 0.191875 0.6235328109375 0.20625 0.6001267421875001 0.209375 0.5915752046875 0.21875 0.59501451875 0.25 0.6099417828125 0.253125 0.6139920734375 0.258125 0.62314419375 0.25875 0.649563559375 0.26937500000000003 0.6905569125000001 0.2625 0.7122235781249999 0.2625 0.7196072015625 0.26749999999999996 0.7187302265625 0.26937500000000003 0.7237011328125 0.270625 0.74127386875 0.26749999999999996 0.74910845 0.253125 0.76435575 0.2425 0.7760660578125 0.240625 0.7829072874999999 0.23312499999999997 0.7838715453125 0.22749999999999998 0.778987921875 0.2225 0.7791479390625 0.215625 0.7969097859375001 0.20437500000000003 0.798969221875 0.1875
4 0.7245448046875 0.735625 0.7244429765625 0.74 0.7526162921874999 0.746875 0.7583332484375 0.751875 0.7574126328124999 0.755625 0.7648544453125 0.7581249999999999 0.79229625625 0.760625 0.8029841187500001 0.766875 0.814694428125 0.765 0.8215793 0.755625 0.8350290093750001 0.750625 0.8351453859375001 0.745625 0.831899334375 0.7418750000000001 0.8185950953125 0.740625 0.8079363265625 0.733125 0.7922339171874999 0.7275 0.7723357453124999 0.723125 0.7245448046875 0.735625
11 0.5477347296875 0.885 0.5360680640625 0.885 0.532676540625 0.8875 0.5085763671875 0.95625 0.5091478546875 0.9675 0.5013569140625 0.9800000000000001 0.5042683828125 0.9981249999999999 0.505058075 1 0.7217538359375 0.99875 0.7342850203125 0.89 0.7430423078125 0.764375 0.7364629234375 0.760625 0.682558103125 0.749375 0.612805403125 0.73875 0.6083644046875001 0.89375 0.59911045625 0.8975 0.565089259375 0.89125 0.5477347296875 0.885
11 0.45196376562499996 0.6675 0.446803746875 0.6743750000000001 0.44551945625 0.69375 0.45083740156249996 0.7875 0.44859300468749996 0.8481249999999999 0.450976628125 0.853125 0.4666208515625 0.8612500000000001 0.569212284375 0.8931250000000001 0.597371053125 0.900625 0.6040668140625 0.899375 0.610937140625 0.890625 0.612003225 0.880625 0.6127181203125 0.7424999999999999 0.610504909375 0.694375 0.6073024984375001 0.68875 0.602375234375 0.685625 0.5683540390624999 0.6793750000000001 0.492738909375 0.67 0.45196376562499996 0.6675
6 0.394929240625 0.898125 0.39524097343750003 0.813125 0.3270385609375 0.8074999999999999 0.328989928125 0.866875 0.3255256703125 0.8724999999999999 0.32303397500000003 0.94375 0.32375093125 0.9487500000000001 0.32956971875 0.9493750000000001 0.394929240625 0.898125
6 0.3687281078125 0.6275000000000001 0.375409321875 0.626875 0.4098087421875 0.6168750000000001 0.41239602499999994 0.6131249999999999 0.4137883859375 0.5175 0.41228173906250004 0.510625 0.40818780625000006 0.5075000000000001 0.37068780625 0.5075000000000001 0.361361121875 0.514375 0.3629675109375 0.624375 0.3687281078125 0.6275000000000001
8 0.062329503125 0.795 0.092817859375 0.8456250000000001 0.088534815625 0.850625 0.15778252343750002 0.91875 0.18196373593749998 0.9181250000000001 0.18729831875 0.9037499999999999 0.22141719218749997 0.8699999999999999 0.24521602968749998 0.85 0.272159090625 0.838125 0.3037343234375 0.80625 0.36532825468749996 0.809375 0.4159870234375 0.8168749999999999 0.43432035625000004 0.8168749999999999 0.4337343234375 0.80625 0.3813236953125 0.6950000000000001 0.3733685859375 0.67875 0.366803746875 0.6743750000000001 0.215180721875 0.6725 0.11437024062500001 0.743125 0.049858596875 0.79375 0.0498149546875 0.795625 0.062329503125 0.795
10 0.22402944374999997 0.57875 0.23654399062499998 0.578125 0.2625955296875 0.56875 0.2719222140625 0.561875 0.27389436875 0.54875 0.2649604546875 0.5387500000000001 0.248279240625 0.5393749999999999 0.21545920624999998 0.553125 0.21105978749999998 0.563125 0.2149937 0.573125 0.22402944374999997 0.57875
1 0.131903515625 0.526875 0.1369907984375 0.5231250000000001 0.16967575625 0.479375 0.1706254671875 0.47437500000000005 0.16411881718750002 0.46749999999999997 0.121323725 0.44437499999999996 0.11550493749999999 0.44375 0.06839146562500001 0.49874999999999997 0.0683187296875 0.501875 0.128584728125 0.52625 0.131903515625 0.526875
1 0.286024478125 0.385625 0.2861990421875 0.378125 0.239295471875 0.3525 0.23181001874999999 0.351875 0.21517659843749998 0.38625 0.215031128125 0.39249999999999996 0.2653262203125 0.415625 0.273659553125 0.415625 0.286024478125 0.385625
1 0.3070302859375 0.48562500000000003 0.3001163203125 0.49625 0.287591378125 0.533125 0.293308334375 0.538125 0.321408915625 0.548125 0.3289671046875 0.545625 0.345043584375 0.499375 0.3070302859375 0.48562500000000003
1 0.3562946296875 0.445625 0.3588819125 0.441875 0.361465040625 0.4025 0.3590377765625 0.399375 0.3408644609375 0.39249999999999996 0.329241434375 0.390625 0.3241105109375 0.39625 0.319831621875 0.436875 0.3454322015625 0.446875 0.3562946296875 0.445625
13 0.40185156875 0.4575 0.4091915515625 0.464375 0.46003943124999996 0.46375 0.48090186093750004 0.4625 0.502743090625 0.45499999999999996 0.5061346125 0.4525 0.5055340312500001 0.4425 0.48234616875 0.43624999999999997 0.454860715625 0.43562500000000004 0.4097588859375 0.44000000000000006 0.40382372499999997 0.44437499999999996 0.40185156875 0.4575
12 0.67159393125 0.003125 0.6648254359375 0.0075 0.60601205 0.028125 0.5958811265625 0.03375 0.583908971875 0.046875 0.5746550234375001 0.050624999999999996 0.575051946875 0.06937499999999999 0.5796882703125 0.08499999999999999 0.58550705625 0.08562499999999999 0.592362834375 0.0775 0.5982107140624999 0.076875 0.6087822 0.088125 0.609251859375 0.10375000000000001 0.5948524390625 0.11374999999999999 0.5930693953125 0.11875 0.5954966609375 0.121875 0.6038736359375 0.12 0.617468815625 0.10874999999999999 0.620216115625 0.09812499999999999 0.6180506968749999 0.08375 0.6290004062500001 0.07875 0.6446300828125 0.0875 0.646165825 0.093125 0.6632585078125001 0.110625 0.67100580625 0.1 0.6852161156250001 0.09812499999999999 0.696238559375 0.09 0.6894950046874999 0.057499999999999996 0.6912925953125 0.051875000000000004 0.7184102218749999 0.0325 0.7183187859375 0.000625 0.682485453125 0.000625 0.67159393125 0.003125
12 0.651882753125 0.34875 0.6512967203125 0.338125 0.63310885625 0.33187500000000003 0.621384003125 0.334375 0.6229197453124999 0.33999999999999997 0.6387094375 0.34187500000000004 0.6493682062499999 0.349375 0.6365772656249999 0.361875 0.6257293859375 0.3625 0.6247360343749999 0.369375 0.627206940625 0.370625 0.639706940625 0.370625 0.6582584796875001 0.36124999999999996 0.6741500015625 0.35875 0.6806566515625 0.365625 0.6860972140625 0.3825 0.741930546875 0.3825 0.740317915625 0.344375 0.7270427703125 0.34187500000000004 0.6973046171874999 0.330625 0.6933270625 0.3225 0.68914585 0.323125 0.6797318828125001 0.33375 0.6769554890625 0.34562499999999996 0.66931001875 0.351875 0.651882753125 0.34875
7 0.32604733124999996 0.45625 0.32035946718749997 0.45 0.3003885609375 0.44875 0.29553403125 0.4425 0.2754758421875 0.445 0.27528673124999997 0.453125 0.3107272953125 0.47000000000000003 0.3223939609375 0.47000000000000003 0.32604733124999996 0.45625
10 0.297651628125 0.67375 0.3309849625 0.67375 0.3443619359375 0.671875 0.349492859375 0.66625 0.34906684375 0.6487499999999999 0.3433935265625 0.641875 0.3200311 0.6431250000000001 0.3031753203125 0.65125 0.2946092359375 0.66125 0.2936013375 0.66875 0.297651628125 0.67375