9 0.7062803921875 0.632250571875 0.7136034765625 0.6347297140625 0.7250458296875 0.648206171875 0.6963130750000001 0.692894834375 0.68392150625 0.7012901375 0.6750052125 0.76954565 0.67034375625 0.8368942374999999 0.6860749187499999 0.869534425 0.6889058859375 0.8860706671875 0.6969070390625001 0.890486525 0.6982801624999999 0.90439528125 0.7082985374999999 0.904585953125 0.7130280375 0.9081076234375001 0.7156894625 0.91647745 0.730098353125 0.9345859140625 0.7497283875 0.9706799703125 0.7538306703125001 0.9716419578125001 0.7556953328125 0.9692856828125 0.759305971875 0.9557837484375 0.8134311671875001 0.610268271875 0.8123123078125 0.5932446640625 0.786647590625 0.5798614890625 0.7782904687500001 0.5798064234375 0.7747136984375 0.5826500625000001 0.77359504375 0.6270843578124999 0.7680010484375 0.6341531796875 0.7491508921875 0.6294788484375 0.737217 0.632267421875 0.728944596875 0.6209310890624999 0.7127897328125 0.6139682859375 0.7076025609375 0.616053346875 0.7062803921875 0.632250571875
9 0.749232284375 1 0.745812634375 0.987919725 0.716028546875 0.9328102828124999 0.6986531171875 0.9100698156249999 0.6933133859375 0.9140237859375 0.672819165625 0.9807070781249999 0.6744877640625 1 0.749232284375 1
9 0.7639648578125 0.12021137343749999 0.8616395484374999 0.05042145 0.8720477609374999 0.035593031250000004 0.7682193890625 0.027117596875 0.7580487640625 0.12098268906250001 0.7639648578125 0.12021137343749999
9 0.777543534375 0.26116783906249996 0.791613340625 0.2629434671875 0.7984787515625 0.27102934218749997 0.7994111875 0.30058015781249997 0.7874438375 0.4369428328125 0.7842908734375 0.44483803593750004 0.7781205156250001 0.44872420156250004 0.7688310609375 0.44984727500000005 0.7642202515625 0.45511498906250003 0.7552700890625 0.534028796875 0.7598470296875 0.5394193796875 0.812515615625 0.5600238328125 0.8216525109375 0.5607696718749999 0.8255343999999999 0.5541882124999999 0.89678035 0.111612246875 0.904459196875 0.04827269375 0.9014418046875001 0.044263659375 0.8937627515625 0.046145309375 0.8000886375 0.11814316093749999 0.7559129546875 0.1471474390625 0.7517259515625 0.15746671875 0.7360122875 0.288506615625 0.73502920625 0.321036675 0.7404706421875 0.3158367625 0.7450136109375001 0.3011566921875 0.7488106765625 0.27512755 0.7572016671874999 0.26452431718749997 0.777543534375 0.26116783906249996
4 0.517879496875 0.27697180625 0.550613034375 0.2959489734375 0.567327278125 0.296059103125 0.5745825265625 0.2891258875 0.5795660828125 0.2280748046875 0.556393246875 0.214895040625 0.5586307609375 0.1874843515625 0.5545793328124999 0.1858993921875 0.5302538734375 0.1970832703125 0.5092847890625001 0.1978800640625 0.484586375 0.2033894046875 0.483298075 0.208928334375 0.4713641796875 0.2117169078125 0.46602445000000003 0.2156708765625 0.4625155171875 0.2279268703125 0.4737036078125 0.2445181796875 0.49874110624999995 0.2553416703125 0.517879496875 0.27697180625
11 0.695515490625 0.436337121875 0.7075002375 0.432925578125 0.7125687187499999 0.42205113125000004 0.7214341625 0.35441859062500003 0.7296214328125 0.254120384375 0.72555301875 0.2425001015625 0.5789558515625 0.2355504484375 0.576497940625 0.2554176921875 0.5778653703125001 0.30012641875 0.5673785421875001 0.41835193750000005 0.56931104375 0.42540802187500004 0.57243014375 0.4281711171875 0.6663418421875 0.4352099390625 0.695515490625 0.436337121875
11 0.55549653125 0.72780705625 0.6238622046875 0.730252090625 0.6582738796875 0.7286712421875 0.663918725 0.7209794484375001 0.681853328125 0.6754093421875 0.6908715359375 0.6673657953125 0.7003644 0.663750840625 0.7033139546875 0.6583475187500001 0.7037716281249999 0.6527407859375 0.698465765625 0.6460364609375 0.700906690625 0.6161338890625 0.6885489921875 0.613870896875 0.565836596875 0.6113794265625 0.5508346640624999 0.6722398375 0.5454103156250001 0.7182040265625 0.5458849765625 0.7226326234375 0.55549653125 0.72780705625
11 0.6347538296875 1 0.640153465625 0.9711422656250001 0.6394414265624999 0.9491348984375 0.6322200453125 0.9454098156249999 0.599797078125 0.946525878125 0.5731438265625 0.941841709375 0.5561244671875001 0.9454694015625 0.5320871375 0.9428801296874999 0.523967396875 0.9604038375 0.5207351906250001 1 0.6347538296875 1
11 0.5028436953125001 0.3484905125 0.4998941421875 0.353893834375 0.49477501406249996 0.42684915468750007 0.49774155468750003 0.431481159375 0.517371484375 0.43684626406250004 0.5365267593749999 0.4377827734375 0.5435785937500001 0.433341440625 0.5496300546875 0.3592079828125 0.5467652203125 0.3533300375 0.5394929890625 0.350227925 0.5028436953125001 0.3484905125
11 0.4986414578125 0.871166640625 0.46999331875 0.873845084375 0.46451812031250006 0.92043224375 0.466518459375 0.9369006843750001 0.46968840937499995 0.9390408078125001 0.48957260468749997 0.9412910625 0.5198311437500001 0.939371196875 0.529595153125 0.9119477671875 0.53022226875 0.8837785 0.5241366296875001 0.8763833999999999 0.4986414578125 0.871166640625
11 0.48506257656249996 0.6687522734375 0.48153665781250005 0.670972940625 0.474468040625 0.72683685 0.477807534375 0.737143390625 0.482587884375 0.74004209375 0.5049639609375001 0.7424957562500001 0.516745296875 0.7415760953125 0.5211526953125001 0.7388002609375001 0.5240681765625 0.6825973328125 0.5198472046875 0.672845959375 0.48506257656249996 0.6687522734375
6 0.7909352703125 0.2610067546875 0.7563201859375 0.2650794828125 0.7487089703125 0.2763734890625 0.73989438125 0.343383059375 0.726096028125 0.409985809375 0.7307746749999999 0.41413045156250006 0.747861871875 0.4199151171875 0.7586600234375 0.42079656249999997 0.765966121875 0.413240378125 0.7918507203125 0.280522240625 0.7933254453125 0.26245610468749997 0.7909352703125 0.2610067546875
6 0.6913458859375 0.579607534375 0.6952108906250001 0.5937197000000001 0.7590167109375 0.63153843125 0.7663906484375 0.6333946015625 0.7700182718749999 0.6299279953125 0.7717302765625 0.59871168125 0.7692722625 0.587849971875 0.723723353125 0.5722165421875001 0.6956345921875 0.5680423140624999 0.6913458859375 0.579607534375
6 0.6736325 0.8785527 0.669275953125 0.8807055640625 0.6657161687500001 0.893584528125 0.657426884375 0.9029418187499999 0.6515787296875 0.9438544437499999 0.653867303125 0.9772786874999999 0.6591223125 0.984605984375 0.6672251734375 0.9877758999999999 0.6727174609375 0.98195301875 0.692025084375 0.9195627156249999 0.6915334421875 0.9050987921875 0.6736325 0.8785527
12 0.8815259031249999 0.697979684375 0.851674184375 0.6949157890625 0.83763835 0.7132108125000001 0.8288065671875 0.7087271546875 0.8213647921874999 0.697458625 0.8171608046875001 0.697742578125 0.81548266875 0.71830059375 0.8272809890625 0.727416259375 0.8298915609374999 0.7364090578125 0.82550125 0.7799491703125 0.804447446875 0.79202723125 0.7953275343749999 0.8013167203125 0.782190471875 0.921278759375 0.7738503328124999 0.931259021875 0.7692565109375 0.9465620640625 0.7699345796875 0.9484987765625 0.7808852890625 0.9475113109375 0.7898017890625 0.940713703125 0.8123642906249999 0.930640159375 0.8473861953125 0.92158366875 0.895240459375 0.919218765625 0.9144126140625 0.8994616515624999 0.9428573421875001 0.8992750890625001 0.9647247890624999 0.8772295031249999 0.9747936062500001 0.7538814 0.9536379937499999 0.73647645 0.9346013078125001 0.7136003734374999 0.928159703125 0.710566065625 0.9009524250000001 0.7058366703125001 0.898663953125 0.703141378125 0.8815259031249999 0.697979684375
12 0.8870508234375001 0.3127510890625 0.9132240656249999 0.3199045609375 0.9123595703125 0.33049505625000003 0.8888477531250001 0.33171140781249997 0.8758798234375 0.3369240578125 0.874591521875 0.3424629859375 0.8816603421875 0.3480569796875 0.9151566703125 0.3576895953125 0.9234120875 0.3589906 0.9296332984375001 0.3544814625 0.947229021875 0.3540364265625 0.961807353125 0.349582353125 0.9647399234374999 0.33414370312499997 0.9735038640625 0.32921500625 0.9967277749999999 0.292850384375 0.99960008125 0.0460050359375 0.9758761312500001 0.0440684671875 0.9749437999999999 0.045246604687500004 0.960959021875 0.1243765625 0.9420582187500001 0.1817831046875 0.9173430234375 0.238715021875 0.8813720078125 0.300372225 0.8816941078125 0.30666973125 0.8870508234375001 0.3127510890625