9 1 0.3808400421875 0.9089604124999999 0.2911840296875 0.88222430625 0.2681978328125 0.8714564484375 0.26588235 0.8638909703125 0.2674511109375 0.8410854140625 0.2752811234375 0.8147282703125001 0.2892228296875 0.8019445390625 0.2968353984375 0.7589683421875 0.33262306875 0.7162758796875 0.36028903749999996 0.5946310375 0.3547087703125 0.5857044499999999 0.3474632015625 0.57243263125 0.3212715984375 0.5643393765625 0.3140599703125 0.556795725 0.3150039875 0.5269266781249999 0.3100336015625 0.5209623921875 0.31354448281249997 0.5236449265625 0.35619692812500003 0.5185139734375 0.359741753125 0.5076806390625 0.3593005078125 0.46537706874999996 0.351946753125 0.46173817968749997 0.36055743125 0.478543728125 0.40503637968749995 0.4888790421875 0.4436210796875 0.5096111765625 0.495141946875 0.51509926875 0.5291497703125 0.5331706953124999 0.5373934453125 0.537996090625 0.5425950671875001 0.5378869640625 0.5457187968749999 0.530212359375 0.5504112890624999 0.51951394375 0.569995859375 0.5683472640625 0.6770915468750001 0.576636946875 0.678680459375 0.6193770265625 0.6735392906250001 1 0.6236332906250001 1 0.3808400421875
8 0.5875516875 0.2468111953125 0.5377699421875 0.23852721875 0.532704465625 0.24019780468750002 0.5340874 0.2483873890625 0.5706786609375001 0.3237026984375 0.5863195296875 0.3537446046875 0.5911885781249999 0.3576967328125 0.6177679406250001 0.361281859375 0.622680640625 0.36398449374999997 0.6426806390625 0.3647991015625 0.6486449265625 0.3612882171875 0.6573575843749999 0.361017453125 0.7161667515625 0.36341277031249997 0.7622798515625 0.33338358125 0.8145973156249999 0.29297130625 0.8113294609375 0.2909613 0.7969881890625 0.2953822546875 0.7638989015625001 0.3109266640625 0.7558056484375 0.30371503906249997 0.748240171875 0.3052838 0.7313949359375 0.2858286359375 0.7359326359375 0.2753776609375 0.7401429546875 0.2742978796875 0.7840397859375 0.2360451671875 0.8117798640625 0.2302930453125 0.8127441515625 0.22657851093749998 0.7843413781249999 0.203524428125 0.7836826453125 0.19849251875 0.7756766953125 0.18878190781249998 0.76666280625 0.1840353234375 0.76166280625 0.183831671875 0.7352620109375 0.19902287031250002 0.7222818515625 0.21225815468749998 0.7109643921875 0.20178703125 0.7137481234374999 0.1937671578125 0.7087917734375 0.19231401406249998 0.7036171703125 0.1971083296875 0.7024782796875 0.20582083281250002 0.6964703437499999 0.210581209375 0.6944544703125 0.22050926249999997 0.682613196875 0.2250320453125 0.677613196875 0.2248283921875 0.6727659765625 0.22025151874999999 0.6408195437499999 0.2508577171875 0.5875516875 0.2468111953125
11 0.52457945625 0.3055585515625 0.5170417703125 0.2107806453125 0.50647034375 0.202842446875 0.4883770890625 0.1952235171875 0.4001270953125 0.16535239531249998 0.3934604265625 0.165080859375 0.385720346875 0.1716475890625 0.3838612171875 0.2009767140625 0.383877075 0.2960738890625 0.3891032609375 0.337578665625 0.4129861953125 0.34668468125 0.49263698749999996 0.3599390453125 0.5168036546875 0.3609233609375 0.5246965140625 0.349983409375 0.52457945625 0.3055585515625
11 0.29826769375 0 0.2729524765625 0.2702843015625 0.27448819062499996 0.2741006625 0.286045728125 0.27769957968750003 0.385478265625 0.298016009375 0.38966279375 0.27378667968750003 0.41955963125 0.1824104 0.43295844062500005 0.18107923125 0.45113899531249996 0.1861991765625 0.456204471875 0.184528590625 0.4756648 0.1052399296875 0.472131071875 0.0869525828125 0.4742124234375 0.075150290625 0.4464902046875 0.056503373437500004 0.40710131718750003 0.0373812703125 0.34145676406250003 0 0.29826769375 0
6 0.6130596374999999 0.1377383734375 0.5642064578125 0.17453793906249998 0.5618929578125 0.24076102656249998 0.5676171640625001 0.24412235 0.6208413703125 0.2494183640625 0.617216375 0.20985570937500003 0.6203274890625 0.19246464531250002 0.6197044796875 0.1386346546875 0.61726995625 0.13665859062500002 0.6130596374999999 0.1377383734375
6 0.5839584125 0.3974428875 0.5561092046875 0.40631874218749997 0.557438559375 0.48770544375 0.558886971875 0.4940207890625 0.5638214953125 0.4960986796875 0.5905318125 0.49593532968750004 0.5973730828125 0.491208896875 0.5955159515624999 0.40104180625 0.592313571875 0.3971575609375 0.5839584125 0.3974428875
10 0.7134822187500001 0.4402565390625 0.7009603921875 0.44037215625000004 0.67898816875 0.44823611249999995 0.6738135640625 0.45303042812500005 0.6717758640625 0.4635832265625 0.680636975 0.472703034375 0.6923472921875 0.4719287296875 0.7100655484375 0.4663940484375 0.7211389609375 0.4599630875 0.7208076125 0.4455599859375 0.7134822187500001 0.4402565390625
10 0.6330119875 0.3787949 0.6432302437499999 0.37295474375 0.646210403125 0.359312153125 0.6145219109375 0.35864710624999996 0.6085357984375 0.3627827359375 0.6086925421875 0.38218380625 0.6330119875 0.3787949
1 0.7877877671875 0.48707748124999994 0.7694583984375 0.510105053125 0.760492128125 0.5278832703125 0.7702302203125 0.5357875265625001 0.7997064093749999 0.55200334375 0.8055179171875 0.5528656828125 0.8378135562500001 0.5122635453125 0.8380318109375 0.5060160859375 0.797744115625 0.48873427812500003 0.7877877671875 0.48707748124999994
1 0.6670179093749999 0.599777878125 0.6676329890625 0.6060592796875001 0.701978225 0.6262272249999999 0.7127460812499999 0.6285427078125 0.7247361640625 0.5958724109375 0.6886369609375 0.5781355671874999 0.682869103125 0.576023734375 0.6753254515625 0.57696775 0.6670179093749999 0.599777878125
1 0.6333988796875001 0.463271390625 0.6249782453125 0.46543095624999997 0.622281815625 0.4709518453125 0.6129187203125 0.47620120000000005 0.61838101875 0.487059475 0.6136687171874999 0.50250841875 0.638319509375 0.5135226140625 0.6466310171874999 0.5144867796875 0.659432609375 0.48247516875 0.6596945140625 0.4749782171875 0.6333988796875001 0.463271390625
1 0.6043572015625001 0.5540568671874999 0.603265928125 0.585294171875 0.6196925140625 0.59284521875 0.6296488609375 0.5945020125 0.633091325 0.59151405 0.634291725 0.557153015625 0.6170318046875 0.549568028125 0.6078651390625 0.5491946671875 0.6043572015625001 0.5540568671874999
13 0.568257996875 0.5363200234375001 0.5609107765625 0.5316413234375 0.5167004578125 0.53109189375 0.49911315468749995 0.532878096875 0.479728234375 0.5383448937499999 0.473742121875 0.5424805234375001 0.47440085156249995 0.5475124328125001 0.48258140625 0.5522250750000001 0.5233492640625 0.55576246875 0.5593135499999999 0.5534734953125 0.5696409328125001 0.54450960625 0.568257996875 0.5363200234375001
4 0.30209328125 0.773856165625 0.31316669531249997 0.767425203125 0.30763891718749997 0.7584411640625001 0.31364685468750003 0.753680790625 0.32869050624999996 0.7530422515625 0.34592860000000003 0.7612519859375 0.356740109375 0.762317978125 0.3772639203125 0.748138678125 0.3972420953125 0.7495780296875 0.40318455468750003 0.74669189375 0.409410746875 0.73568405625 0.395680590625 0.722612121875 0.4041667015625 0.7185783203125 0.403442496875 0.715420646875 0.39085519375 0.7174105015625 0.3664444828125 0.6995240984375 0.35572027500000003 0.6959591234375 0.3246250375 0.702200225 0.31631352968750004 0.701236059375 0.312299640625 0.6966931265625 0.289009959375 0.694493259375 0.2804801953125 0.6997765546875 0.25191074687500004 0.7292690312500001 0.24961114218749997 0.747318784375 0.2403353484375 0.750069153125 0.2292182828125 0.75774960625 0.22707145624999997 0.7714261375 0.23031748749999997 0.7740608890625 0.256281775 0.7713646140625 0.30209328125 0.773856165625
12 0.3318512359375 0.6386797750000001 0.3330774265625 0.6274682874999999 0.339085365625 0.6227079109375 0.34825203125000004 0.6230812734375 0.3539325875 0.6276920890625 0.35531552187500004 0.6358816734375 0.36685123750000004 0.6401053359375 0.38018456875 0.6406484078125 0.385315521875 0.6371035828125 0.3728809984375 0.6347202140625 0.359853221875 0.6254306984375 0.3627024296875 0.6155365875000001 0.3786448890625 0.613057753125 0.377942509375 0.609275334375 0.3712758421875 0.6090037984375 0.3683790203125 0.596373109375 0.3734226703125 0.59532726875 0.372698465625 0.5921695953125 0.36184330625 0.5923530968749999 0.35671235156250003 0.595897921875 0.35441274843750004 0.613947675 0.3518472703125 0.6157200875 0.33421631875 0.618755784375 0.33092663437500003 0.6173705234375 0.324936559375 0.597731859375 0.2957262421875 0.5977933828124999 0.2749802109375 0.5944458499999999 0.2770913171875 0.6295674 0.28871433281250003 0.631292078125 0.30016274374999996 0.6380147265625 0.2965893296875 0.644751165625 0.2988929 0.6504757078125001 0.306371075 0.65140593125 0.3131686953125 0.647928990625 0.3231468703125 0.6489610390625 0.3318512359375 0.6386797750000001
2 0.2764187265625 0.40994210000000003 0.19154968125 0.402731546875 0.1921032453125 0.4346614796875 0.2762262625 0.4393391078125 0.27850404375000004 0.42191410156250003 0.2764187265625 0.40994210000000003
2 0.18670045625 0.5176508859375 0.1865734703125 0.54517365625 0.253436565625 0.542266296875 0.259400853125 0.5387554125 0.2853869640625 0.535434390625 0.2834762515625 0.5184644203125 0.21766474531250002 0.5151582625 0.191744109375 0.5166050453125 0.18670045625 0.5176508859375
12 0.3220436640625 0.8716421859375 0.32559921875 0.8893047859375001 0.29816865937500003 0.9100847578125 0.2994737140625 0.94439143125 0.296422621875 0.96006444375 0.321265878125 0.94168163125 0.3441805625 0.9307278890624999 0.346876990625 0.925207 0.36553770625 0.9165825296874999 0.365712309375 0.9115845609375001 0.38706945625 0.8974392046874999 0.39112699375000004 0.90073264375 0.41112699375000006 0.9015472499999999 0.414656759375 0.8960603031250001 0.42827382187499996 0.8884816750000001 0.4234008109375 0.860755253125 0.41596628750000003 0.8585755374999999 0.40987104687500003 0.8658348968749999 0.40162501562499997 0.8629964937500001 0.3960099375 0.8565114390625 0.395722240625 0.8408588453125001 0.4101944640625 0.8326894125000001 0.4095793875 0.8264080093749999 0.4012242265625 0.8266933359375 0.38835319375 0.836804890625 0.38835715937500004 0.8605791843749999 0.3748055703125 0.8662835734375 0.3725019984375 0.8605590328125 0.367523825 0.8597306359375001 0.364430571875 0.8527226609375 0.3555258109375 0.844852346875 0.35164287656250004 0.8365609359375 0.347498034375 0.8357664828125 0.343902796875 0.8431276671875001 0.3370833515625 0.8472293546874999 0.327061525 0.847446796875 0.315878984375 0.8570014890625 0.314871046875 0.8619655171874999 0.3004643 0.8682607109375 0.3019563625 0.8733265640625 0.3171746171875 0.8676900578125 0.3220436640625 0.8716421859375
11 0.2581508 0.932854584375 0.2555595328125 0.9114774484374999 0.228543659375 0.9203872437499999 0.21668056249999998 0.9255347734375 0.2166884921875 0.9730833593750001 0.2283551578125 0.9735585468749999 0.23195039843749998 0.9661973609375 0.25646627187500004 0.9571857390625 0.2670773859375 0.940100153125 0.2671646875 0.9376011671875 0.2621210359375 0.9386470093750001 0.2581508 0.932854584375
11 0.218640890625 0.8455333296875001 0.2591210515625 0.833418128125 0.2591607359375 0.8083943437500001 0.25093653125 0.8049311921875001 0.2514385171875 0.7905620328125 0.2304305796875 0.7947114531249999 0.21773415 0.7998250390625 0.218640890625 0.8455333296875001
7 0.634706409375 0.5452828390625 0.656176646875 0.5517880453124999 0.6745754578125001 0.5506605296875 0.6740040281249999 0.543129634375 0.6444623625 0.52878805625 0.6344405375 0.5290055 0.631525853125 0.5407738484375 0.634706409375 0.5452828390625