9 0.40621769687500003 0 0.3180696890625 0.0159981984375 0.231596003125 0.14800306875 0.2141143390625 0.1789892515625 0.21389317343749997 0.1899861828125 0.2168769578125 0.19703011875 0.22891767968750001 0.2176012296875 0.24763943593749999 0.2403311046875 0.2575554015625 0.25117388125 0.300906521875 0.2854474828125 0.3362252796875 0.321178896875 0.35394114375 0.441016790625 0.3485258375 0.45127075781250003 0.325327753125 0.469809146875 0.319786875 0.479243075 0.322152784375 0.4863991515625 0.3229661890625 0.5165934078125 0.3275524484375 0.5216608453125 0.3689400140625 0.5099351640625 0.3734006984375 0.5141825625 0.37503315625 0.5248430765625 0.37587654062500003 0.567674340625 0.385029071875 0.5693845453125 0.42551763437499995 0.5434939156249999 0.461449921875 0.5251728546875001 0.50810723125 0.49394849374999994 0.5404678406250001 0.481332646875 0.5451197125 0.46194610625 0.5493092625 0.45612875312499995 0.5523986328125 0.45556805625 0.5584717875 0.4620512953125 0.5797506375 0.4683033046875 0.6756423421875 0.3978013890625 0.675622353125 0.3893767171875 0.6624214890625 0.34878824062499997 0.5447898359375001 0 0.40621769687500003 0
8 0.24929926562500002 0.47096529374999996 0.2506549390625 0.5212890515625 0.2532620015625 0.5258728703125 0.2610432171875 0.5227749796875 0.32805039687500004 0.4710006671875 0.35457900468750003 0.449329325 0.3575328078125 0.44373625 0.35598595 0.4170464328125 0.3577040046875 0.41167763749999997 0.354690240625 0.39199669375 0.35010398125000003 0.38692925312500004 0.3481765 0.3784892015625 0.3393146484375 0.3206182 0.3010221015625 0.2820551859375 0.2513466796875 0.2396582671875 0.249995353125 0.24327484375 0.2570730953125 0.256318396875 0.2786530625 0.28527216875 0.2731121828125 0.29470609531249997 0.27609596875000003 0.3017500328125 0.2601967921875 0.32233504375 0.24906506562500003 0.32014121875 0.24720145 0.3162653 0.2012532609375 0.2816202171875 0.19031271875 0.25579245156249997 0.1864799015625 0.2556452484375 0.16924938437499998 0.288271509375 0.1644319671875 0.28998866562500003 0.15641959218749998 0.2998711515625 0.15347578125 0.30967656250000003 0.15422922187500002 0.3145967984375 0.174186728125 0.3371023921875 0.18966355937499998 0.346935915625 0.18153560468750002 0.36021069843750003 0.17312652343749999 0.35920839375 0.172644215625 0.364352909375 0.1783406484375 0.3683760296875 0.18711645937500002 0.3676261171875 0.192938465625 0.3724692765625 0.203075596875 0.3723151234375 0.2097766203125 0.382898559375 0.21053006093749999 0.38781879531249996 0.20695838437499997 0.3935240078125 0.24311618125 0.41814635312500004 0.24929926562500002 0.47096529374999996
11 0.31901779218750004 0.519838503125 0.22735126874999997 0.547432075 0.22156923593750003 0.5594382609374999 0.2175352390625 0.5787126625 0.20502090156250002 0.6711667375 0.2060254890625 0.677727053125 0.2139522640625 0.683873871875 0.24311791875000002 0.6794233562499999 0.3365324765625 0.659097996875 0.376307575 0.6451364765625 0.380698303125 0.6198975203125 0.3785292265625 0.5393795078125 0.37488759374999997 0.5155983640625 0.3626357 0.51023651875 0.31901779218750004 0.519838503125
11 0.213164496875 0.6123762921875 0.13156515156249998 0.6103293562500001 0.114274671875 0.6176815984374999 0.10228391875000001 0.6181721687499999 0.089252946875 0.6491934140625 0.077980003125 0.6916952109375 0.04962210625 0.7760679828125 0.045231375000000004 0.8013069375 0.0480895859375 0.8075308359375001 0.33235161562500004 0.772796021875 0.33580771249999997 0.77048310625 0.337139053125 0.7584418562499999 0.3381349515625 0.6571214999999999 0.3135355703125 0.6582147828125 0.218071859375 0.6485701640625 0.21420906093749997 0.6357859515625 0.2157715609375 0.616960109375 0.213164496875 0.6123762921875
6 0.137288525 0.46938081875000004 0.18275440625 0.509170415625 0.24824905468749997 0.49728363125 0.250459409375 0.4909826578125 0.245512071875 0.43793943906250005 0.20733945 0.4499244625 0.18966225625 0.45060425000000004 0.13690180937500002 0.4627083640625 0.1354249078125 0.4655048984375 0.137288525 0.46938081875000004
6 0.3979557609375 0.44229960156250003 0.411985671875 0.4675666703125 0.491681428125 0.44888834062500005 0.49760902187499995 0.446126865625 0.49870920312499994 0.44087021093749995 0.4934551 0.41485322968749994 0.4875075203125 0.4091900296875 0.3992871015625 0.4302583515625 0.39608215 0.4342113453125 0.3979557609375 0.44229960156250003
10 0.41531315468749996 0.3068250453125 0.4178146328125 0.31901349687499997 0.42972978125 0.33876456875 0.4354262140625 0.3427876890625 0.44618122031249996 0.3425213984375 0.453450146875 0.3319310109375 0.45045636875 0.3206747375 0.441640584375 0.3045753046875 0.43321151406249997 0.29514832812499997 0.41912598437500004 0.2985475734375 0.41531315468749996 0.3068250453125
10 0.3702826515625 0.3984379171875 0.362597028125 0.38971883906250004 0.3486270796875 0.389725790625 0.3540167484375 0.42077514843749997 0.35922088125 0.42573044531250004 0.37824940156250003 0.42143408281249994 0.3702826515625 0.3984379171875
1 0.44713714375 0.2243516953125 0.4732534015625 0.23731122187499998 0.492427484375 0.24225957031249998 0.4983350890625 0.23107342343749998 0.50864341875 0.1988606578125 0.508382278125 0.19300824375 0.4623384953125 0.17018013125 0.45615975625000005 0.1713015265625 0.44686600781249997 0.21428694375 0.44713714375 0.2243516953125
1 0.5808777593750001 0.318074990625 0.586930925 0.31613355625 0.60019305625 0.278327715625 0.6004142234375001 0.2673307859375 0.56603444375 0.262613665625 0.5554949546875 0.30161102500000003 0.5545203484375001 0.307687721875 0.5568862578125 0.314843796875 0.5808777593750001 0.318074990625
1 0.4531933515625 0.3800189296875 0.4569205828125 0.38777076718750003 0.4628581703125 0.3892216296875 0.4698003453125 0.39723280625 0.4794251890625 0.3895861625 0.4954999078125 0.3908828703125 0.5016186859375 0.36448745625 0.5009808234375 0.3561749234375 0.4670933453125 0.3505256234375 0.45967885624999993 0.3518712984375 0.4531933515625 0.3800189296875
1 0.5479136140625 0.38895564843749997 0.578807315625 0.3833486734375 0.583092459375 0.365714353125 0.5828213250000001 0.3556496 0.5792296593749999 0.35293013906250004 0.5452465890625 0.3590978109375 0.54108701875 0.377552171875 0.542468328125 0.38657260781249997 0.5479136140625 0.38895564843749997
13 0.537374125 0.4279530078125 0.5341791687499999 0.43611834062500004 0.542070315625 0.47935615 0.54717885625 0.49612841875 0.5562457890625 0.5138679296875 0.5614499203125 0.5188232296875 0.5662673390624999 0.5171060734374999 0.5693367234375 0.5081207046875 0.5650372421875 0.4676023546875 0.555930334375 0.433013496875 0.545155340625 0.4248551171875 0.537374125 0.4279530078125
4 0.82147234375 0.6368258124999999 0.8130432734375 0.627398834375 0.8052720515624999 0.6347090625 0.7994500437500001 0.629865903125 0.7959539734375001 0.6153294734375 0.8007314171875001 0.5967629718749999 0.7997168343750001 0.58599031875 0.781874090625 0.569000721875 0.7794782015624999 0.5492076359375 0.775509815625 0.54402805625 0.76350906875 0.5403062921874999 0.7532863375 0.5564897515625 0.7477054843750001 0.549074334375 0.7447416875 0.5504550703125 0.7490967875 0.562307103125 0.73618139375 0.5899360515625001 0.73472448125 0.6011572625 0.746785190625 0.6301530453125 0.7474230515625 0.6384655796875001 0.7437258015625 0.643350753125 0.7460061140625001 0.6665361359374999 0.752822715625 0.673727275 0.7872424703124999 0.695293740625 0.8054119640625 0.6936817734375 0.80988264375 0.702141509375 0.8195474609375 0.7113442078125 0.8333918375 0.71051721875 0.8353610390625 0.7067885046875 0.8277610140625 0.68204011875 0.82147234375 0.6368258124999999
12 0.6830085984375 0.6366710375 0.6717612921875 0.6378695078125001 0.665939284375 0.633026346875 0.6645579765625 0.6240059140625001 0.6680040796875 0.6174806609375 0.6757852953125 0.614382771875 0.677734509375 0.60222938125 0.67572533125 0.5891087500000001 0.671264646875 0.584861353125 0.671294628125 0.5974983625 0.6646535671875 0.61218894375 0.6543908640625 0.6115230578124999 0.6489155953125 0.5965030062500001 0.645333925 0.5979958828124999 0.6463385125000001 0.6045561984375001 0.6344833265625 0.6100791453125 0.6324941374999999 0.6053831875 0.629530340625 0.606763925 0.631780671875 0.6173122984375 0.63624135625 0.621559696875 0.65441085 0.61994773125 0.65664119375 0.6220714296875001 0.6629854828124999 0.6386194203125 0.662252028125 0.6421238578125 0.6441025218750001 0.652160496875 0.6497333453125 0.6806375984375 0.6504011859375 0.7015871390624999 0.6844998375 0.692027171875 0.68397755625 0.680322340625 0.6883982671875 0.6677203953124999 0.6956971765625 0.6697670171875 0.7008813218750001 0.6662976453125 0.700369034375 0.65880515 0.6956572015625 0.6529176703124999 0.6947681921875 0.6429650578125 0.6830085984375 0.6366710375
2 0.4688817890625 0.7395885234375 0.47798304687500004 0.823905378125 0.509243475 0.8165461875 0.49779629375 0.733497928125 0.48024467499999995 0.734997753125 0.4688817890625 0.7395885234375
2 0.5917974421875 0.8040917546875 0.6188583265625 0.7983375781250001 0.6032515765625 0.73374368125 0.5986653171875 0.7286762421875 0.59044741875 0.704039996875 0.5741415390625 0.70952788125 0.5834439765625 0.7744231328125 0.589808253125 0.7993957968750001 0.5917974421875 0.8040917546875
12 0.9261155249999999 0.5032089765625 0.9200523640625 0.5009380734375 0.910010825 0.4892752546875 0.8837033828124999 0.4999496671875 0.8829799218750001 0.5076664421875 0.8912734265625 0.5120610453125 0.8900576640625 0.520709996875 0.8847579390625 0.527571665625 0.8694366625000001 0.53119519375 0.858651675 0.518824475 0.852598509375 0.520765909375 0.8544721171875 0.528854165625 0.86685958125 0.539248384375 0.8902132203124999 0.5341670453125 0.8984011375 0.54616628125 0.8932169921875 0.5496356546875 0.893352559375 0.5546680296875001 0.8870582390624999 0.559181721875 0.881025059375 0.5695478296875 0.8736205640625 0.5751058390625 0.8736305578125 0.5793181765625001 0.881547340625 0.5812526609375 0.886877046875 0.5870279984375 0.8890018046874999 0.5967563328125001 0.9005202453125 0.6056226125 0.9055888109374999 0.6055455375000001 0.914520175 0.618252671875 0.9192120203125 0.615715478125 0.91077295625 0.6020761640625001 0.913726759375 0.5964830906249999 0.9303993640625 0.5892429875 0.9560433093749999 0.6115593671874999 0.9894951921875 0.6029596125000001 0.9963576 0.6028000984374999 0.996405821875 0.5945116031250001 0.9826775031249999 0.582283390625 0.9675474109375 0.5622729750000001 0.9616098234375 0.5608221125 0.9495790953125001 0.5444633390625 0.9446361031249999 0.5453604546874999 0.9266677874999999 0.5275508140625 0.9291292906249999 0.5228899234375 0.9261155249999999 0.5032089765625
11 0.995874978125 0.6857557828124999 0.9961577671875 0.6371483390625 0.9914576593750001 0.6354738125 0.9889861609375 0.6359223703125 0.9909753515625 0.6406183265625 0.986042353125 0.645727778125 0.9655369296874999 0.6528206796875 0.9794412671874999 0.6772677078125 0.986760165625 0.6877390046875 0.995874978125 0.6857557828124999
11 0.9077978609375 0.702912896875 0.8881771015625001 0.6660180734375001 0.863587715625 0.6713236921875 0.8617540796875 0.680084784375 0.8475429765625 0.6826639921875 0.8556253093749999 0.7022678625000001 0.863069778125 0.713559196875 0.9077978609375 0.702912896875
7 0.53350698125 0.3612284609375 0.5358029359375001 0.3388981828125 0.5311866953125 0.32119373281249997 0.52389778125 0.32335944687499996 0.5154430750000001 0.3552357953125 0.5175678296874999 0.364964128125 0.5296841578125 0.365293596875 0.53350698125 0.3612284609375