4 0.565625 0.43666666718749997 0.57125 0.4141666671875 0.56875 0.40499999999999997 0.573125 0.3825 0.5650000000000001 0.3741666671875 0.55625 0.3741666671875 0.553125 0.3791666671875 0.5506249999999999 0.3966666671875 0.536875 0.4025 0.52625 0.4258333328125 0.525 0.4325 0.526875 0.4341666671875 0.54875 0.43916666718749997 0.565625 0.43666666718749997
9 0.7375 0.6275000000000001 0.7681250000000001 0.6241666671874999 0.781875 0.6116666671875 0.883125 0.6066666671875 0.89 0.6033333328125 0.890625 0.5983333328125 0.86625 0.5808333328125 0.786875 0.5349999999999999 0.7725 0.53 0.75125 0.53 0.565625 0.5366666671875 0.5599999999999999 0.5408333328125 0.564375 0.5549999999999999 0.56375 0.5658333328125 0.5599999999999999 0.5675 0.46375 0.5666666671875 0.44749999999999995 0.5708333328124999 0.39875 0.5733333328125 0.3875 0.5816666671874999 0.38125 0.6058333328125001 0.381875 0.6158333328125 0.3875 0.6174999999999999 0.729375 0.625 0.7375 0.6275000000000001
9 0.34249999999999997 0.62 0.359375 0.6158333328125 0.365625 0.6041666671875 0.368125 0.5916666671875 0.330625 0.5933333328125 0.319375 0.585 0.31625000000000003 0.5775 0.304375 0.575 0.294375 0.5616666671874999 0.28125 0.5608333328125 0.27625 0.5508333328125 0.26875 0.5475 0.22125 0.5475 0.18125 0.5508333328125 0.138125 0.5608333328125 0.12 0.5708333328124999 0.113125 0.585 0.099375 0.5816666671874999 0.05500000000000001 0.6108333328125 0.0375 0.63 0.04625 0.6333333328124999 0.0675 0.6341666671875 0.34249999999999997 0.62
11 0.2425 0.5316666671875 0.321875 0.5483333328125 0.33125 0.5458333328125 0.3325 0.5291666671875 0.32437499999999997 0.45499999999999996 0.3075 0.4516666671875 0.23562500000000003 0.4525 0.22937500000000002 0.4566666671875 0.22875 0.4641666671875 0.23312499999999997 0.4766666671875 0.23500000000000001 0.5 0.2425 0.5316666671875
11 0.08562499999999999 0.4516666671875 0.093125 0.4483333328125 0.093125 0.4141666671875 0.09125 0.40499999999999997 0.0875 0.40083333281250005 0.021249999999999998 0.4025 0.0225 0.4225 0.026875 0.4325 0.029375000000000002 0.4491666671875 0.08562499999999999 0.4516666671875
11 0.03375 0.5141666671875 0.03125 0.4925 0.0225 0.47416666718749995 0.021875 0.4575 0.0125 0.4491666671875 0.000625 0.45083333281250004 0 0.5475 0.04 0.545 0.04 0.5349999999999999 0.03375 0.5141666671875
11 0.273125 0.44333333281250004 0.275625 0.4408333328125 0.27125 0.4 0.22000000000000003 0.3983333328125 0.213125 0.40083333281250005 0.2125 0.4158333328125 0.21937500000000001 0.4341666671875 0.24312499999999998 0.44166666718750003 0.273125 0.44333333281250004
11 0.50125 0.4325 0.505625 0.4291666671875 0.5037499999999999 0.40416666718750005 0.5 0.3991666671875 0.456875 0.3975 0.44749999999999995 0.40083333281250005 0.44625000000000004 0.41916666718749995 0.45125000000000004 0.4308333328125 0.46125 0.43499999999999994 0.50125 0.4325
11 0.571875 0.5291666671875 0.575 0.4591666671875 0.573125 0.44666666718750003 0.45875000000000005 0.4441666671875 0.45562500000000006 0.44749999999999995 0.45625 0.5291666671875 0.45875000000000005 0.5325 0.50875 0.5341666671875 0.571875 0.5291666671875
6 0.5650000000000001 0.5641666671875 0.56375 0.5508333328125 0.5599999999999999 0.545 0.479375 0.5441666671875 0.471875 0.5549999999999999 0.47125000000000006 0.5616666671874999 0.47562499999999996 0.5658333328125 0.561875 0.5666666671875 0.5650000000000001 0.5641666671875
6 0.375625 0.5375 0.369375 0.5358333328125 0.350625 0.5433333328125001 0.32687499999999997 0.5891666671875 0.328125 0.595 0.36124999999999996 0.5891666671875 0.369375 0.5666666671875 0.375625 0.5375
6 0.08625000000000001 0.5766666671875 0.11187499999999999 0.5616666671874999 0.110625 0.5583333328125 0.088125 0.5516666671875 0.052500000000000005 0.5508333328125 0.03125 0.5508333328125 0.00125 0.5608333328125 0 0.5683333328125 0.00375 0.5708333328124999 0.07062500000000001 0.5775 0.08625000000000001 0.5766666671875
12 0.57875 0.78 0.5806250000000001 0.7933333328125001 0.576875 0.8016666671875001 0.5775 0.82 0.57375 0.8300000000000001 0.5675 0.8341666671875 0.541875 0.8400000000000001 0.515625 0.8550000000000001 0.50875 0.8683333328125 0.510625 0.8841666671875 0.5181250000000001 0.8933333328125 0.5287499999999999 0.89 0.530625 0.8783333328125 0.528125 0.8633333328124999 0.55625 0.8483333328124999 0.5743750000000001 0.8474999999999999 0.5875 0.8616666671875001 0.5856250000000001 0.8875 0.58875 0.9433333328125 0.585 0.9741666671875 0.5900000000000001 0.9841666671875 0.5974999999999999 0.9866666671875001 0.6018749999999999 0.9791666671874999 0.6012500000000001 0.9616666671875 0.60375 0.9516666671875 0.603125 0.9141666671875001 0.6 0.8949999999999999 0.600625 0.8625 0.6068749999999999 0.8558333328125001 0.6224999999999999 0.8566666671875 0.649375 0.8791666671874999 0.6481250000000001 0.9 0.655 0.9166666671874999 0.670625 0.9158333328125 0.6743750000000001 0.9116666671875 0.67625 0.9033333328125 0.675 0.8866666671875001 0.661875 0.8708333328125001 0.634375 0.8491666671875 0.6174999999999999 0.8425 0.608125 0.8324999999999999 0.6056250000000001 0.8233333328124999 0.608125 0.7849999999999999 0.61375 0.7816666671875 0.649375 0.7816666671875 0.683125 0.7725 0.686875 0.74 0.6975 0.7358333328125 0.69875 0.7325 0.7006249999999999 0.7008333328125 0.709375 0.6983333328125 0.71375 0.6883333328125001 0.7212500000000001 0.6849999999999999 0.71875 0.6808333328125 0.71875 0.6633333328125001 0.720625 0.6541666671875 0.728125 0.645 0.72875 0.635 0.723125 0.6283333328125 0.6975 0.6291666671875 0.689375 0.6266666671875 0.684375 0.6191666671875 0.6675 0.625 0.6212500000000001 0.6275000000000001 0.57625 0.6258333328125001 0.55 0.6166666671875001 0.5387500000000001 0.6166666671875001 0.5349999999999999 0.6183333328125 0.526875 0.6341666671875 0.5237499999999999 0.6441666671874999 0.5231250000000001 0.6608333328125 0.51625 0.6791666671875001 0.51875 0.7125 0.529375 0.7316666671875 0.5349999999999999 0.7625 0.57875 0.78
12 0.746875 0.7325 0.775 0.755 0.775 0.7625 0.7618750000000001 0.7691666671874999 0.7681250000000001 0.7683333328125 0.77125 0.7725 0.776875 0.7733333328125 0.780625 0.7791666671875 0.780625 0.7925 0.775 0.8025 0.7825 0.8233333328124999 0.7825 0.8383333328125 0.77125 0.8558333328125001 0.766875 0.8741666671875 0.755625 0.8916666671875 0.755 0.8991666671875 0.7581249999999999 0.9083333328125001 0.77 0.9141666671875001 0.776875 0.9099999999999999 0.783125 0.8908333328125 0.784375 0.8716666671875 0.79125 0.8391666671875001 0.8087500000000001 0.8366666671875 0.81375 0.8383333328125 0.81875 0.8466666671875 0.838125 0.8608333328125 0.85125 0.8758333328125 0.86 0.8949999999999999 0.86 0.9033333328125 0.8550000000000001 0.9133333328125 0.85625 0.9208333328125 0.8625 0.9291666671875 0.875 0.9349999999999999 0.88125 0.9291666671875 0.883125 0.9225 0.8825 0.9008333328125 0.874375 0.8841666671875 0.8543749999999999 0.865 0.835625 0.8408333328125 0.8409375000000001 0.835 0.85125 0.835 0.86 0.8300000000000001 0.85125 0.8108333328124999 0.850625 0.78 0.8543749999999999 0.775 0.8875 0.7625 0.9012499999999999 0.7424999999999999 0.93 0.7241666671875 0.9337500000000001 0.7191666671875 0.9393750000000001 0.6891666671875 0.9556250000000001 0.6566666671875 0.99 0.6258333328125001 0.9949999999999999 0.6191666671875 0.9949999999999999 0.615 0.9862500000000001 0.6133333328125 0.9737500000000001 0.6174999999999999 0.9418749999999999 0.6408333328125 0.8699999999999999 0.6416666671875 0.85375 0.65 0.8481249999999999 0.6625 0.8400000000000001 0.6658333328125 0.8306250000000001 0.6658333328125 0.8106249999999999 0.6491666671874999 0.77125 0.6416666671875 0.75625 0.6341666671875 0.7424999999999999 0.6358333328125 0.7381249999999999 0.6483333328125 0.7262500000000001 0.6583333328125 0.7262500000000001 0.675 0.7224999999999999 0.6858333328125 0.74 0.7116666671874999 0.746875 0.7325
12 0.10625 0.7233333328125 0.12687500000000002 0.735 0.128125 0.7466666671875 0.13187500000000002 0.7525000000000001 0.15687500000000001 0.7641666671875 0.205 0.7658333328125 0.213125 0.7766666671875 0.213125 0.7833333328125 0.209375 0.7883333328125001 0.18875 0.7941666671875 0.160625 0.8116666671875 0.14937499999999998 0.8225 0.138125 0.8466666671875 0.13874999999999998 0.8541666671874999 0.145625 0.8574999999999999 0.1625 0.8550000000000001 0.166875 0.8508333328125 0.16875 0.8425 0.198125 0.8491666671875 0.19375 0.8841666671875 0.19 0.8966666671875 0.190625 0.9066666671875 0.20249999999999999 0.9066666671875 0.20812499999999998 0.9 0.21125 0.8916666671875 0.21125 0.8566666671875 0.22000000000000003 0.8324999999999999 0.221875 0.82 0.24312499999999998 0.7933333328125001 0.2575 0.7916666671875 0.27937500000000004 0.8016666671875001 0.28250000000000003 0.8066666671875 0.28250000000000003 0.8241666671875001 0.28625 0.8308333328125 0.29375 0.8316666671874999 0.30375 0.8241666671875001 0.304375 0.8091666671875 0.2975 0.7983333328125 0.27937500000000004 0.7875 0.2525 0.7791666671875 0.24500000000000002 0.7658333328125 0.246875 0.7575000000000001 0.28312499999999996 0.7175 0.28875 0.7033333328125 0.29562499999999997 0.665 0.2875 0.635 0.268125 0.6358333328125 0.2525 0.65 0.22625 0.6541666671875 0.215 0.6533333328125 0.205 0.6416666671875 0.193125 0.6358333328125 0.16875 0.6408333328125 0.1275 0.6433333328125 0.109375 0.6483333328125 0.08687500000000001 0.6466666671875 0.065625 0.64 0.060625 0.6416666671875 0.06 0.6458333328125 0.08125 0.6691666671875 0.09375 0.6883333328125001 0.10625 0.7233333328125
13 0.73375 0.5583333328125 0.7375 0.5291666671875 0.735 0.5116666671875 0.7268749999999999 0.5083333328124999 0.72 0.5275000000000001 0.7162499999999999 0.5691666671875 0.725625 0.5741666671875 0.73125 0.5691666671875 0.73375 0.5583333328125
9 0.783125 0.5325 0.79625 0.54 0.8125 0.5391666671875 0.8318749999999999 0.5466666671875 0.85 0.5441666671875 0.8675 0.5341666671875 0.884464375 0.5341666671875 0.89125 0.5416666671875 0.883125 0.5841666671875 0.8943749999999999 0.5841666671875 0.89875 0.5483333328125 0.9043749999999999 0.5316666671875 0.898125 0.5233333328125 0.72875 0.45499999999999996 0.68125 0.4583333328125 0.68125 0.4733333328125 0.6900000000000001 0.48333333281249996 0.7675 0.5308333328125 0.783125 0.5325
0 0.66125 0.4725 0.68125 0.4733333328125 0.684375 0.4658333328125 0.6775 0.44166666718750003 0.6625 0.43333333281249997 0.623125 0.45083333281250004 0.621875 0.45499999999999996 0.625 0.4591666671875 0.65 0.46333333281250005 0.66125 0.4725