9 0.39125 0.5925 0.393125 0.6016666671875 0.40812499999999996 0.6041666671875 0.69875 0.6216666671875 0.73875 0.6216666671875 0.743125 0.62 0.74875 0.6083333328125 0.7462500000000001 0.5858333328125 0.735625 0.5666666671875 0.7150000000000001 0.5641666671875 0.7068749999999999 0.5583333328125 0.7056250000000001 0.5425 0.709375 0.5375 0.693125 0.5358333328125 0.6775 0.5166666671875 0.66625 0.515 0.66125 0.5175 0.659375 0.5441666671875 0.65625 0.5516666671875 0.595625 0.55 0.5912499999999999 0.5441666671875 0.588125 0.5158333328125 0.584375 0.505 0.5549999999999999 0.505 0.541875 0.5158333328125 0.54 0.5575 0.5325 0.5683333328125 0.46875 0.5683333328125 0.45187499999999997 0.5516666671875 0.42750000000000005 0.55 0.42312500000000003 0.54 0.428125 0.5358333328125 0.456875 0.5308333328125 0.46312499999999995 0.5241666671874999 0.465 0.5141666671875 0.46125 0.5116666671875 0.416875 0.5116666671875 0.41125 0.5133333328125 0.40750000000000003 0.5275000000000001 0.401875 0.5308333328125 0.38687499999999997 0.5275000000000001 0.384375 0.52 0.375 0.5216666671875 0.339375 0.5758333328125 0.33875 0.5825 0.34249999999999997 0.5858333328125 0.38687499999999997 0.5883333328125 0.39125 0.5925
9 0.26125 0.6258333328125001 0.26937500000000003 0.6258333328125001 0.263125 0.5808333328125 0.32125 0.5583333328125 0.32875 0.5691666671875 0.34562499999999996 0.5558333328125 0.39187500000000003 0.5033333328125 0.41375 0.4691666671875 0.42750000000000005 0.43666666718749997 0.348125 0.43499999999999994 0.265625 0.4925 0.23312499999999997 0.52 0.23374999999999999 0.5291666671875 0.244375 0.5316666671875 0.24625 0.5349999999999999 0.26125 0.6258333328125001
9 0.449375 0.4791666671875 0.44749999999999995 0.4533333328125 0.45187499999999997 0.43499999999999994 0.5325 0.43499999999999994 0.533125 0.4175 0.449375 0.4158333328125 0.436875 0.43 0.43937499999999996 0.5033333328125 0.531875 0.5033333328125 0.531875 0.4808333328125 0.449375 0.4791666671875
9 0.57875 0.4916666671875 0.5825 0.485 0.590625 0.48333333281249996 0.590625 0.4808333328125 0.54 0.4808333328125 0.540625 0.505 0.588125 0.505 0.588125 0.5016666671875 0.57875 0.4916666671875
9 0.590625 0.4166666671875 0.55375 0.4166666671875 0.5525 0.43 0.555625 0.43666666718749997 0.590625 0.43833333281250003 0.590625 0.4166666671875
2 0 0.3541666671875 0.026250000000000002 0.4583333328125 0.03 0.46166666718749994 0.08562499999999999 0.46166666718749994 0.090625 0.4658333328125 0.0975 0.4658333328125 0.100625 0.45499999999999996 0.08375 0.3725 0.080625 0.3533333328125 0.081875 0.3466666671875 0.073125 0.30583333281249997 0.01875 0.30416666718749996 0 0.305 0 0.3541666671875
2 0.26125 0.4583333328125 0.263125 0.43333333281249997 0.2690625 0.4233333328125 0.30375 0.4233333328125 0.290625 0.3025 0.210625 0.3008333328125 0.22125 0.3891666671875 0.22999999999999998 0.45 0.23374999999999999 0.4625 0.26125 0.4583333328125
0 0.469375 0.5741666671875 0.530625 0.5741666671875 0.540625 0.5616666671874999 0.54375 0.545 0.5431250000000001 0.5183333328125 0.5375 0.5075000000000001 0.505 0.5008333328125001 0.47562499999999996 0.5 0.46375 0.5033333328125 0.4575 0.5075000000000001 0.45437500000000003 0.5233333328125 0.42125 0.5283333328125 0.418125 0.5333333328125 0.41875 0.5458333328125 0.4425 0.545 0.458125 0.5675 0.469375 0.5741666671875
11 0.775625 0.4425 0.7787499999999999 0.42083333281249996 0.7837500000000001 0.4091666671875 0.7893749999999999 0.3625 0.711875 0.3591666671875 0.708125 0.4027775 0.704375 0.41166666718749995 0.6637500000000001 0.4125 0.66125 0.42000000000000004 0.659375 0.4583333328125 0.658125 0.49749999999999994 0.6599999999999999 0.5 0.771875 0.49833333281250003 0.775625 0.4425
11 0.9625 0.3825 0.9675 0.3591666671875 0.891875 0.3566666671875 0.8887499999999999 0.3616666671875 0.880625 0.40416666718750005 0.88125 0.4158333328125 0.9574999999999999 0.4158333328125 0.96125 0.41 0.9625 0.3825
11 0.64625 0.4141666671875 0.649375 0.3625 0.584375 0.3616666671875 0.58125 0.3641666671875 0.58 0.3741666671875 0.5756249999999999 0.38166666718750003 0.57375 0.4033333328125 0.5756249999999999 0.4158333328125 0.6431250000000001 0.4158333328125 0.64625 0.4141666671875
3 0.38125 0.5675 0.3875 0.5625 0.39249999999999996 0.5533333328125 0.38875000000000004 0.5425 0.385625 0.5408333328125 0.380625 0.5408333328125 0.3775 0.5458333328125 0.370625 0.5408333328125 0.36312500000000003 0.5408333328125 0.36062500000000003 0.5441666671875 0.35625 0.5575 0.35750000000000004 0.5675 0.359375 0.5650000000000001 0.38125 0.5675
1 0.41 0.5175 0.39875 0.5166666671875 0.39 0.525 0.38937499999999997 0.5291666671875 0.39125 0.53 0.40374999999999994 0.5308333328125 0.41 0.5175
13 0.34875 0.5058333328125 0.34500000000000003 0.46749999999999997 0.33999999999999997 0.45499999999999996 0.33375 0.45583333281250005 0.33187500000000003 0.47583333281250006 0.33625 0.5125 0.34750000000000003 0.5133333328125 0.34875 0.5058333328125
10 0.3975 0.4783333328125 0.3975 0.47416666718749995 0.393125 0.47000000000000003 0.381875 0.475 0.38125 0.48250000000000004 0.385625 0.48666666718749996 0.39375 0.4841666671875 0.3975 0.4783333328125
6 0.64625 0.525 0.65625 0.52 0.653125 0.515 0.60625 0.48250000000000004 0.5856250000000001 0.48333333281249996 0.5775 0.4875 0.5806250000000001 0.495 0.5925 0.5066666671875 0.621875 0.5275000000000001 0.64625 0.525