9 0 0.38100959375 0.07586841718750001 0.3845489828125 0.18066598125 0.38191300781250004 0.19235179687499998 0.3774415296875 0.17909839375 0.35842888125 0.18914495781250001 0.3463559671875 0.2506230671875 0.35006013281250004 0.2775848796875 0.3563345890625 0.28848953437499997 0.346810025 0.34303124375 0.3460100625 0.3491069203125 0.3412768609375 0.3453615609375 0.327724421875 0.3505784875 0.31877062500000003 0.36889100625000004 0.32380546718750003 0.39553719374999996 0.320031915625 0.40372095156250004 0.326266453125 0.41479131875 0.3418328296875 0.42834981406250006 0.34413756875 0.43053021874999997 0.3408948625 0.42780142187500003 0.3365870234375 0.428967896875 0.3307886921875 0.4432996546875 0.3180795828125 0.463634765625 0.31484771562499997 0.5035290921875 0.3167088546875 0.551611125 0.33483799531249997 0.5545766390625 0.3466818390625 0.5196046796875 0.37933072343749996 0.5242811125 0.3828933140625 0.5735256718749999 0.38519065625 0.5838096125 0.38232599375 0.5915199328125 0.37348851562499996 0.6200388015625 0.3764911828125 0.628998453125 0.3744008453125 0.6796185609375 0.3082015890625 0.690830940625 0.2886580984375 0.6865424546875001 0.28093307031250003 0.6788268671875 0.276392590625 0.6475818359375001 0.2757710625 0.6376108859375 0.2819947578125 0.5782401984375001 0.2875860828125 0.511699684375 0.289498496875 0.3529758625 0.2728965828125 0.328667890625 0.2784514296875 0.3223541796875 0.27230413750000004 0.3044322421875 0.26979583281249997 0.16589625 0.2716939609375 0.15008239375000001 0.2801533953125 0.13823876562499998 0.2796008703125 0.12132812500000001 0.272959209375 0.1022805234375 0.27541503437500003 0 0.273060009375 0 0.38100959375
9 0.7756327125 0.359502803125 0.8011900171875 0.3606950953125 0.808204665625 0.3660389828125 0.7905233968750001 0.381100153125 0.7913821453125001 0.38532075 0.835016565625 0.3873563703125 0.8546507390625001 0.3849279109375 0.8648544546875 0.3762067546875 0.9306808671875 0.34165285624999997 0.9716588140625 0.32517019375 0.9817114015625 0.3256391640625 0.9836420296874999 0.2924915546875 0.7190368171875 0.2883017375 0.7092986375 0.29202796875 0.66272635 0.34838278125 0.6660009046875001 0.35355218593750004 0.6727025640625001 0.35553704218750004 0.7401044625 0.36453420625 0.7556881843750001 0.3652612140625 0.7756327125 0.359502803125
6 0.1603150734375 0.345011003125 0.1739590578125 0.366550190625 0.17980459843750002 0.37100343125 0.223752009375 0.37639808124999996 0.2730741578125 0.3778629375 0.2762684921875 0.37717585 0.27618826875 0.371319359375 0.26503768125 0.34989649218749996 0.19171528437500002 0.3439675546875 0.1636645859375 0.34265894375 0.1603150734375 0.345011003125
6 0.6530762906249999 0.3780324390625 0.6810520312499999 0.38686251718750003 0.696868521875 0.3850920640625 0.7403477625 0.38879265625000003 0.753823403125 0.3785519296875 0.7558459953125001 0.3702852171875 0.7535853671875 0.367671434375 0.6746502000000001 0.354791796875 0.6626540249999999 0.3625932234375 0.6556446421875 0.37062729375000003 0.6530762906249999 0.3780324390625
6 0.36281532968749997 0.3285386703125 0.36601492812499997 0.341229540625 0.3893274015625 0.37994192031249996 0.396810221875 0.3869798640625 0.405146525 0.3848604453125 0.4052214828125 0.3773389796875 0.4137129640625 0.3735545859375 0.4146466703125 0.3702537171875 0.3984211703125 0.32267478125000004 0.372085340625 0.3231183828125 0.36281532968749997 0.3285386703125
11 0.173421196875 0.38575556093749996 0.1650073046875 0.38870746562499997 0.1485990625 0.47071658125000004 0.1479783453125 0.47737648125 0.1501613828125 0.4808227515625 0.2712462375 0.48479935156250004 0.277321915625 0.48006615 0.28174451562499997 0.4326143765625 0.28882095625000004 0.3969919046875 0.28515582031250003 0.38929595625 0.2635713796875 0.385780684375 0.173421196875 0.38575556093749996
11 0.4963132703125 0.394130171875 0.45914510625 0.389887890625 0.42945449843750005 0.379305596875 0.419480915625 0.3788403125 0.40935478906249995 0.38672898125 0.40258607187499995 0.41233252499999995 0.396140878125 0.4680510125 0.39723503125000004 0.4764631265625 0.50235085 0.490564134375 0.5117010828125 0.49100033906249996 0.515751534375 0.48784487343749994 0.5212709203125 0.45549419062499996 0.5236656625 0.4029311703125 0.4963132703125 0.394130171875
11 0.722663859375 0.39716485 0.7162751921875 0.398539021875 0.7147181359375 0.40181081093750004 0.718318846875 0.44378413906249997 0.718019021875 0.4738700015625 0.7257372421875 0.48509945937500004 0.8366157484375 0.49110823750000004 0.8430044156250001 0.4897340671875 0.8459633484375001 0.4848554640625 0.8479030859375 0.46404328125000005 0.8456213953124999 0.40791767187500005 0.8405543828125 0.40182853906249993 0.722663859375 0.39716485
11 0.803037765625 0.502083371875 0.7506764625 0.499640628125 0.7427307390625 0.5042865875 0.7410211375 0.51591233125 0.743993234375 0.54447861875 0.799548871875 0.546234278125 0.8060795531249999 0.5097502390625 0.803037765625 0.502083371875
11 0.6208831531250001 0.5420797515625 0.6248402171875 0.49962290156250005 0.5781666421875 0.4966093921875 0.5712348484375 0.503810975 0.56696479375 0.542908796875 0.5728879234375001 0.5465295484375 0.5915108 0.5482344453125 0.6141841265625 0.5467838734375 0.6208831531250001 0.5420797515625
11 0.33515924375 0.5379474203125 0.3808991109375 0.5442617984375 0.38837666406250004 0.5379217828125 0.3953031921875 0.51734224375 0.39085689375 0.5045932109375 0.3862580515625 0.5001981328125 0.3460533671875 0.50166694375 0.33608241875 0.5078906359375 0.331338928125 0.5319164468750001 0.33515924375 0.5379474203125
12 0 0.253408065625 0.0056903296875000006 0.2508423703125 0.0318604484375 0.225307828125 0.045574125 0.2259475953125 0.1004340890625 0.24188461718749998 0.139330284375 0.28132400468749996 0.15304395937499998 0.281963771875 0.16231133749999999 0.26985450625 0.16752036406249998 0.240833771875 0.178738009375 0.2346682375 0.1788129671875 0.227146771875 0.167662378125 0.2057239046875 0.16017429375 0.18530800625 0.1578308109375 0.170148753125 0.1509687078125 0.1564509125 0.11893198281249999 0.1240203875 0.097179196875 0.088725196875 0.117188153125 0.0486894078125 0.1580319828125 0.0873835484375 0.17112494218750002 0.09468321406249999 0.1863180828125 0.09288367812500001 0.18506875312499999 0.08613653906249999 0.17345789375 0.08308655312499999 0.1450087140625 0.0591844625 0.1260675828125 0.0407425796875 0.11499721562500001 0.0251762015625 0.11678440781249999 0.012717973437499999 0.1209124484375 0.0087300171875 0.15340154374999998 0.0027207265625000003 0.15518072968750002 0.001805690625 0.06216072499999999 0.00072330625 0.06722685625 0.0070616015625 0.063965465625 0.0353370890625 0.064834746875 0.0663136 0.062033628125 0.0762162046875 0.0558001390625 0.0759254015625 0.034290653125 0.0648886640625 0.012160454687499999 0.060511825 0 0.19098598125 0 0.253408065625
12 0.6292521203125 0.0291005046875 0.6263681437499999 0.0264576421875 0.616239384375 0.02765733125 0.6065038359375 0.0380725421875 0.5913106953125 0.0398720765625 0.5850745734375 0.0328922953125 0.587169490625 0.0104151390625 0.541665025 0.008292278125 0.5356958984375 0.08577175468750001 0.5265837 0.096216046875 0.521679765625 0.10852887343749999 0.5101464953125 0.10464639843750001 0.48294664843749996 0.0874914484375 0.4796720921875 0.0823220421875 0.4829361171875 0.06073553281250001 0.481841965625 0.0523234203125 0.47848981874999996 0.0479865015625 0.46750494062500003 0.0516545734375 0.4632296203125 0.0773744375 0.4693907859375 0.09187568593749999 0.48762834687499995 0.104431996875 0.5191114140625 0.11593401875 0.52300931875 0.1211325046875 0.5180251609375001 0.12758883906250001 0.47642123124999997 0.13735344375 0.4717605984375 0.1739247234375 0.46373991718749996 0.18609214999999998 0.4573617828125 0.21422223593749998 0.45837834375000003 0.2234668359375 0.465705984375 0.232169753125 0.46454477499999997 0.251346040625 0.469381653125 0.2666216140625 0.4753047828125 0.27024236562500004 0.6349596796875 0.276854434375 0.6369046828125 0.2694202078125 0.6361103578125 0.23092223125000003 0.633378928125 0.2199254140625 0.6258158859375 0.20703098125000002 0.6234697703125 0.1851827484375 0.6143496734375 0.1755601046875 0.6140287828125001 0.1521341390625 0.5855046484375 0.135753515625 0.564776325 0.1297698609375 0.5556562281249999 0.12014721718750002 0.56430025625 0.108008871875 0.591331759375 0.09338390468749999 0.6136868296875 0.0751963484375 0.6238879140625 0.059786212500000005 0.629412565625 0.0408134875 0.6292521203125 0.0291005046875