9 0.81375 0.5933333328125 0.819375 0.5916666671875 0.82125 0.5841666671875 0.7943749999999999 0.5549999999999999 0.77 0.5533333328125 0.760625 0.5466666671875 0.759375 0.5349999999999999 0.7675 0.5283333328125 0.7693749999999999 0.5216666671875 0.728125 0.5183333328125 0.72375 0.5141666671875 0.716875 0.5133333328125 0.713125 0.5158333328125 0.7112499999999999 0.5366666671875 0.703125 0.5433333328125001 0.6475 0.5458333328125 0.641875 0.5441666671875 0.61625 0.5025000000000001 0.595 0.5008333328125001 0.583125 0.5041666671875 0.5900000000000001 0.5175 0.595625 0.545 0.595 0.5700000000000001 0.58375 0.5783333328125 0.545 0.5816666671874999 0.51125 0.5816666671874999 0.49749999999999994 0.5675 0.48624999999999996 0.5616666671874999 0.45 0.5625 0.445625 0.5650000000000001 0.4425 0.5583333328125 0.446875 0.5491666671875 0.4525 0.5433333328125001 0.46687500000000004 0.54 0.479375 0.53 0.48312499999999997 0.5225 0.48312499999999997 0.5083333328124999 0.39249999999999996 0.5116666671875 0.36875 0.5650000000000001 0.359375 0.6008333328125001 0.35875 0.6116666671875 0.361875 0.6141666671875 0.535625 0.6116666671875 0.81375 0.5933333328125
12 0.384375 0.8316666671874999 0.39249999999999996 0.8225 0.434375 0.8675 0.4625 0.8908333328125 0.460625 0.8966666671875 0.4375 0.9083333328125001 0.418125 0.9283333328125 0.41312499999999996 0.9441666671875 0.41312499999999996 0.97 0.41624999999999995 0.9758333328125 0.425 0.9758333328125 0.43 0.9708333328125001 0.428125 0.9358333328124999 0.445 0.9208333328125 0.478125 0.9025000000000001 0.48875 0.905 0.5025000000000001 0.9199999999999999 0.504375 0.9991666671875 0.5125 0.9991666671875 0.50875 0.9191666671875 0.514375 0.915 0.536875 0.9191666671875 0.5743750000000001 0.9199999999999999 0.5825 0.93 0.58375 0.9491666671875001 0.5900000000000001 0.9625 0.6 0.9650000000000001 0.6056250000000001 0.9566666671874999 0.60625 0.9483333328124999 0.6018749999999999 0.9375 0.5925 0.9208333328125 0.57875 0.905 0.5825 0.8949999999999999 0.5862499999999999 0.8675 0.600625 0.8608333328125 0.60625 0.8550000000000001 0.6125 0.825 0.6174999999999999 0.7483333328125 0.6168750000000001 0.7233333328125 0.61375 0.7150000000000001 0.604375 0.7133333328125 0.6 0.7183333328125 0.59375 0.7191666671875 0.55125 0.7075 0.5125 0.6925 0.44749999999999995 0.6775 0.4325 0.6591666671875 0.4225 0.6575 0.4025 0.6849999999999999 0.378125 0.7333333328125 0.36375 0.7333333328125 0.35375 0.7291666671875 0.353125 0.735 0.365 0.7533333328125 0.37687499999999996 0.8291666671875 0.384375 0.8316666671874999
0 0.490625 0.5666666671875 0.50125 0.5791666671875 0.515625 0.5858333328125 0.58375 0.585 0.593125 0.5783333328125 0.5962500000000001 0.5675 0.595625 0.545 0.58125 0.5091666671875 0.571875 0.5008333328125001 0.5543750000000001 0.49749999999999994 0.515 0.49749999999999994 0.5025000000000001 0.5008333328125001 0.47874999999999995 0.5349999999999999 0.45499999999999996 0.5433333328125001 0.44312500000000005 0.5566666671875 0.44625000000000004 0.5633333328125001 0.46312499999999995 0.5666666671875 0.485 0.5641666671875 0.490625 0.5666666671875
9 0.3375 0.5266666671875 0.34125 0.53 0.375625 0.53 0.383125 0.5158333328125 0.39625 0.4766666671875 0.4125 0.41333333281250006 0.323125 0.41333333281250006 0.30125 0.43333333281249997 0.29562499999999997 0.4458333328125 0.288125 0.4483333328125 0.270625 0.465 0.271875 0.47083333281249995 0.26875 0.4783333328125 0.258125 0.4791666671875 0.21812499999999999 0.52 0.215625 0.5241666671874999 0.220625 0.5341666671875 0.3125 0.5258333328125 0.3375 0.5266666671875
13 0.27749999999999997 0.5091666671875 0.27999999999999997 0.5066666671875 0.27999999999999997 0.49749999999999994 0.273125 0.4625 0.265625 0.4491666671875 0.258125 0.4516666671875 0.256875 0.46749999999999997 0.265 0.5066666671875 0.26687500000000003 0.51 0.27749999999999997 0.5091666671875
6 0.686875 0.5216666671875 0.711875 0.51 0.680625 0.4891666671875 0.6325000000000001 0.46333333281250005 0.61375 0.46749999999999997 0.6056250000000001 0.4725 0.6056250000000001 0.4766666671875 0.614375 0.48333333281249996 0.6775 0.5208333328125 0.686875 0.5216666671875
11 0.80625 0.47416666718749995 0.8143750000000001 0.4141666671875 0.820625 0.3858333328125 0.708125 0.3908333328125 0.70375 0.40083333281250005 0.698125 0.4583333328125 0.696875 0.48166666718749995 0.6993750000000001 0.48333333281249996 0.80375 0.4766666671875 0.80625 0.47416666718749995
11 0.750625 0.3641666671875 0.7575000000000001 0.32999999999999996 0.686875 0.3283333328125 0.6837500000000001 0.3333333328125 0.680625 0.3616666671875 0.680625 0.38333333281250004 0.7474999999999999 0.38333333281250004 0.75 0.3808333328125 0.750625 0.3641666671875
11 0.89625 0.3516666671875 0.899375 0.3266666671875 0.8400000000000001 0.325 0.83625 0.3333333328125 0.8275 0.3775 0.8856249999999999 0.3783333328125 0.8887499999999999 0.3758333328125 0.89625 0.3516666671875
11 0.568125 0.33166666718750004 0.565625 0.3333333328125 0.563125 0.35750000000000004 0.56375 0.385 0.6224999999999999 0.38333333281250004 0.630625 0.3333333328125 0.568125 0.33166666718750004
11 0.9793749999999999 0.3741666671875 0.999375 0.37333333281250003 0.999375 0.3241666671875 0.9724999999999999 0.3241666671875 0.9662499999999999 0.3308333328125 0.95375 0.365 0.95375 0.3775 0.965625 0.3708333328125 0.9793749999999999 0.3741666671875
4 0.930625 0.3283333328125 0.9337500000000001 0.3125 0.925 0.3075 0.915 0.3075 0.9081250000000001 0.3116666671875 0.903125 0.31916666718750003 0.8949999999999999 0.3516666671875 0.8949999999999999 0.3641666671875 0.9356249999999999 0.3708333328125 0.9393750000000001 0.335 0.930625 0.3283333328125
4 0.9668749999999999 0.43583333281250003 0.9800000000000001 0.425 0.9800000000000001 0.4183333328125 0.97625 0.41333333281250006 0.9487500000000001 0.4 0.9418749999999999 0.4 0.934375 0.4183333328125 0.931875 0.4258333328125 0.934375 0.43166666718749996 0.9331250000000001 0.43666666718749997 0.9668749999999999 0.43583333281250003
4 0.915 0.40083333281250005 0.913125 0.40416666718750005 0.9106249999999999 0.4183333328125 0.9193749999999999 0.43166666718749996 0.929375 0.40083333281250005 0.915 0.40083333281250005
4 0.9075 0.40083333281250005 0.884375 0.4016666671875 0.885 0.41500000000000004 0.899375 0.4141666671875 0.9081250000000001 0.4033333328125 0.9075 0.40083333281250005
1 0.425625 0.5175 0.40812499999999996 0.5166666671875 0.40062499999999995 0.5266666671875 0.4 0.5316666671875 0.4025 0.5333333328125 0.41937499999999994 0.5333333328125 0.425625 0.5175