4 0.796875 0.4216666671875 0.81125 0.40499999999999997 0.8081250000000001 0.36583333281249997 0.8025 0.34500000000000003 0.7849999999999999 0.3283333328125 0.7731250000000001 0.3241666671875 0.7618750000000001 0.3283333328125 0.75 0.3533333328125 0.73125 0.37666666718749997 0.70875 0.4216666671875 0.7075 0.43166666718749996 0.720625 0.44000000000000006 0.78625 0.44333333281250004 0.796875 0.4216666671875
11 0.275 0.4375 0.275625 0.4566666671875 0.28250000000000003 0.4883333328125 0.280625 0.5091666671875 0.28875 0.5525 0.343125 0.5666666671875 0.38 0.5841666671875 0.39375 0.5875 0.4025 0.5858333328125 0.40499999999999997 0.5791666671875 0.40499999999999997 0.5516666671875 0.40374999999999994 0.525 0.399375 0.5066666671875 0.3975 0.4533333328125 0.390625 0.4491666671875 0.34875 0.4458333328125 0.335 0.4408333328125 0.32999999999999996 0.4325 0.32937500000000003 0.375 0.32687499999999997 0.37 0.265625 0.3691666671875 0.25625 0.3741666671875 0.260625 0.41500000000000004 0.26375000000000004 0.425 0.270625 0.42750000000000005 0.275 0.4375
11 0.065625 0.5341666671875 0.05625 0.47750000000000004 0.048125 0.4441666671875 0.040625 0.43833333281250003 0.000625 0.43583333281250003 0 0.5466666671875 0.063125 0.5491666671875 0.065625 0.5458333328125 0.065625 0.5341666671875
11 0.11687499999999999 0.43166666718749996 0.12125 0.42833333281249997 0.121875 0.4016666671875 0.118125 0.37333333281250003 0.058750000000000004 0.3716666671875 0.05375 0.3741666671875 0.05375 0.39 0.059375 0.4266666671875 0.08499999999999999 0.43166666718749996 0.11687499999999999 0.43166666718749996
11 0.5743750000000001 0.42833333281249997 0.58375 0.43916666718749997 0.5856250000000001 0.465 0.583125 0.5716666671875 0.5862499999999999 0.5841666671875 0.591875 0.5866666671874999 0.73625 0.5900000000000001 0.77125 0.5900000000000001 0.779375 0.585 0.776875 0.5566666671875 0.78125 0.4641666671875 0.7837500000000001 0.4525 0.7825 0.44166666718750003 0.770625 0.43916666718749997 0.666268125 0.44000000000000006 0.660625 0.43583333281250003 0.6625 0.4258333328125 0.6681250000000001 0.4166666671875 0.675 0.4125 0.671875 0.41166666718749995 0.665625 0.4016666671875 0.665625 0.36583333281249997 0.57875 0.365 0.57375 0.36583333281249997 0.5725 0.3708333328125 0.571875 0.3825 0.56875 0.3875 0.5700000000000001 0.41333333281250006 0.5743750000000001 0.42833333281249997
12 0.68625 0.8441666671875 0.7025 0.9633333328125 0.7068749999999999 0.97 0.759375 0.9991666671875 0.999375 0.9983333328124999 0.999375 0.7775000000000001 0.9731249999999999 0.7766666671875 0.960625 0.8058333328125 0.9243750000000001 0.805 0.871875 0.795 0.82125 0.7808333328125 0.778125 0.7641666671875 0.7375 0.7424999999999999 0.723125 0.7424999999999999 0.718125 0.7458333328125 0.711875 0.7775000000000001 0.70375 0.7733333328125 0.6993750000000001 0.755 0.6975 0.7258333328125001 0.681875 0.7241666671875 0.6756249999999999 0.7383333328125 0.67625 0.7958333328125 0.6799999999999999 0.8066666671875 0.683125 0.8383333328125 0.68625 0.8441666671875
12 0.128125 0.7858333328125 0.135 0.7966666671875 0.150625 0.8083333328125001 0.1525 0.8283333328125 0.155 0.8316666671874999 0.16875 0.8441666671875 0.18625 0.8533333328125 0.2325 0.865 0.248125 0.8808333328125 0.248125 0.8883333328124999 0.240625 0.8966666671875 0.22125 0.9 0.2 0.9083333328125001 0.175625 0.9241666671875001 0.16125 0.9516666671875 0.16 0.9666666671874999 0.1625 0.97 0.18062499999999998 0.9708333328125001 0.18812500000000001 0.9608333328124999 0.22749999999999998 0.9724999999999999 0.225 0.9991666671875 0.231875 0.9991666671875 0.23374999999999999 0.9891666671875001 0.24312499999999998 0.9758333328125 0.246875 0.9558333328125 0.255625 0.945 0.26187499999999997 0.9308333328125 0.280625 0.9108333328124999 0.29312499999999997 0.9091666671875 0.3075 0.9166666671874999 0.33187500000000003 0.9441666671875 0.32625000000000004 0.9683333328125 0.32999999999999996 0.9791666671874999 0.34375 0.9816666671875 0.350625 0.9766666671875001 0.35375 0.9675 0.351875 0.95 0.356875 0.7458333328125 0.34625 0.7333333328125 0.325 0.7233333328125 0.325 0.7191666671875 0.33375 0.7058333328125 0.08937500000000001 0.6758333328125 0.083125 0.6783333328125 0.084375 0.6866666671874999 0.11499999999999999 0.73 0.123125 0.7516666671875 0.128125 0.7858333328125
6 0.441875 0.6425 0.4575 0.5991666671875 0.46187500000000004 0.5741666671875 0.458125 0.5716666671875 0.445625 0.5725 0.426875 0.5783333328125 0.39437500000000003 0.6491666671874999 0.39375 0.6533333328125 0.399375 0.6575 0.441875 0.6533333328125 0.441875 0.6425
9 0.15375 0.6758333328125 0.42625 0.6950000000000001 0.44000000000000006 0.6908333328125 0.4525 0.6641666671875 0.4525 0.6575 0.445 0.6541666671875 0.43125 0.6583333328125 0.396875 0.6558333328125 0.395 0.65 0.40062499999999995 0.6316666671875 0.416875 0.5916666671875 0.379375 0.5916666671875 0.366875 0.6033333328125 0.338125 0.5974999999999999 0.33375 0.5900000000000001 0.33375 0.5841666671875 0.316875 0.575 0.24312499999999998 0.5716666671875 0.184375 0.5725 0.1575 0.5883333328125 0.14750000000000002 0.5974999999999999 0.13999999999999999 0.6133333328125 0.109375 0.6208333328125 0.09125 0.6383333328125 0.073125 0.6483333328125 0.061875 0.6591666671875 0.061250000000000006 0.6633333328125001 0.065 0.665 0.11875 0.6691666671875 0.15375 0.6758333328125
9 0.999375 0.6108333328125 0.9 0.605 0.8925000000000001 0.6075 0.8943749999999999 0.6133333328125 0.984375 0.7166666671875 0.999375 0.7266666671875 0.999375 0.6108333328125
9 0.961875 0.7433333328125 0.9806250000000001 0.74 0.9793749999999999 0.735 0.96125 0.7183333328125 0.938125 0.6908333328125 0.878125 0.6083333328125 0.8675 0.605 0.774375 0.6016666671875 0.73875 0.5974999999999999 0.7068749999999999 0.5983333328125 0.7056250000000001 0.6016666671875 0.70375 0.5991666671875 0.70625 0.6033333328125 0.716875 0.6066666671875 0.746875 0.6091666671875 0.755625 0.6166666671875001 0.7625 0.6416666671875 0.7625 0.6508333328125 0.753125 0.6599999999999999 0.73875 0.6633333328125001 0.660625 0.665 0.58875 0.6583333328125 0.5806250000000001 0.6541666671875 0.578125 0.6425 0.5743750000000001 0.6391666671875 0.49375 0.635 0.48687500000000006 0.64 0.484375 0.6508333328125 0.475 0.67 0.469375 0.6933333328125 0.46875 0.6975 0.475 0.7016666671875 0.54 0.7083333328125 0.961875 0.7433333328125
9 0 0.6625 0.026250000000000002 0.6625 0.044375 0.6558333328125 0.075625 0.6341666671875 0.095 0.6258333328125001 0.109375 0.6066666671875 0.104375 0.6008333328125001 0.06999999999999999 0.5908333328125 0.041875 0.585 0.02375 0.585 0.015625 0.5891666671875 0 0.5900000000000001 0 0.6625
6 0.11125 0.5966666671875 0.12875 0.5841666671875 0.118125 0.5700000000000001 0.064375 0.5583333328125 0.05125 0.5591666671875 0.03125 0.5716666671875 0.030625000000000003 0.5775 0.036875000000000005 0.5816666671874999 0.08875 0.5966666671875 0.11125 0.5966666671875
6 0.7618750000000001 0.65 0.755 0.6108333328125 0.7115625 0.6066666671875 0.68125 0.5883333328125 0.6643749999999999 0.5883333328125 0.663125 0.5941666671875 0.658125 0.5974999999999999 0.60875 0.595 0.604375 0.6183333328125 0.603125 0.63 0.609375 0.635 0.7525000000000001 0.6525000000000001 0.7618750000000001 0.65