9 0.37312500000000004 0.5041666671875 0.40374999999999994 0.5241666671874999 0.440625 0.5591666671875 0.6075 0.6908333328125 0.615625 0.6891666671875 0.623125 0.6833333328125 0.630625 0.67 0.64125 0.6591666671875 0.645 0.645 0.6693749999999999 0.6183333328125 0.67125 0.6083333328125 0.6793750000000001 0.6008333328125001 0.685625 0.585 0.708125 0.5575 0.70625 0.545 0.703125 0.5408333328125 0.671875 0.5183333328125 0.6643749999999999 0.5083333328124999 0.66125 0.4916666671875 0.6575 0.48666666718749996 0.58 0.45 0.5349999999999999 0.4325 0.52 0.4216666671875 0.476875 0.40833333281249995 0.4425 0.39249999999999996 0.426875 0.3908333328125 0.39187500000000003 0.4 0.379375 0.4066666671875 0.323125 0.42416666718749996 0.30874999999999997 0.43499999999999994 0.306875 0.4441666671875 0.31 0.4483333328125 0.366875 0.49583333281249997 0.37312500000000004 0.5041666671875
12 0.17625 0.6375 0.20187499999999997 0.6533333328125 0.26875 0.7758333328125 0.26625 0.7833333328125 0.27 0.7883333328125001 0.27749999999999997 0.7908333328125 0.28500000000000003 0.7825 0.320625 0.8108333328124999 0.301875 0.8558333328125001 0.301875 0.8791666671874999 0.296875 0.8908333328125 0.29874999999999996 0.9058333328125 0.3075 0.9066666671875 0.318125 0.8975 0.31875 0.8808333328125 0.308125 0.8675 0.349375 0.7766666671875 0.359375 0.7758333328125 0.36625 0.7675 0.371875 0.7675 0.374375 0.775 0.393125 0.795 0.40374999999999994 0.8125 0.4 0.8291666671875 0.40062499999999995 0.8400000000000001 0.41125 0.8441666671875 0.41875 0.8375 0.4225 0.8266666671875 0.42125 0.8141666671875001 0.415625 0.8041666671875 0.405625 0.795 0.41624999999999995 0.7816666671875 0.41624999999999995 0.7741666671874999 0.395625 0.7408333328125 0.393125 0.7308333328125001 0.40499999999999997 0.7216666671875 0.41187500000000005 0.7216666671875 0.418125 0.7333333328125 0.425 0.735 0.43125 0.725 0.43125 0.7091666671875 0.42625 0.7041666671875 0.41375 0.705 0.40437500000000004 0.7116666671874999 0.4 0.7066666671874999 0.429375 0.6458333328125 0.438125 0.6116666671875 0.4375 0.6058333328125001 0.43562500000000004 0.6016666671875 0.426875 0.5974999999999999 0.34750000000000003 0.5791666671875 0.335 0.5808333328125 0.330625 0.5766666671875 0.33187500000000003 0.5675 0.328125 0.5283333328125 0.31875 0.49000000000000005 0.31437499999999996 0.4583333328125 0.301875 0.43833333281250003 0.294375 0.43333333281249997 0.27875 0.43666666718749997 0.179375 0.495 0.140625 0.5216666671875 0.13999999999999999 0.53 0.161875 0.5650000000000001 0.184375 0.61 0.17625 0.6375
12 0.42312500000000003 0.34750000000000003 0.41875 0.3225 0.41187500000000005 0.30416666718749996 0.36312500000000003 0.3125 0.36875 0.3525 0.371875 0.3566666671875 0.38687499999999997 0.3591666671875 0.42312500000000003 0.34750000000000003
12 0.50125 0.3291666671875 0.503125 0.32166666718750003 0.509375 0.3166666671875 0.5275000000000001 0.3175 0.5225 0.3091666671875 0.51375 0.31 0.501875 0.305 0.49625 0.2816666671875 0.453125 0.2875 0.456875 0.3233333328125 0.4625 0.3233333328125 0.47562499999999996 0.3325 0.50125 0.3291666671875
0 0.733125 0.5716666671875 0.734375 0.5783333328125 0.7375 0.5808333328125 0.76125 0.58 0.7787499999999999 0.5625 0.8125 0.5375 0.8237500000000001 0.5166666671875 0.8237500000000001 0.505 0.8143750000000001 0.4891666671875 0.775625 0.4641666671875 0.746875 0.4533333328125 0.72 0.45416666718750004 0.68875 0.46666666718750005 0.66625 0.4841666671875 0.660625 0.4966666671875 0.6599999999999999 0.5066666671875 0.6681250000000001 0.52 0.721875 0.5591666671875 0.733125 0.5716666671875
8 0.921875 0.5266666671875 0.9324999999999999 0.5258333328125 0.930625 0.5166666671875 0.9037499999999999 0.5041666671875 0.875 0.5041666671875 0.86625 0.49583333281249997 0.8637499999999999 0.49000000000000005 0.866875 0.4858333328125 0.8862500000000001 0.4766666671875 0.89875 0.47583333281250006 0.909375 0.4791666671875 0.909375 0.47083333281249995 0.84375 0.4491666671875 0.836875 0.43916666718749997 0.821875 0.38416666718750003 0.8175000000000001 0.385 0.81125 0.40750000000000003 0.81125 0.41916666718749995 0.835 0.5 0.921875 0.5266666671875
11 0.663125 0.24666666718750002 0.618125 0.24666666718750002 0.614375 0.2483333328125 0.61375 0.2533333328125 0.610625 0.2975 0.655625 0.2958333328125 0.6587500000000001 0.29333333281249996 0.663125 0.24666666718750002
11 0.5912499999999999 0.2975 0.595 0.2541666671875 0.5543750000000001 0.2575 0.551875 0.2816666671875 0.5506249999999999 0.32 0.571875 0.3158333328125 0.5862499999999999 0.3091666671875 0.5912499999999999 0.2975
11 0.8699999999999999 0.36 0.883125 0.2725 0.87625 0.2766666671875 0.8706250000000001 0.28500000000000003 0.858125 0.3408333328125 0.8568749999999999 0.3633333328125 0.86 0.365 0.8631249999999999 0.3608333328125 0.8699999999999999 0.36
11 0.7025 0.2733333328125 0.7075 0.2391666671875 0.6875 0.2408333328125 0.6849999999999999 0.24500000000000002 0.680625 0.28250000000000003 0.6875 0.2841666671875 0.6993750000000001 0.2808333328125 0.7025 0.2733333328125
11 0.7318749999999999 0.2816666671875 0.7318749999999999 0.2708333328125 0.7418750000000001 0.2366666671875 0.7262500000000001 0.2366666671875 0.71875 0.2633333328125 0.7175 0.2733333328125 0.72375 0.2766666671875 0.725625 0.2816666671875 0.7318749999999999 0.2816666671875
11 0.91625 0.25916666718750003 0.91625 0.2483333328125 0.91375 0.2541666671875 0.9081250000000001 0.25666666718750003 0.900625 0.2716666671875 0.896875 0.2816666671875 0.898125 0.29333333281249996 0.905 0.2875 0.91625 0.25916666718750003
10 0.49812500000000004 0.4325 0.49124999999999996 0.43499999999999994 0.49124999999999996 0.4516666671875 0.5075000000000001 0.45083333281250004 0.505625 0.43666666718749997 0.49812500000000004 0.4325
13 0.47437500000000005 0.3325 0.469375 0.3083333328125 0.465 0.3083333328125 0.4625 0.315 0.46375 0.3516666671875 0.46687500000000004 0.35583333281249996 0.4725 0.3516666671875 0.47437500000000005 0.3325
1 0.87625 0.5533333328125 0.88375 0.5408333328125 0.8825 0.5366666671875 0.8525 0.5233333328125 0.845 0.5208333328125 0.8387499999999999 0.5233333328125 0.83375 0.5316666671875 0.834375 0.5366666671875 0.8712500000000001 0.5533333328125 0.87625 0.5533333328125