4 0.6637500000000001 0.5349999999999999 0.6675 0.5391666671875 0.6837500000000001 0.5425 0.6925 0.5533333328125 0.7006249999999999 0.545 0.7275 0.5466666671875 0.734375 0.5349999999999999 0.7318749999999999 0.525 0.7056250000000001 0.5075000000000001 0.69375 0.4875 0.6875 0.47083333281249995 0.686875 0.45999999999999996 0.6912499999999999 0.44000000000000006 0.685625 0.42833333281249997 0.666875 0.42750000000000005 0.66125 0.44666666718750003 0.649375 0.45999999999999996 0.6425 0.4841666671875 0.645 0.5033333328125 0.6487499999999999 0.5108333328125 0.65625 0.5141666671875 0.6637500000000001 0.5349999999999999
12 0.351875 0.7241666671875 0.35875 0.7308333328125001 0.383125 0.8708333328125001 0.36625 0.8908333328125 0.36062500000000003 0.9066666671875 0.36124999999999996 0.9241666671875001 0.370625 0.9283333328125 0.375625 0.9266666671875001 0.38 0.9183333328125001 0.37875000000000003 0.8941666671874999 0.38937499999999997 0.8800000000000001 0.40499999999999997 0.8658333328125 0.42125 0.8616666671875001 0.428125 0.8675 0.43375 0.8800000000000001 0.44000000000000006 0.9416666671874999 0.446875 0.9491666671875001 0.456875 0.9466666671875 0.46125 0.9324999999999999 0.45062499999999994 0.915 0.44312500000000005 0.8800000000000001 0.44312500000000005 0.8541666671874999 0.45187499999999997 0.8483333328124999 0.473125 0.8491666671875 0.478125 0.8533333328125 0.478125 0.8658333328125 0.48562500000000003 0.8733333328124999 0.49000000000000005 0.8733333328124999 0.49812500000000004 0.8633333328124999 0.499375 0.8466666671875 0.480625 0.8366666671875 0.44749999999999995 0.835 0.44125 0.8291666671875 0.44125 0.8241666671875001 0.456875 0.8175000000000001 0.47000000000000003 0.8008333328124999 0.47750000000000004 0.7858333328125 0.48875 0.7441666671875 0.4875 0.7075 0.47874999999999995 0.7016666671875 0.45892875 0.7016666671875 0.453125 0.6975 0.45437500000000003 0.6883333328125001 0.460625 0.6775 0.459375 0.6666666671875 0.456875 0.6675 0.45499999999999996 0.6799999999999999 0.448125 0.6825 0.438125 0.7016666671875 0.41125 0.7033333328125 0.403125 0.7075 0.39187500000000003 0.6841666671875 0.399375 0.6725 0.396875 0.6441666671874999 0.38937499999999997 0.6208333328125 0.38 0.6016666671875 0.374375 0.5966666671875 0.370625 0.5974999999999999 0.330625 0.6433333328125 0.32875 0.6483333328125 0.32999999999999996 0.6575 0.34625 0.6925 0.351875 0.7241666671875
12 0.2653125 0.5650000000000001 0.270625 0.5716666671875 0.256875 0.5883333328125 0.25375000000000003 0.5974999999999999 0.255625 0.6058333328125001 0.2725 0.61 0.30625 0.6058333328125001 0.319375 0.5958333328125 0.330625 0.58 0.33125 0.575 0.32437499999999997 0.5691666671875 0.28250000000000003 0.5625 0.27625 0.5545833328125 0.275 0.5391666671875 0.26875 0.52 0.26 0.5083333328124999 0.248125 0.51 0.228125 0.5208333328125 0.22562500000000002 0.5258333328125 0.2375 0.5458333328125 0.244375 0.5658333328125 0.2653125 0.5650000000000001
12 0.7375 0.6325000000000001 0.740625 0.6291666671875 0.745 0.6066666671875 0.74125 0.5974999999999999 0.7 0.58 0.6956249999999999 0.585 0.69625 0.5974999999999999 0.7106250000000001 0.6275000000000001 0.728125 0.6325000000000001 0.7375 0.6325000000000001
9 0.36062500000000003 0.6108333328125 0.37687499999999996 0.5983333328125 0.39 0.625 0.393125 0.6366666671875 0.39875 0.6433333328125 0.399375 0.6591666671875 0.40125 0.6608333328125 0.5862499999999999 0.6691666671875 0.588125 0.6616666671875 0.595625 0.6591666671875 0.596875 0.65 0.6025 0.6458333328125 0.6025 0.6341666671875 0.596875 0.6108333328125 0.5862499999999999 0.5816666671874999 0.57125 0.5725 0.5175 0.5683333328125 0.5010712500000001 0.5708333328124999 0.35875 0.5683333328125 0.321875 0.6 0.3025 0.6258333328125001 0.30375 0.6358333328125 0.33999999999999997 0.6375 0.36062500000000003 0.6108333328125
0 0.635625 0.5491666671875 0.63875 0.5525 0.645 0.55 0.645625 0.545 0.653125 0.5416666671875 0.655625 0.5358333328125 0.655 0.5258333328125 0.6481250000000001 0.515 0.626875 0.5083333328124999 0.6 0.515 0.583125 0.5275000000000001 0.583125 0.5341666671875 0.593125 0.5408333328125 0.626875 0.55 0.635625 0.5491666671875
11 0.436875 0.46333333281250005 0.44437499999999996 0.46166666718749994 0.445 0.43833333281250003 0.4425 0.42750000000000005 0.414375 0.4325 0.4175 0.4691666671875 0.42437500000000006 0.4683333328125 0.43499999999999994 0.4608333328125 0.436875 0.46333333281250005
11 0.40812499999999996 0.48666666718749996 0.41125 0.47083333281249995 0.41125 0.4425 0.405625 0.44166666718750003 0.395 0.45083333281250004 0.39437500000000003 0.49083333281249997 0.395 0.495 0.3975 0.495 0.40812499999999996 0.48666666718749996
11 0.5900000000000001 0.47750000000000004 0.594375 0.4641666671875 0.594375 0.45583333281250005 0.5862499999999999 0.43583333281250003 0.5856250000000001 0.42083333281249996 0.5743750000000001 0.41 0.57375 0.4308333328125 0.58125 0.445 0.583125 0.4641666671875 0.5900000000000001 0.47750000000000004
11 0.45999999999999996 0.4166666671875 0.4575 0.41500000000000004 0.45062499999999994 0.4183333328125 0.45062499999999994 0.44749999999999995 0.45499999999999996 0.4491666671875 0.460625 0.43583333281250003 0.45999999999999996 0.4166666671875
11 0.46749999999999997 0.41166666718749995 0.465 0.4216666671875 0.46375 0.43666666718749997 0.473125 0.43666666718749997 0.47375 0.4108333328125 0.46749999999999997 0.41166666718749995
13 0.5856250000000001 0.5549999999999999 0.579375 0.5291666671875 0.576875 0.5308333328125 0.5725 0.5650000000000001 0.5725 0.5891666671875 0.583125 0.5908333328125 0.5862499999999999 0.5716666671875 0.5856250000000001 0.5549999999999999