4 0.5328630125 0.262488884375 0.51924225625 0.26778783906250003 0.5192690609375 0.2868471359375 0.50756884375 0.2956494140625 0.5180879046875 0.303159790625 0.5169677484374999 0.323928953125 0.5245889046875 0.33348574375 0.5356509453125 0.3379129359375 0.53812786875 0.347862721875 0.5527527953125 0.3560733296875 0.5660001671875 0.3576974296875 0.5873982703125 0.3562654828125 0.6159429375000001 0.338267928125 0.623550690625 0.3382950671875 0.62528823125 0.328428875 0.6212299609375 0.3226555015625 0.6141651890625 0.31954517656250003 0.6057362625 0.319377990625 0.596655759375 0.3229106265625 0.5551359 0.299315578125 0.5421741109375 0.267252621875 0.5328630125 0.262488884375
4 0.5691111421875 0.5849792203125 0.5875027453125 0.586210321875 0.595653478125 0.5831542765625 0.5954228828125 0.5748579 0.583756859375 0.5690573890625 0.577078878125 0.5685536578125 0.5691111421875 0.5849792203125
11 0.5219308734375 0.58391965 0.5115338125 0.5853222828125 0.5000507875 0.5928912875 0.5004375765625 0.59549788125 0.5134677546875 0.5983552546875 0.5473530546875 0.60286386875 0.5555513859375 0.5947346796875 0.5564201546875001 0.589801584375 0.5219308734375 0.58391965
11 0.5568009296875001 0.549216440625 0.5571877187500001 0.5518230359375 0.5620061625 0.5532799484375001 0.5874625359375 0.557621375 0.59062523125 0.5492685484375001 0.5692747234375 0.5456273515625 0.5589862578125 0.5464133484375 0.5568009296875001 0.549216440625
11 0.5922629374999999 0.42950307812500005 0.6070440578125 0.4320239078125 0.615086196875 0.4295844984375 0.6124530796875 0.4253244921875 0.5871053015625 0.420366428125 0.5840988 0.423029475 0.5922629374999999 0.42950307812500005
11 0.59860636875 0.542372634375 0.6002963125 0.537579584375 0.5746227453125 0.5344714296874999 0.5726070140624999 0.54111439375 0.5908900203125 0.54296213125 0.59860636875 0.542372634375
11 0.550851675 0.4052913921875 0.5644382359375 0.41459522812499994 0.581248490625 0.4200027421875 0.5817914734375 0.41691955781249995 0.575269684375 0.410726046875 0.5599931781249999 0.40621526093749993 0.556986678125 0.408878309375 0.550851675 0.4052913921875
11 0.600705265625 0.4391999140625 0.61991804375 0.44057106093750004 0.6206782171875 0.4362546015625 0.599714496875 0.4352199984375 0.600705265625 0.4391999140625
11 0.530407396875 0.57901369375 0.566104640625 0.5876422671875 0.5766310890625 0.5614905578125 0.5422504046875 0.5549919875 0.530407396875 0.57901369375
9 0.4612217796875 0.3811133640625 0.41341072656250005 0.359621178125 0.40202289531249996 0.3570438953125 0.39780843125 0.35696030156249997 0.37079751562499996 0.3758545859375 0.339135003125 0.550839475 0.34116413749999996 0.5537261609375 0.35326454687500003 0.5570601265625 0.3560062578125 0.560703496875 0.3647133765625 0.5640939140625 0.3939156359375 0.5855882734375 0.3808512625 0.597333690625 0.34623259375000004 0.6162008359375 0.340368396875 0.6494992374999999 0.34557362812500003 0.6535627468749999 0.3542197484375 0.6524966578125 0.40360613437500004 0.62662069375 0.420172390625 0.6142021859375 0.44897720625000004 0.46985265312499996 0.4538908453125 0.4611632796875 0.460695765625 0.4129174546875 0.467661778125 0.4069828078125 0.481621725 0.4093635921875 0.4871393453125 0.4020475390625 0.4845062265625 0.3977875328125 0.47037668593750004 0.39156688125 0.4612217796875 0.3811133640625
13 0.44716663749999996 0.3888788671875 0.4450423109375 0.396138465625 0.447675425 0.400398471875 0.47734626249999995 0.4048234921875 0.4926703640625 0.4042611359375 0.49364773125 0.3987114015625 0.48187311250000003 0.3935275265625 0.44716663749999996 0.3888788671875
12 0.3144535796875 0.4748574125 0.31481356250000003 0.45840471093749996 0.27872953125 0.44716954218750005 0.24315428749999998 0.4474539796875 0.21656435468750002 0.4543520671875 0.21050375312499997 0.4647513046875 0.19699159375 0.46943362187500004 0.1940460921875 0.476553175 0.1895058421875 0.47831949375000005 0.18172849062500002 0.4744524859375 0.18024233750000002 0.46848261406249997 0.187531690625 0.43669757656249997 0.1823130546875 0.4231044203125 0.1758998625 0.416294271875 0.1615055296875 0.4163800375 0.15374158437500002 0.42204267656249994 0.1534767953125 0.4283490953125 0.159672796875 0.43639251718749994 0.140283034375 0.46484359062499997 0.10742269687499999 0.4497121 0.091915596875 0.43690493906250005 0.0756617265625 0.4379438875 0.07146066718750001 0.4473899421875 0.0762315125 0.4539199984375 0.1298383765625 0.471319365625 0.1449586890625 0.48151993125 0.1502249203125 0.49003994375 0.1485959765625 0.49928950156249996 0.11568065624999999 0.5228932421875 0.10867688281250001 0.5242394234375001 0.0826165265625 0.518524675 0.075504159375 0.5204874937499999 0.072728253125 0.5314469140625 0.07536136875 0.5357069203125 0.0858194296875 0.5387607937500001 0.10650495625 0.536572165625 0.12187665624999999 0.5309366640625 0.154900575 0.5067162859375001 0.1675573671875 0.5164967140625001 0.16034980625 0.528605815625 0.1681881515625 0.53692933125 0.1772210609375 0.5384698375 0.18684454374999998 0.5318540140625 0.198883953125 0.530731475 0.197316009375 0.5444375359375 0.2006617015625 0.5494542250000001 0.23443840625 0.5545794765625 0.2586258203125 0.55171775625 0.2630708765625 0.5600977234375 0.262432703125 0.57332719375 0.2698366671875 0.5841172578125 0.28982301875 0.59070159375 0.312394890625 0.606619078125 0.3184822953125 0.6152791390625 0.3161883703125 0.61869886875 0.30442715468750003 0.623044640625 0.30526173125 0.6327143375000001 0.3156111953125 0.636384846875 0.333290221875 0.6368592625 0.3415495515625 0.63318658125 0.34207913125 0.620573746875 0.3491305 0.614154425 0.3964877515625 0.585391775 0.379555496875 0.571071246875 0.354194315625 0.5565835359375 0.32249434374999997 0.5492718296875 0.313196646875 0.554037740625 0.2931968921875 0.53792375625 0.30111703125 0.526571334375 0.3144535796875 0.4748574125
12 0.52645720625 0.2220166484375 0.4963653859375 0.2295878234375 0.4747976859375 0.2271799015625 0.45910019999999996 0.2346653125 0.4445972703125 0.23536771562499997 0.43875386406250005 0.2445336796875 0.41318889218750005 0.24080888906250003 0.41311449062500005 0.2268227359375 0.4041767765625 0.21513594375 0.398102775 0.21600553281249998 0.39308054062500003 0.2253115421875 0.38657215312500004 0.22864767968750002 0.37168243749999996 0.22674348906250003 0.3724560140625 0.2319566765625 0.382805478125 0.2356271875 0.3981563859375 0.2541241265625 0.4028320390625 0.27080046874999997 0.3968190359375 0.2761265625 0.3730184125 0.2815948765625 0.37154566093749997 0.285154653125 0.37439596875 0.2881813859375 0.3846368375 0.29246853281249996 0.39499970625 0.305668690625 0.4031028421875 0.3076857875 0.411579365625 0.30277983124999996 0.415889021875 0.29271713906249996 0.42877340156250004 0.289198071875 0.4341110296875 0.2901083703125 0.44167118437499997 0.2952086546875 0.44611624531249994 0.303588621875 0.4609583640625 0.31056595625 0.47064285000000006 0.3084066390625 0.47752462187500005 0.2981474484375 0.4862183375 0.2920082171875 0.50718205625 0.29304281875 0.5146202140625 0.289230090625 0.5245292781249999 0.2521754109375 0.530650878125 0.24623267968749998 0.546022578125 0.2405971796875 0.5461177703125 0.23045089531250001 0.5355987078125 0.222940515625 0.52645720625 0.2220166484375
12 0.31145034374999997 0.674419846875 0.31769394218749997 0.6773901265625 0.35021508749999997 0.6848418781250001 0.3640188421875 0.692912440625 0.390018196875 0.6941706812499999 0.39674377656250004 0.6896012703125 0.40105343437499996 0.6795385765625 0.4088381703125 0.6497434984375 0.40467130625000003 0.6445867625 0.39367026250000003 0.6446160765625 0.3733239265625 0.6544844421875 0.36190190312500004 0.666509953125 0.3346811828125 0.652975421875 0.32543108125 0.6526681890625 0.310350978125 0.67105656875 0.31145034374999997 0.674419846875
12 0.44479281562499995 0.68572774375 0.48279738437499997 0.7004662359375 0.48876279218749996 0.7002132828125001 0.499255046875 0.6886643640625 0.504711665625 0.67689180625 0.5002666062500001 0.6685118390625 0.48864817968749996 0.6576381828125 0.49424758906250005 0.630646196875 0.49139728125 0.6276194640625 0.47974466250000003 0.6313486 0.46077588125 0.647803475 0.442797875 0.6682382640625 0.4401305640625 0.67858105 0.44479281562499995 0.68572774375
12 0.43217623125 0.704536259375 0.40978735781250003 0.7019882921875 0.401310834375 0.7068942500000001 0.3982225421875 0.7292332296875 0.4321346484375 0.752801140625 0.43717028593749996 0.7530247796875 0.45378413906250004 0.7355331296875 0.45584746875000004 0.7238170234375 0.43217623125 0.704536259375
9 0.47927745625 0.5715641140625001 0.43344055312499996 0.5916938453125 0.4206067765625 0.6117356375 0.39376545625000003 0.6344697890625 0.3986448984375 0.6403832078125 0.4085116953125 0.690020321875 0.4067198578125 0.700194834375 0.41033033906250005 0.69890510625 0.4325228109375 0.6785539109375 0.4643521703125 0.6611165390625 0.4752312140625 0.6521742140625 0.4843593140625 0.6435684359375 0.48910335624999995 0.6310391937500001 0.5063211921875 0.6149208640625 0.506029596875 0.6021679843750001 0.494037784375 0.5982173828125 0.490522496875 0.5893608234375 0.4984292328125 0.56847875625 0.47927745625 0.5715641140625001
0 0.518547721875 0.39660636562499996 0.53378401875 0.3725282046875 0.5355081546875 0.35313236406250004 0.5321014625 0.34365916875 0.5248670953125 0.3367089734375 0.511945515625 0.3332349625 0.49723879687499994 0.34470029062499996 0.502674625 0.3570601703125 0.503461603125 0.3718030078125 0.4989481578125 0.3926286234375 0.5068951 0.4003355 0.518547721875 0.39660636562499996
10 0.4449799375 0.46853578437500004 0.45105393749999995 0.46766619687500005 0.45536359531250004 0.457603503125 0.4471994578125 0.45112990000000003 0.443154590625 0.45488617500000006 0.442129628125 0.4655090515625 0.4449799375 0.46853578437500004
1 0.4866513484375 0.36639549374999997 0.4812289234375 0.363565259375 0.4777270359375 0.36423835000000004 0.47572470781250004 0.38041096093750004 0.4839364421875 0.3818114203125 0.4866513484375 0.36639549374999997