1 0.509375 0.9208333328125 0.54875 0.8908333328125 0.556875 0.8741666671875 0.55125 0.8558333328125001 0.5349999999999999 0.8258333328124999 0.53125 0.8208333328125 0.5193749999999999 0.8150000000000001 0.49124999999999996 0.8308333328125 0.465625 0.8583333328125 0.465 0.8641666671875001 0.47750000000000004 0.8966666671875 0.49312500000000004 0.9258333328124999 0.509375 0.9208333328125
1 0.60375 0.7766666671875 0.61 0.7775000000000001 0.6275000000000001 0.7691666671874999 0.6425 0.7666666671875 0.645625 0.7608333328125 0.64125 0.7458333328125 0.61875 0.705 0.61125 0.705 0.58125 0.7166666671875 0.579375 0.7191666671875 0.58125 0.7291666671875 0.593125 0.7583333328124999 0.60375 0.7766666671875
1 0.468125 0.6991666671875 0.510625 0.6825 0.51 0.6741666671875 0.49874999999999997 0.6441666671874999 0.49437499999999995 0.6425 0.4575 0.655 0.4575 0.6908333328125 0.45999999999999996 0.6966666671875 0.468125 0.6991666671875
1 0.551875 0.8699999999999999 0.5237499999999999 0.8208333328125 0.5175 0.8208333328125 0.471875 0.8541666671874999 0.47062499999999996 0.8625 0.495 0.9216666671875 0.5525 0.8766666671875001 0.551875 0.8699999999999999
1 0.645 0.7608333328125 0.641875 0.7483333328125 0.618125 0.705 0.5818749999999999 0.7175 0.5825 0.7275 0.59875 0.7666666671875 0.6056250000000001 0.7775000000000001 0.645 0.7608333328125
1 0.5025000000000001 0.6883333328125001 0.51125 0.6825 0.510625 0.675 0.496875 0.6433333328125 0.46687500000000004 0.6516666671875 0.449375 0.6599999999999999 0.44875 0.6666666671875 0.4575 0.6925 0.46312499999999995 0.7 0.5025000000000001 0.6883333328125001
1 0.60625 0.6633333328125001 0.605 0.6516666671875 0.595625 0.63 0.555625 0.6308333328125 0.5506249999999999 0.6358333328125 0.55125 0.6466666671875 0.5599999999999999 0.67 0.599375 0.6675 0.60625 0.6633333328125001
1 0.595 0.6675 0.60625 0.6625 0.60625 0.655 0.598125 0.6333333328124999 0.55125 0.6341666671875 0.55 0.6441666671874999 0.5575 0.6658333328125 0.56125 0.67 0.595 0.6675
10 0.4425 0.7808333328125 0.45125000000000004 0.7725 0.456875 0.7591666671875 0.460625 0.7383333328125 0.459375 0.7224999999999999 0.45562500000000006 0.7158333328125 0.448125 0.7125 0.42874999999999996 0.7158333328125 0.41875 0.7266666671875 0.40875000000000006 0.7508333328125001 0.40750000000000003 0.76 0.415625 0.7783333328125 0.42750000000000005 0.7849999999999999 0.4425 0.7808333328125
9 0 0.7933333328125001 0.011875 0.7875 0.038125 0.7825 0.065 0.7641666671875 0.0875 0.7408333328125 0.11687499999999999 0.7258333328125001 0.12687500000000002 0.7166666671875 0.145625 0.7108333328125 0.15625 0.7 0.1675 0.6958333328124999 0.17875000000000002 0.6849999999999999 0.184375 0.67 0.18062499999999998 0.6658333328125 0.174375 0.665 0.165625 0.5908333328125 0.17250000000000001 0.5858333328125 0.179375 0.5691666671875 0.199375 0.5558333328125 0.22000000000000003 0.5658333328125 0.2475 0.5858333328125 0.265625 0.5908333328125 0.309375 0.6191666671875 0.31 0.6258333328125001 0.304375 0.6475 0.304375 0.6716666671875 0.31375000000000003 0.6816666671875 0.31124999999999997 0.6941666671875 0.31375000000000003 0.7224999999999999 0.30874999999999997 0.7708333328125 0.305625 0.7816666671875 0.2975 0.7908333328125 0.2925 0.8083333328125001 0.28500000000000003 0.8141666671875001 0.2525 0.8616666671875001 0.244375 0.8675 0.22312500000000002 0.8958333328125001 0.19875 0.9400000000000001 0.18812500000000001 0.9766666671875001 0.1925 0.9891666671875001 0.200625 0.9991666671875 0.65 0.9991666671875 0.6681250000000001 0.86 0.68625 0.7533333328125 0.70625 0.5991666671875 0.703125 0.5875 0.6956249999999999 0.5791666671875 0.666875 0.5691666671875 0.661875 0.5608333328125 0.655625 0.5583333328125 0.653125 0.5525 0.6575 0.5483333328125 0.65625 0.5425 0.6168750000000001 0.5225 0.609375 0.5116666671875 0.6018749999999999 0.5225 0.48125 0.46666666718750005 0.473125 0.4533333328125 0.44375 0.43333333281249997 0.4375 0.43499999999999994 0.43125 0.44333333281250004 0.415625 0.44666666718750003 0.410625 0.45083333281250004 0.3275 0.4516666671875 0.3225 0.45416666718750004 0.31625000000000003 0.4658333328125 0.319375 0.4808333328125 0.319375 0.5141666671875 0.313125 0.53 0.27999999999999997 0.5275000000000001 0.260625 0.5358333328125 0.25375000000000003 0.5425 0.24500000000000002 0.5408333328125 0.23500000000000001 0.5316666671875 0.22749999999999998 0.5291666671875 0.1775 0.5258333328125 0.141875 0.5158333328125 0.133125 0.5033333328125 0.12437499999999999 0.4791666671875 0.11875 0.45416666718750004 0.113125 0.4491666671875 0.09812499999999999 0.4483333328125 0.08562499999999999 0.4516666671875 0.068125 0.46166666718749994 0.0375 0.4658333328125 0.023125 0.47583333281250006 0.00375 0.48166666718749995 0.005625 0.485 0.027500000000000004 0.4883333328125 0.04875 0.51 0.063125 0.5166666671875 0.06375 0.5275000000000001 0.06 0.5358333328125 0.057499999999999996 0.5541666671875001 0.05375 0.5591666671875 0.03125 0.575 0.025625 0.5833333328125 0 0.5983333328125 0 0.7933333328125001
10 0.441875 0.7816666671875 0.45125000000000004 0.7725 0.4575 0.7566666671875 0.460625 0.7383333328125 0.45875000000000005 0.7216666671875 0.45562500000000006 0.7158333328125 0.449375 0.7125 0.42874999999999996 0.7150000000000001 0.42312500000000003 0.7191666671875 0.41312499999999996 0.735 0.406875 0.7533333328125 0.40750000000000003 0.7641666671875 0.416875 0.78 0.428125 0.7858333328125 0.441875 0.7816666671875
8 0.088125 0.8091666671875 0.094375 0.8150000000000001 0.090625 0.8241666671875001 0.091875 0.8316666671874999 0.114375 0.8558333328125001 0.1325 0.8708333328125001 0.151875 0.8714583328125001 0.15 0.8941666671874999 0.1525 0.9133333328125 0.17625 0.9141666671875001 0.18875 0.9083333328125001 0.191875 0.9058333328125 0.190625 0.8975 0.18 0.8808333328125 0.1775 0.8699999999999999 0.173125 0.8666666671875 0.17375000000000002 0.8574999999999999 0.195625 0.8183333328125 0.220625 0.7833333328125 0.244375 0.8083333328125001 0.250625 0.82 0.253125 0.8266666671875 0.24874999999999997 0.8308333328125 0.25 0.8383333328125 0.26937500000000003 0.825 0.304375 0.7791666671875 0.32125 0.7683333328125 0.32 0.6158333328125 0.26875 0.5891666671875 0.23374999999999999 0.5758333328125 0.19624999999999998 0.5533333328125 0.1775 0.5475 0.18625 0.6416666671875 0.18687499999999999 0.6775 0.143125 0.72 0.121875 0.7216666671875 0.11625 0.7283333328125 0.1075 0.73 0.0975 0.7483333328125 0.09875 0.7575000000000001 0.091875 0.7741666671874999 0.083125 0.7741666671874999 0.059375 0.7866666671875 0.05437499999999999 0.7816666671875 0.05437499999999999 0.7708333328125 0.044375 0.7866666671875 0.044375 0.8033333328125 0.05625 0.8166666671874999 0.06625 0.8183333328125 0.088125 0.8091666671875
11 0.13374999999999998 0.515 0.13874999999999998 0.525 0.148125 0.5283333328125 0.23374999999999999 0.5308333328125 0.255 0.5383333328125001 0.31875 0.5366666671875 0.32937500000000003 0.5316666671875 0.32687499999999997 0.49000000000000005 0.318125 0.42750000000000005 0.31 0.38 0.30625 0.3741666671875 0.24937499999999999 0.36666666718749996 0.125 0.3625 0.10187500000000001 0.3633333328125 0.094375 0.37 0.09375 0.3825 0.09875 0.4025 0.11750000000000001 0.4566666671875 0.13374999999999998 0.515
11 0 0.4533333328125 0.010624999999999999 0.43916666718749997 0.03 0.43166666718749996 0.0375 0.41916666718749995 0.0625 0.4266666671875 0.065 0.43 0.06375 0.4425 0.068125 0.44666666718750003 0.104375 0.4483333328125 0.10874999999999999 0.4425 0.1075 0.4308333328125 0.095 0.3866666671875 0.095625 0.3725 0.1 0.36583333281249997 0.23500000000000001 0.3691666671875 0.24874999999999997 0.365 0.2525 0.3566666671875 0.23625 0.2541666671875 0.231875 0.2391666671875 0.22625 0.2341666671875 0.0025 0.2491666671875 0 0.25 0 0.4533333328125
4 0.7318749999999999 0.3533333328125 0.7381249999999999 0.3616666671875 0.739375 0.3775 0.743125 0.38166666718750003 0.7462500000000001 0.3966666671875 0.75125 0.3983333328125 0.760625 0.39416666718750004 0.77125 0.4033333328125 0.784375 0.3983333328125 0.7887500000000001 0.3908333328125 0.79 0.36666666718749996 0.79875 0.3541666671875 0.805 0.3516666671875 0.8074999999999999 0.3458333328125 0.8168749999999999 0.2858333328125 0.8143750000000001 0.2541666671875 0.820625 0.2125 0.82 0.20249999999999999 0.8143750000000001 0.1983333328125 0.80375 0.1991666671875 0.7943749999999999 0.20916666718750002 0.79 0.2241666671875 0.76875 0.2241666671875 0.73375 0.2533333328125 0.7275 0.2625 0.7306250000000001 0.2908333328125 0.735 0.3016666671875 0.728125 0.3408333328125 0.7318749999999999 0.3533333328125
12 0.6368750000000001 0.33166666718750004 0.61375 0.33999999999999997 0.609375 0.3466666671875 0.60875 0.3566666671875 0.6125 0.35750000000000004 0.61375 0.3508333328125 0.6287499999999999 0.355 0.6287499999999999 0.365 0.6325000000000001 0.36583333281249997 0.634375 0.35 0.650625 0.34500000000000003 0.6587500000000001 0.3508333328125 0.6587500000000001 0.3716666671875 0.6643749999999999 0.37 0.665625 0.3583333328125 0.6599999999999999 0.33999999999999997 0.6443749999999999 0.3333333328125 0.645 0.3183333328125 0.65 0.3166666671875 0.650625 0.3133333328125 0.663125 0.31083333281250003 0.66875 0.2975 0.6681250000000001 0.2941666671875 0.6643749999999999 0.29333333281249996 0.6537499999999999 0.25 0.631875 0.2491666671875 0.6125 0.24416666718750002 0.61625 0.30416666718749996 0.635 0.31 0.64 0.315 0.6368750000000001 0.33166666718750004
12 0.9112500000000001 0.3566666671875 0.9106249999999999 0.3616666671875 0.9175000000000001 0.36666666718749996 0.9112500000000001 0.38166666718750003 0.89875 0.3775 0.89 0.3775 0.885 0.3808333328125 0.87375 0.39416666718750004 0.8699999999999999 0.4125 0.959375 0.4125 0.99375 0.32166666718750003 0.999375 0.3125 0.999375 0.2833333328125 0.9662499999999999 0.2808333328125 0.9487500000000001 0.3016666671875 0.936875 0.3275 0.9043749999999999 0.3283333328125 0.885 0.3341666671875 0.8862500000000001 0.3391666671875 0.900625 0.34500000000000003 0.9037499999999999 0.3533333328125 0.9112500000000001 0.3566666671875
13 0.5575 0.5775 0.56125 0.5358333328125 0.56125 0.5066666671875 0.55625 0.485 0.545 0.48333333281249996 0.5425 0.4858333328125 0.541875 0.495 0.535625 0.505 0.534375 0.52 0.5325 0.5783333328125 0.5393749999999999 0.5866666671874999 0.54875 0.5875 0.5575 0.5775
6 0.48624999999999996 0.6208333328125 0.488125 0.6158333328125 0.49000000000000005 0.5816666671874999 0.48624999999999996 0.5758333328125 0.478125 0.575 0.385 0.5733333328125 0.380625 0.5758333328125 0.3775 0.5983333328125 0.37124999999999997 0.61 0.370625 0.6158333328125 0.374375 0.6191666671875 0.48187499999999994 0.6224999999999999 0.48624999999999996 0.6208333328125
10 0.33125 0.6883333328125001 0.340625 0.6825 0.35125 0.6591666671875 0.351875 0.645 0.343125 0.6383333328125 0.3175 0.6483333328125 0.316875 0.6608333328125 0.320625 0.6825 0.325625 0.6883333328125001 0.33125 0.6883333328125001
6 0.13374999999999998 0.6483333328125 0.18375 0.6533333328125 0.18375 0.6183333328125 0.18062499999999998 0.5883333328125 0.178125 0.5833333328125 0.16999999999999998 0.5825 0.09375 0.5841666671875 0.068125 0.6125 0.042499999999999996 0.6466666671875 0.041875 0.6516666671875 0.044375 0.6533333328125 0.1075 0.6541666671875 0.13374999999999998 0.6483333328125
4 0.230625 0.22999999999999998 0.23500000000000001 0.2408333328125 0.2375 0.23583333281250002 0.244375 0.2325 0.24625 0.24416666718750002 0.2525 0.24583333281250003 0.25375000000000003 0.2425 0.24625 0.215 0.24625 0.20249999999999999 0.250625 0.1941666671875 0.260625 0.1983333328125 0.26 0.19083333281249998 0.25 0.1783333328125 0.22999999999999998 0.14250000000000002 0.225 0.14250000000000002 0.2225 0.1458333328125 0.22000000000000003 0.1558333328125 0.21375000000000002 0.1641666671875 0.2125 0.1741666671875 0.21375000000000002 0.21916666718750002 0.22312500000000002 0.2233333328125 0.22562500000000002 0.2316666671875 0.230625 0.22999999999999998
11 0.8612500000000001 0.23333333281250002 0.8931250000000001 0.2391666671875 0.8943749999999999 0.22833333281249998 0.8868750000000001 0.225 0.89125 0.2141666671875 0.8956250000000001 0.19 0.8425 0.1875 0.83625 0.2125 0.834375 0.2258333328125 0.85 0.2316666671875 0.85 0.23583333281250002 0.8612500000000001 0.23333333281250002
7 0.544856875 0.7156925000000001 0.55345875 0.7125666671875 0.554240625 0.6927683328125 0.5472025 0.6844325 0.5479849999999999 0.6729700000000001 0.5440750000000001 0.6646341671875 0.537036875 0.6615083328125 0.5315624999999999 0.66255 0.52608875 0.6708858328125 0.5276525000000001 0.6844325 0.534690625 0.6896424999999999 0.538600625 0.7011041671875 0.544856875 0.7156925000000001