4 0.7162611953125 0.34125887499999996 0.7147532765625 0.320278090625 0.6989005265625 0.298629834375 0.6836807640625 0.2913144765625 0.680141678125 0.291803259375 0.6754997984375 0.3101018796875 0.6666520828125 0.311323834375 0.664539321875 0.30955558125 0.651795228125 0.2924809578125 0.6422470015624999 0.272904909375 0.6492829578125 0.22160920312500001 0.6236541156250001 0.204842625 0.5888680984375 0.190517909375 0.560144671875 0.1859504125 0.5449052203125 0.1921752171875 0.53284195 0.20943875781250001 0.5243374515625 0.2126733546875 0.516263384375 0.2108455390625 0.48790286250000003 0.194750525 0.46448806249999997 0.1894498546875 0.456602484375 0.19024463593750002 0.44986752812499997 0.19323484375 0.4423926890625 0.20250737343749997 0.4396075609375 0.21348654531250003 0.441956646875 0.23788266406249997 0.4661254046875 0.2536737234375 0.48746120312499996 0.26043869218750004 0.5026134437499999 0.26128894687500004 0.5184718109374999 0.252624325 0.5347746796874999 0.2556700046875 0.5427952984375 0.26780543125 0.546536946875 0.2867119625 0.578295896875 0.3197008640625 0.580166721875 0.3291541296875 0.5876893937500001 0.3398868671875 0.5807462609375 0.3537946375 0.5900384765625 0.364282984375 0.5809825859375 0.37642250312500003 0.5799332390624999 0.3839247328125 0.58711269375 0.3926448265625 0.613259171875 0.39727393125 0.6362969921875 0.3973294046875 0.6429447374999999 0.4014142546875 0.639129953125 0.406355496875 0.6404690671875 0.4111735203125 0.6508106296875 0.41415963749999996 0.6720789046875 0.4144595 0.68828049375 0.40780752343750004 0.7108062921875 0.3896875921875 0.7116671484375 0.3795627640625 0.70240869375 0.37230696874999997 0.6935272171875 0.3702963703125 0.6919996125 0.36285575 0.6959691265625 0.357304553125 0.7095937609375 0.3507141859375 0.7162611953125 0.34125887499999996
4 0.41813110625 0.224104246875 0.3977574453125 0.21691210781249998 0.392327846875 0.22148778593750001 0.39242912812499997 0.2311854421875 0.3973073296875 0.235514684375 0.40972789218749994 0.2370365015625 0.418865378125 0.2481348015625 0.43259129375 0.2512420890625 0.4383838 0.2351388921875 0.43778457031249995 0.224038546875 0.4348644015625 0.2220875125 0.41813110625 0.224104246875
11 0.42534716250000004 0.313455359375 0.4211019484375 0.323459015625 0.410197759375 0.3900035734375 0.47913680468750003 0.40432010937499996 0.48359019375 0.3833988890625 0.48689857343750004 0.329969365625 0.42534716250000004 0.313455359375
11 0.51675849375 0.1348497609375 0.5144234796875 0.127226359375 0.5160439109375 0.0972790453125 0.46712123749999995 0.0713692921875 0.4593650828125 0.1154071578125 0.46182106406249995 0.11918805625 0.5112079234375 0.1432679453125 0.51675849375 0.1348497609375
11 0.3498617171875 0.4898614421875 0.35181975 0.49223965 0.3913826875 0.5011959515625 0.394269096875 0.49991443437500005 0.4025231984375 0.4572792578125 0.4014597828125 0.448008775 0.3746268640625 0.43935438125 0.36139889531249997 0.4376497828125 0.3498617171875 0.4898614421875
11 0.3736900328125 0.3959285140625 0.408408528125 0.403788128125 0.4130644796875 0.4022622203125 0.40677964375000003 0.38664985 0.4144485890625 0.349687040625 0.390192621875 0.3409710390625 0.3808469578125 0.3407903015625 0.3676949640625 0.3926363984375 0.3736900328125 0.3959285140625
11 0.43524983749999996 0.2744183 0.4358546828125 0.25520576875 0.418367428125 0.24673211093749997 0.4015666140625 0.2422837421875 0.3915092078125 0.2819307578125 0.3950820546875 0.284674528125 0.42806476718750003 0.2960110828125 0.43524983749999996 0.2744183
11 0.494292734375 0 0.5164714984375001 0.0148181640625 0.521161209375 0.0165248078125 0.5251644843750001 0.0142061625 0.5271179734375 0 0.494292734375 0
11 0.422058403125 0.1682349078125 0.4170592328125 0.16774817343749998 0.40969974843749996 0.2034910734375 0.43653266406249996 0.212145465625 0.44586425625 0.19555348749999998 0.44749875625 0.1823788890625 0.422058403125 0.1682349078125
6 0.46234444375 0.44695732968749996 0.4603329625 0.45488673281249997 0.4625807671875 0.4695851953125 0.46711574999999994 0.47190179218750006 0.47062107500000006 0.46818045937499997 0.5023771859374999 0.42377089218749997 0.5037697515625 0.4182813078125 0.49872274687499996 0.39778930468749996 0.48867095781250003 0.4071234421875 0.46234444375 0.44695732968749996
0 0.5114078265625001 0.6035722640625 0.4975862578125 0.5974764046875001 0.4948405046875 0.5813752531249999 0.48520507031250004 0.5688742640625 0.4798626828125 0.5663748828124999 0.477474221875 0.5690590906249999 0.46702860625 0.6640866625 0.5006302359375 0.6729834015625 0.500683684375 0.6626757921875 0.5057700625 0.65608746875 0.501665509375 0.64870845625 0.5030580734375001 0.6432188703125 0.5117172984375 0.6393743171875 0.5214061812499999 0.6415676968749999 0.539081925 0.652663953125 0.5495922203125 0.48670301718750003 0.5323947375 0.4905496140625 0.5311569031250001 0.495429246875 0.53529521875 0.5060408125 0.53284769375 0.5493455046875 0.5297531078125 0.5615445859375 0.5143054796875 0.57868695625 0.5114078265625001 0.6035722640625
0 0.5186406765625 0.453896896875 0.4888144546875 0.46713924218749997 0.48539072031249997 0.49409839375000003 0.520626853125 0.4898205328125 0.52971650625 0.48091356718749995 0.556999540625 0.470965384375 0.5625472671875 0.38514873125000004 0.560884621875 0.3647779015625 0.55669285625 0.364473946875 0.5435661703125 0.3724670046875 0.534186746875 0.3690537171875 0.521248546875 0.37966937343749996 0.51382715625 0.3786342921875 0.504461803125 0.39199371875 0.5022618328124999 0.397300521875 0.5176496875 0.40142902343750003 0.5243178281249999 0.41132333125000003 0.5211163453125 0.4441376328125 0.5186406765625 0.453896896875
1 0.4779609390625 0.631087534375 0.4736285171875 0.6481662484374999 0.4788499375 0.654508134375 0.48530919375000003 0.6559703875 0.48898893593750004 0.6380989375 0.4850728703125 0.6333425234375001 0.4779609390625 0.631087534375
9 0.37565380937500004 0.7382134687499999 0.38815596406249997 0.7629731046875 0.398221825 0.7704116812499999 0.3996284625 0.781694809375 0.391467184375 0.7869420500000001 0.3905388078125 0.7906017750000001 0.4023742140625 0.7977959593749999 0.415447453125 0.8001105125000001 0.451600728125 0.8527986796875 0.4627159359375 0.8527350265625 0.4660665328125 0.849623646875 0.46503687656250003 0.843585715625 0.47031174531250003 0.8396199921875 0.475848240625 0.8144290921874999 0.476022659375 0.800278975 0.4683114953125 0.786923640625 0.4670595890625 0.775030559375 0.4761998515625 0.678417515625 0.4530269890625 0.665431834375 0.39432822500000003 0.644403759375 0.3897060328125 0.6491622203125 0.37565380937500004 0.7382134687499999
13 0.3897651609375 0.7936515453124999 0.406411246875 0.7987098687499999 0.45456589062499997 0.7973565140625001 0.456799621875 0.7952822625 0.45070327343749994 0.7822924890625 0.44005225625 0.7805262828124999 0.40155273593749996 0.7808404640625 0.3900071 0.7859665328125 0.3897651609375 0.7936515453124999
12 0.76647805625 0.6144896640625 0.773623746875 0.6199772046875001 0.791603334375 0.6601664296875 0.8033852890625001 0.677668225 0.820098896875 0.6891916515625 0.84640010625 0.693210803125 0.851022296875 0.6884523437500001 0.8473819296875 0.67924346875 0.8386551828125001 0.676622915625 0.821423940625 0.6772369609375 0.8125087046875 0.6719938109375 0.798425496875 0.6501011640625001 0.78704020625 0.624304403125 0.7876253625 0.6186320328125 0.7954434234375001 0.6113721484375 0.807332275 0.6082587234375 0.9041198218750001 0.62049486875 0.9143938625000001 0.6170158796874999 0.916095884375 0.6103063859375 0.9086069718750001 0.6028062000000001 0.9008423625 0.5997584765624999 0.882063825 0.6064720609375 0.8008055015625001 0.6003313671875 0.7831058421875 0.579232478125 0.7847305 0.5728279609375 0.7995788984375001 0.5445852453125 0.8072759875 0.5411678656250001 0.82565785625 0.5427492468749999 0.8344718125 0.5382947421875001 0.8349022390625 0.5332323265625 0.825643784375 0.5259765328125 0.815335984375 0.52622296875 0.8039450796875001 0.5307390828125 0.790199475 0.5411719578125 0.7296101968750001 0.524230778125 0.7193558453125 0.5141696046875001 0.6828002859375 0.5000892796875 0.649043925 0.49180249531250003 0.6274324296875 0.4894899875 0.6228102375 0.4942484484375 0.6243040843750001 0.49845651718750006 0.64796785625 0.5044585296874999 0.6542456578125 0.51168454375 0.6311150109375 0.5490170046875 0.6231900578125 0.5768921109375 0.6208635 0.6163543 0.6236627015625 0.6221478390625 0.6288503624999999 0.6252571734375 0.6254125562499999 0.6354436109375 0.6130257546875 0.6371543468749999 0.590573090625 0.63142650625 0.58029905 0.63490549375 0.579438196875 0.6450303234375 0.6025238484375001 0.6650910624999999 0.6038193609375 0.6734466140625 0.5998400015625001 0.685767890625 0.6045297140625 0.6874745359375 0.6268473375 0.68027216875 0.64237655625 0.6863676187500001 0.6560884 0.6727021921875 0.6666184515625 0.67831090625 0.6890373546874999 0.6808061953125 0.70166609375 0.6714104484375001 0.7215080484375 0.6739673453125 0.740427240625 0.6498710921875 0.7434683796875 0.6479796203125 0.7507350421875 0.64962465625 0.753930909375 0.6471232296875 0.7549802546875 0.639621 0.7507547296875 0.6360844921875 0.75543036875 0.621018421875 0.76647805625 0.6144896640625
2 0.206331909375 0.8301685265625001 0.2034455 0.83145004375 0.190535446875 0.8756111265625 0.17630035 0.931726903125 0.25865585156250004 0.9503706328125 0.369087721875 0.942476246875 0.3753584859375 0.941315903125 0.3841780578125 0.906548521875 0.3886511375 0.8720871390625 0.385905384375 0.8559859875000001 0.35410705625 0.8500774109375 0.346850240625 0.8416622953124999 0.3478559796875 0.83769759375 0.30990785781249997 0.829106853125 0.206331909375 0.8301685265625001
0 0.50227596875 0.5991830499999999 0.5119648515625 0.6013764296875 0.5189614312499999 0.5771610468749999 0.5310584640625 0.5631300593749999 0.53542464375 0.549283896875 0.538457325 0.500306834375 0.53370009375 0.4921350875 0.522053178125 0.4875634984375 0.499822765625 0.48769080625 0.48508126249999994 0.4953183015625 0.478413828125 0.5047736125 0.4742361375 0.5212423734375 0.4716198125 0.5483843078125 0.4741770734375 0.5618628593749999 0.481854475 0.5719856421875 0.497760675 0.5833262890625 0.50227596875 0.5991830499999999