9 0.497410265625 0.551924534375 0.490009071875 0.569635565625 0.48433705937499993 0.5979188062499999 0.474696759375 0.6606842765625001 0.47567229843750003 0.6850251390625 0.4849991078125 0.7116226109375 0.500077953125 0.7236812546875 0.5017853109375 0.7305049875 0.5076537531249999 0.7359580390625 0.5909845703125 0.727286809375 0.6568592015625 0.7278710171875 0.7063332156250001 0.7757959421875 0.7465459015625 0.808368828125 0.7490869296875 0.815168321875 0.7467459703125 0.8427298671875001 0.752599859375 0.8456839328125 0.7617738890625 0.846042065625 0.77339800625 0.8375810375 0.7907232359374999 0.8058347375 0.81718975625 0.7688238546874999 0.8435762468749999 0.71806855625 0.9022322218750001 0.62450999375 0.9343598390625001 0.55734163125 0.9243121234375 0.5501355296875 0.86084756875 0.5338599546875 0.707769065625 0.44958149374999995 0.663566265625 0.447742359375 0.6335140625 0.44174270625 0.5292650609375 0.43790020937499996 0.5209683546874999 0.44501479374999997 0.514415384375 0.46520057187499997 0.497410265625 0.551924534375
8 0.7549153578125 0.8137491656250001 0.6953827140625 0.7567439 0.650968934375 0.7186694890624999 0.5417870125 0.72684259375 0.5334539328125001 0.7277097171875 0.5293219484375 0.7340783671875 0.5064738515625 0.8197225015624999 0.5057202078125 0.8334911546875 0.5090621703125 0.8346436953125 0.58322259375 0.82623908125 0.6082436640625 0.8273861890624999 0.6283900203125 0.8505448390625 0.6392350312499999 0.8514792421875 0.6467853671875 0.859382803125 0.659304996875 0.861518221875 0.6684426484375 0.8556288921874999 0.6675616875 0.8475314296875001 0.6783157578125001 0.832847178125 0.6766193125 0.827897684375 0.6915853937499999 0.8205891984375 0.697421096875 0.8204195343749999 0.7174947 0.8310832609375 0.7474996125 0.8289612125 0.7532953015625 0.8219193406249999 0.7549153578125 0.8137491656250001
6 0.552384009375 0.8283853671875001 0.5482302 0.8310055406249999 0.5483284140625 0.8478736874999999 0.5536651078125 0.9052049078125 0.5980934390625 0.9457783046875001 0.6022654375000001 0.9462818625 0.6030518203125 0.9381359234375 0.5977478671875 0.88642741875 0.5926767203125001 0.8747026671875 0.592392984375 0.8259724671875001 0.552384009375 0.8283853671875001
6 0.55100535 0.5916065703125 0.53265001875 0.5896408140625 0.5259915546875 0.5917089546875001 0.5251833484375 0.596106415625 0.5289327234375001 0.6672305265625 0.5323037875 0.6733810375 0.5465125859375 0.6792164609375 0.5548674921875001 0.6820978140625 0.55820218125 0.6820008625 0.5598513359374999 0.6788286578125 0.5551991734375 0.5958586046875001 0.55100535 0.5916065703125
11 0.379264640625 0.7390658953125 0.3835778484375 0.9070256640625001 0.38858715625 0.9081297296875 0.42855248125 0.898219875 0.449343353125 0.8888674875 0.46518675624999994 0.8890317171875 0.47850731875 0.8855201828125001 0.48428482187500005 0.8753545796875001 0.5059239125 0.8684769390625 0.5046112859375 0.7862427249999999 0.5095757328125 0.7796417953125 0.51623419375 0.77757365625 0.519481578125 0.762482796875 0.5052836921875 0.7585216140625 0.5017052843750001 0.716760571875 0.4983524078125 0.7137337921875 0.38258477812499997 0.736469959375 0.379264640625 0.7390658953125
11 0.46960197968750006 1 0.471579015625 0.9844482171875001 0.46650423124999996 0.9720987203125 0.46123301562499996 0.9260129296875 0.4544108609375 0.899967490625 0.449361540625 0.8919912171875 0.3944010328125 0.9042115890625 0.384305575 0.88880569375 0.3820784921875 0.7927213531249999 0.377808278125 0.7753496484375 0.314518328125 0.7890618875000001 0.29039276875 0.798511228125 0.29811341874999997 0.97886896875 0.2994385421875 1 0.46960197968750006 1
10 0.6087396953125 0.6261694484375 0.6096242921874999 0.63489165625 0.6280487406249999 0.6487275890624999 0.63389535625 0.6504321656250001 0.6430548359375 0.6482913109374999 0.646367696875 0.6444458843749999 0.6446276 0.6319994359375001 0.6295633046875 0.6224397749999999 0.61370535 0.6197765609375 0.6087396953125 0.6261694484375
10 0.601735 0.7119778125 0.594173753125 0.7022000125 0.5782939734375 0.6957883203125 0.5707909250000001 0.696006459375 0.572571034375 0.715325115625 0.58095868125 0.723829184375 0.6009668078125 0.7232474812499999 0.601735 0.7119778125
1 0.662648271875 0.5764885453125 0.6635219578125 0.5833365140625 0.6837119656249999 0.6139921187499999 0.6895549421875 0.6150719484375 0.7169897265625 0.6011524359375 0.6892348328125 0.5600942859375 0.662648271875 0.5764885453125
1 0.6079867078125 0.4968469921875 0.59220150625 0.5066786999999999 0.6006837296875001 0.5314261703125001 0.6098541203125001 0.5311595546875 0.633961490625 0.5185864859375 0.62129999375 0.492085965625 0.6079867078125 0.4968469921875
1 0.5928599140624999 0.6197577562500001 0.6003229484375 0.612667409375 0.5876287125 0.580544175 0.564322275 0.587470290625 0.5770383359375 0.623342003125 0.5928599140624999 0.6197577562500001
1 0.564930415625 0.548711790625 0.5757390484375 0.54339873125 0.5705551359375 0.51230685 0.5505724734374999 0.5172617765624999 0.5549263515625 0.5490026421875001 0.564930415625 0.548711790625
13 0.453211103125 0.550710146875 0.453251115625 0.5575823546875001 0.46828631249999997 0.5621440453125001 0.5241350546875 0.559270628125 0.5307753296875 0.5540787578125 0.530735315625 0.5472065515625 0.5282088359375 0.5429060406249999 0.521524909375 0.5406009578125001 0.4706781984375 0.543328946875 0.453211103125 0.550710146875
4 0.26200624375000003 0.3625650265625 0.26536275625 0.3662165515625 0.287056415625 0.3687101015625 0.2929575953125 0.3797858703125 0.3138612328125 0.3898006140625 0.323872571875 0.39075925312500004 0.3313501546875 0.386167890625 0.3588649671875 0.38599279375 0.3871334203125 0.37204904375000003 0.38626701093750004 0.366450565625 0.3812577046875 0.3653465 0.3802858015625 0.3416303828125 0.37692565 0.337354109375 0.3485989953125 0.341301921875 0.329420903125 0.3412346421875 0.32189602968750003 0.3377043046875 0.320174121875 0.3283815875 0.3118301265625 0.327374471875 0.289470128125 0.35364348125 0.2636226625 0.353770103125 0.26200624375000003 0.3625650265625
12 0.41726994531250006 0.249326746875 0.384753103125 0.24964727031249997 0.3772231375 0.2452422875 0.3737480390625 0.2212240359375 0.36873873125 0.22011996875 0.3670823 0.222042684375 0.35789008437500003 0.21856082031250001 0.353678071875 0.21118505625 0.33280353749999997 0.20616828125 0.32026208125 0.2002843859375 0.321299459375 0.2352459328125 0.342214009375 0.24713491406250002 0.33818387968749997 0.27099645625 0.367376946875 0.27264712343749997 0.37485089375 0.26743101406249997 0.375655465625 0.2624088078125 0.380657496875 0.26226338125000004 0.3856304265625 0.2571199859375 0.39482264218749996 0.2606018484375 0.394906309375 0.2749710109375 0.4041239890625 0.2828260953125 0.4116306734375 0.28323270312500004 0.41158702343750003 0.27573575 0.40154658281250005 0.26977914062499997 0.40149929375 0.2616574390625 0.407298621875 0.255240315625 0.4198291625 0.259249971875 0.4231311125 0.25353030625 0.41726994531250006 0.249326746875
12 0.3908173203125 0.43192772343749997 0.37916046406250004 0.43476603750000004 0.374172984375 0.43741044687499997 0.3684027546875 0.44882554218750004 0.3600660375 0.44906791874999996 0.3449508140625 0.4307618125 0.322430759375 0.42954199062500004 0.3224962375 0.440787421875 0.31502956718749997 0.44725302187500005 0.3058773625 0.45064336875000005 0.3060446921875 0.4793816921875 0.3327040078125 0.47548235468750005 0.33685781718749996 0.47286218125 0.34603184374999996 0.4732203140625 0.3517875203125 0.45930623437499996 0.3651080828125 0.4557947015625 0.371788371875 0.45747503749999996 0.37773320312499997 0.4760477578125 0.381078803125 0.47782504687499994 0.3919056265625 0.47563571875 0.392721109375 0.47248775 0.387689978125 0.46763520625000005 0.395160284375 0.461794353125 0.39596849375 0.457396890625 0.3833761109375 0.44276655 0.3958411765625 0.435530775 0.3908173203125 0.43192772343749997
12 0.3943133765625 0.1731373859375 0.373478853125 0.17499281875 0.3733042484375 0.145005003125 0.36413749375000004 0.1458963640625 0.3574402296875 0.14130033749999998 0.35658352031249996 0.13736805624999998 0.34072192968750004 0.134080096875 0.3206556 0.1246658625 0.3184674203125 0.1784667453125 0.34938239531250004 0.189440128125 0.3544571796875 0.20178962656250002 0.36695862031250004 0.2008013140625 0.375197125 0.183690790625 0.3793545703125 0.1816953640625 0.3977390046875 0.1886590890625 0.40775034374999997 0.1896177296875 0.40939949843749995 0.1864455234375 0.401037315625 0.1823146765625 0.40015635625 0.1742172140625 0.4067893546875 0.16777585 0.41929807031250005 0.1680370328125 0.42010627968750003 0.1636395703125 0.41006947812499994 0.1583077078125 0.41171863281250004 0.1551355015625 0.4008772609375 0.15482584531250002 0.3967380015625 0.15994500312499998 0.3943133765625 0.1731373859375
11 0.296140159375 0.21035847031250002 0.30443686406250003 0.2032438859375 0.305962340625 0.178830309375 0.3041531296875 0.15451368593749998 0.272422671875 0.1466882703125 0.26909889531250003 0.148659459375 0.2692318734375 0.17149767968750002 0.2617668171875 0.17824066875 0.2610058984375 0.1907598296875 0.26118050312499996 0.2207476453125 0.27036544687499997 0.222980015625 0.289561725 0.22617102656250002 0.295368328125 0.2210033921875 0.296140159375 0.21035847031250002
11 0.2773446765625 0.132798428125 0.3015611734375 0.13896774375 0.3046885171875 0.1032602625 0.29631542187500004 0.0972551765625 0.2946080640625 0.09043144374999999 0.2645303984375 0.0800585703125 0.2631249625 0.12508876875 0.2664851125 0.1293650421875 0.2773446765625 0.132798428125
11 0.26255254375 0.3131858390625 0.2875772515625 0.3149576953125 0.2875384484375 0.308293528125 0.293336565625 0.3016683609375 0.2924083140625 0.2854491984375 0.2882144921875 0.2811971640625 0.26067785625 0.277623784375 0.260044253125 0.3120090609375 0.26255254375 0.3131858390625
2 0.316332490625 0.527821040625 0.29379061093750003 0.5228527421875 0.2929351140625 0.5191285031249999 0.23040608125 0.5203215828125 0.2279450796875 0.527266503125 0.22892789375000003 0.5528568578125 0.3131178453125 0.5485346140625 0.316332490625 0.527821040625
2 0.226972521875 0.6466414953124999 0.22953173906250002 0.6565647218749999 0.260370325 0.6544184343749999 0.307019575 0.6468136640625 0.30768591875 0.618051103125 0.27016340625 0.6178923046875 0.2293353078125 0.6228284296875 0.22602972187499998 0.6279233484375 0.226972521875 0.6466414953124999
7 0.6033375234375 0.5575927968750001 0.6033047859375 0.55197008125 0.578294628125 0.5526972109375 0.5741480937500001 0.5565668765625 0.5741917453125 0.5640638296875 0.577548259375 0.5677153578125 0.584221271875 0.5681461999999999 0.6033375234375 0.5575927968750001