4 0.9087500000000001 0.4141666671875 0.9037499999999999 0.42416666718749996 0.905 0.4325 0.913125 0.43833333281250003 0.914375 0.44333333281250004 0.906875 0.45 0.9018750000000001 0.465 0.89625 0.4691666671875 0.88375 0.47083333281249995 0.843125 0.47083333281249995 0.828125 0.4625 0.828125 0.5358333328125 0.8487500000000001 0.5466666671875 0.8868750000000001 0.6 0.8887499999999999 0.6516666671875 0.8712500000000001 0.6875 0.87625 0.7058333328125 0.9275 0.7441666671875 0.95875 0.7433333328125 0.999375 0.7283333328125 0.999375 0.3466666671875 0.9868750000000001 0.3408333328125 0.9650000000000001 0.3416666671875 0.929375 0.3566666671875 0.91875 0.36583333281249997 0.9112500000000001 0.38 0.911875 0.3891666671875 0.906875 0.4016666671875 0.9087500000000001 0.4141666671875
8 0.796875 0.5266666671875 0.79 0.5175 0.795 0.5091666671875 0.805625 0.5041666671875 0.8125 0.5041666671875 0.838125 0.515 0.8375 0.4966666671875 0.834375 0.49000000000000005 0.77 0.465 0.76 0.42416666718749996 0.76 0.41500000000000004 0.7631249999999999 0.41166666718749995 0.76 0.40750000000000003 0.755 0.4058333328125 0.753125 0.40833333281249995 0.745625 0.43833333281250003 0.745625 0.45583333281250005 0.7631249999999999 0.5233333328125 0.79625 0.5333333328125 0.796875 0.5266666671875
0 0.67125 0.6275000000000001 0.68125 0.6358333328125 0.68625 0.6341666671875 0.7125 0.5941666671875 0.73625 0.5725 0.7537499999999999 0.5458333328125 0.75125 0.5291666671875 0.7381249999999999 0.5108333328125 0.709375 0.4883333328125 0.684375 0.4791666671875 0.67 0.4808333328125 0.639375 0.49416666718749996 0.625 0.505 0.615625 0.5175 0.6118750000000001 0.5275000000000001 0.61375 0.5491666671875 0.665625 0.5941666671875 0.67 0.6041666671875 0.67125 0.6275000000000001
9 0.5493750000000001 0.7266666671875 0.5662499999999999 0.7341666671875 0.5725 0.7341666671875 0.58 0.7266666671875 0.58375 0.7166666671875 0.615625 0.6658333328125 0.619375 0.6441666671874999 0.625625 0.6341666671875 0.6287499999999999 0.6216666671875 0.655 0.5858333328125 0.655 0.5816666671874999 0.645625 0.5700000000000001 0.6287499999999999 0.5599999999999999 0.61625 0.545 0.615 0.5291666671875 0.618125 0.5216666671875 0.6168750000000001 0.5166666671875 0.57375 0.49083333281249997 0.49124999999999996 0.4483333328125 0.39375 0.4033333328125 0.36312500000000003 0.41166666718749995 0.32875 0.43 0.2975 0.4408333328125 0.26687500000000003 0.45583333281250005 0.26187499999999997 0.465 0.26187499999999997 0.4716666671875 0.27375 0.485 0.401875 0.5991666671875 0.5493750000000001 0.7266666671875
12 0.14375 0.675 0.145 0.6799999999999999 0.136875 0.7016666671875 0.138125 0.7075 0.20625 0.7391666671875 0.20812499999999998 0.7424999999999999 0.20375000000000001 0.7583333328124999 0.20875 0.7708333328125 0.24125000000000002 0.7849999999999999 0.24 0.7966666671875 0.23500000000000001 0.8091666671875 0.236875 0.8166666671874999 0.240625 0.8191666671875 0.250625 0.8166666671874999 0.265 0.7966666671875 0.305625 0.8099999999999999 0.30625 0.8133333328125 0.291875 0.8425 0.276875 0.885 0.2725 0.9183333328125001 0.2725 0.9275 0.275625 0.9358333328124999 0.2875 0.9316666671875 0.294375 0.9216666671875 0.29375 0.9075 0.288125 0.8975 0.288125 0.885 0.313125 0.8158333328125 0.325 0.8116666671875 0.338125 0.7941666671875 0.34249999999999997 0.7941666671875 0.34875 0.805 0.36375 0.8175000000000001 0.374375 0.8308333328125 0.37124999999999997 0.8483333328124999 0.37312500000000004 0.8591666671875 0.384375 0.8608333328125 0.39187500000000003 0.8508333328125 0.39375 0.8441666671875 0.39249999999999996 0.8358333328124999 0.38125 0.8166666671874999 0.34500000000000003 0.7866666671875 0.34625 0.78 0.37312500000000004 0.7391666671875 0.37875000000000003 0.7391666671875 0.38625 0.7483333328125 0.39375 0.75 0.398125 0.745 0.40062499999999995 0.7341666671875 0.40062499999999995 0.7266666671875 0.3975 0.7216666671875 0.39125 0.7208333328125 0.38375 0.725 0.38 0.7224999999999999 0.3975 0.6716666671875 0.40374999999999994 0.6366666671875 0.40062499999999995 0.6308333328125 0.39375 0.6275000000000001 0.364375 0.6216666671875 0.35812499999999997 0.6166666671875001 0.37312500000000004 0.5833333328125 0.37374999999999997 0.575 0.36875 0.5658333328125 0.366875 0.5658333328125 0.365 0.5841666671875 0.350625 0.6166666671875001 0.32437499999999997 0.6108333328125 0.30375 0.6108333328125 0.29874999999999996 0.6041666671875 0.28500000000000003 0.5366666671875 0.26375000000000004 0.4966666671875 0.250625 0.47750000000000004 0.244375 0.4733333328125 0.18375 0.515 0.128125 0.5608333328125 0.0925 0.595 0.091875 0.6016666671875 0.094375 0.6058333328125001 0.1325 0.6558333328125 0.14375 0.675
11 0.55375 0.2491666671875 0.51375 0.2558333328125 0.509375 0.3 0.51 0.3183333328125 0.54625 0.305 0.55125 0.28500000000000003 0.55375 0.2491666671875
11 0.573125 0.24 0.571875 0.2475 0.56875 0.29 0.615 0.2866666671875 0.620625 0.2391666671875 0.573125 0.24
11 0.8006249999999999 0.36583333281249997 0.80625 0.3625 0.805625 0.335 0.8074999999999999 0.3308333328125 0.805625 0.325 0.8106249999999999 0.31083333281250003 0.809375 0.2975 0.8025 0.3 0.795625 0.31916666718750003 0.795 0.3358333328125 0.7875 0.3566666671875 0.7887500000000001 0.36583333281249997 0.8006249999999999 0.36583333281249997
11 0.66125 0.22833333281249998 0.645 0.22999999999999998 0.63875 0.2575 0.63875 0.2725 0.65125 0.2708333328125 0.658125 0.2525 0.66125 0.22833333281249998
11 0.680625 0.2241666671875 0.6725 0.2475 0.670625 0.26 0.683125 0.2625 0.69375 0.2241666671875 0.680625 0.2241666671875
6 0.843125 0.39249999999999996 0.8275 0.3883333328125 0.80625 0.3908333328125 0.7837500000000001 0.38166666718750003 0.7375 0.38 0.740625 0.3966666671875 0.755625 0.4025 0.843125 0.41916666718749995 0.843125 0.39249999999999996
10 0.467946875 0.48028250000000006 0.471450625 0.4765475 0.47074999999999995 0.4662758328125 0.4686475 0.45880583281250004 0.46514375 0.451335 0.45883624999999995 0.4494675 0.45200375 0.4580775 0.451128125 0.4672091671875 0.451128125 0.4756133328125 0.457435 0.4793491671875 0.467946875 0.48028250000000006
13 0.43272062499999997 0.3538308328125 0.43162625 0.31737916718750003 0.42746812500000003 0.3083391671875 0.42155875 0.3086508328125 0.42134 0.3182541671875 0.42243437500000003 0.3538308328125 0.43272062499999997 0.3538308328125