4 0.7375 0.2816666671875 0.7375 0.30333333281249997 0.7306250000000001 0.3441666671875 0.74125 0.3708333328125 0.7418750000000001 0.38 0.746875 0.38416666718750003 0.75 0.3991666671875 0.78125 0.4033333328125 0.790625 0.395 0.79375 0.3716666671875 0.8081250000000001 0.35 0.8087500000000001 0.2991666671875 0.818125 0.2841666671875 0.8162499999999999 0.2391666671875 0.819375 0.20249999999999999 0.8125 0.1966666671875 0.795625 0.1983333328125 0.784375 0.2158333328125 0.7775000000000001 0.2158333328125 0.7725 0.2108333328125 0.766875 0.2116666671875 0.759375 0.21833333281249998 0.7575000000000001 0.22999999999999998 0.746875 0.24500000000000002 0.7325 0.2525 0.729375 0.27 0.7306250000000001 0.275 0.7325 0.2741666671875 0.7375 0.2816666671875
4 0.244375 0.225 0.248125 0.2241666671875 0.253125 0.22999999999999998 0.26 0.25833333281250004 0.26437499999999997 0.25833333281250004 0.276875 0.2108333328125 0.2725 0.19083333281249998 0.26687500000000003 0.175 0.259375 0.1641666671875 0.258125 0.1508333328125 0.254375 0.14750000000000002 0.24937499999999999 0.14750000000000002 0.244375 0.1608333328125 0.23500000000000001 0.1675 0.23312499999999997 0.17916666718750002 0.23937499999999998 0.19 0.241875 0.21749999999999997 0.244375 0.225
11 0.0325 0.4683333328125 0.04375 0.4691666671875 0.1125 0.44666666718750003 0.11499999999999999 0.44333333281250004 0.11499999999999999 0.43166666718749996 0.10874999999999999 0.4141666671875 0.1025 0.38 0.10625 0.3708333328125 0.26125 0.37 0.250625 0.3 0.23937499999999998 0.24583333281250003 0.23562500000000003 0.2391666671875 0.11000000000000001 0.24500000000000002 0.00125 0.255 0 0.4716666671875 0.001875 0.4725 0.02 0.47583333281250006 0.0325 0.4683333328125
11 0.146875 0.5291666671875 0.151875 0.5316666671875 0.2125 0.5308333328125 0.30625 0.5383333328125001 0.325625 0.5375 0.3325 0.5325 0.32999999999999996 0.4916666671875 0.320625 0.4158333328125 0.31437499999999996 0.38166666718750003 0.31124999999999997 0.37666666718749997 0.305625 0.37333333281250003 0.2575 0.37 0.11937500000000001 0.3675 0.109375 0.36833333281249997 0.100625 0.375 0.099375 0.38166666718750003 0.10687500000000001 0.41 0.13874999999999998 0.5133333328125 0.146875 0.5291666671875
6 0.133125 0.6508333328125 0.1925 0.6541666671875 0.18687499999999999 0.5858333328125 0.10187500000000001 0.5841666671875 0.050624999999999996 0.6483333328125 0.05125 0.6541666671875 0.05625 0.655 0.1275 0.6541666671875 0.133125 0.6508333328125
6 0.4925 0.6174999999999999 0.4925 0.58 0.489375 0.5758333328125 0.48250000000000004 0.5741666671875 0.38687499999999997 0.5733333328125 0.383125 0.5758333328125 0.37312500000000004 0.61 0.3725 0.6166666671875001 0.375625 0.6224999999999999 0.48562500000000003 0.6266666671875 0.4925 0.6174999999999999
8 0.161875 0.7083333328125 0.15 0.735 0.13 0.7583333328124999 0.09625 0.7916666671875 0.081875 0.7966666671875 0.08125 0.8208333328125 0.14937499999999998 0.8916666671875 0.15437499999999998 0.8875 0.205 0.9191666671875 0.20437500000000003 0.9316666671875 0.20625 0.9316666671875 0.256875 0.8683333328125 0.3275 0.7691666671874999 0.325625 0.6174999999999999 0.32125 0.6108333328125 0.305 0.6025 0.19375 0.5475 0.183125 0.5466666671875 0.183125 0.5650000000000001 0.190625 0.6158333328125 0.19375 0.6775 0.161875 0.7083333328125
10 0.446875 0.7716666671875 0.460625 0.7391666671875 0.46125 0.7224999999999999 0.45125000000000004 0.7133333328125 0.438125 0.7150000000000001 0.43125 0.7241666671875 0.421875 0.75 0.42125 0.7625 0.426875 0.7716666671875 0.436875 0.7758333328125 0.446875 0.7716666671875
1 0.50125 0.9199999999999999 0.55625 0.8741666671875 0.555625 0.8683333328125 0.5325 0.825 0.525625 0.8183333328125 0.520625 0.8191666671875 0.476875 0.8508333328125 0.473125 0.8558333328125001 0.47375 0.8591666671875 0.49812500000000004 0.9199999999999999 0.50125 0.9199999999999999
1 0.6481250000000001 0.76 0.6475 0.7525000000000001 0.621875 0.705 0.614375 0.705 0.584375 0.7166666671875 0.584375 0.725 0.6075 0.7758333328125 0.61375 0.7758333328125 0.6481250000000001 0.76
1 0.5037499999999999 0.6883333328125001 0.514375 0.6816666671875 0.500625 0.6433333328125 0.45437500000000003 0.6583333328125 0.45187499999999997 0.6658333328125 0.46187500000000004 0.6941666671875 0.46687500000000004 0.7 0.5037499999999999 0.6883333328125001
1 0.609375 0.6616666671875 0.6075 0.65 0.600625 0.6316666671875 0.5974999999999999 0.6291666671875 0.558125 0.6308333328125 0.5543750000000001 0.6333333328124999 0.553125 0.6441666671874999 0.563125 0.67 0.60375 0.6666666671875 0.609375 0.6616666671875
13 0.5599999999999999 0.58 0.564375 0.5349999999999999 0.56375 0.5075000000000001 0.5575 0.4841666671875 0.5475 0.48333333281249996 0.545 0.48666666718749996 0.5375 0.5083333328124999 0.53625 0.5291666671875 0.535625 0.58 0.5425 0.5875 0.555625 0.5858333328125 0.5599999999999999 0.58
12 0.91625 0.38 0.9018750000000001 0.3775 0.89125 0.38 0.8800000000000001 0.3933333328125 0.878125 0.4016666671875 0.88125 0.40416666718750005 0.8862500000000001 0.4025 0.89625 0.3883333328125 0.911875 0.3891666671875 0.923125 0.4 0.9225 0.4058333328125 0.914375 0.4125 0.915 0.4183333328125 0.930625 0.4233333328125 0.9493750000000001 0.42416666718749996 0.953125 0.41500000000000004 0.9662499999999999 0.4033333328125 0.971875 0.3933333328125 0.9925 0.335 0.996875 0.3283333328125 0.999375 0.3175 0.999375 0.2816666671875 0.9675 0.2808333328125 0.9481249999999999 0.3075 0.9425000000000001 0.3091666671875 0.9099999999999999 0.3016666671875 0.9018750000000001 0.3125 0.9 0.3266666671875 0.889375 0.3341666671875 0.906875 0.3516666671875 0.9125 0.3533333328125 0.92125 0.3691666671875 0.91625 0.38
12 0.63875 0.3333333328125 0.629375 0.3516666671875 0.629375 0.3641666671875 0.630625 0.36666666718749996 0.6375 0.36583333281249997 0.6381249999999999 0.355 0.650625 0.34249999999999997 0.658125 0.3533333328125 0.6599999999999999 0.3691666671875 0.665625 0.3708333328125 0.6681250000000001 0.3591666671875 0.661875 0.3408333328125 0.65125 0.33999999999999997 0.6481250000000001 0.3225 0.654375 0.315 0.66625 0.3125 0.676875 0.30333333281249997 0.6775 0.2991666671875 0.6693749999999999 0.29500000000000004 0.658125 0.265 0.655625 0.25166666718749997 0.6174999999999999 0.2491666671875 0.6174999999999999 0.305 0.634375 0.31083333281250003 0.64125 0.3175 0.63875 0.3333333328125
7 0.5575 0.6941666671875 0.55125 0.6891666671875 0.55 0.6691666671875 0.54375 0.6633333328125001 0.53 0.6666666671875 0.53 0.6783333328125 0.546875 0.7141666671875 0.5549999999999999 0.7141666671875 0.5575 0.6941666671875
10 0.34875 0.6816666671875 0.356875 0.665 0.35812499999999997 0.6416666671875 0.35125 0.6358333328125 0.33375 0.635 0.328125 0.64 0.32625000000000004 0.6533333328125 0.32625000000000004 0.6866666671874999 0.33125 0.6908333328125 0.33875 0.6900000000000001 0.34875 0.6816666671875