9 1 0.3480581 0.9586529796875001 0.272508184375 0.9406253515625 0.2476407296875 0.9331833921875001 0.2422367859375 0.9265166796875001 0.24146157812500002 0.9171022109375 0.258599465625 0.8507831109374999 0.30002981875 0.7865115390625 0.3355163875 0.6986199328125 0.3188014375 0.6422628765625 0.3043056875 0.6384215453125 0.295838234375 0.6405545203125 0.2809837109375 0.6370794531249999 0.277058309375 0.6324977828125 0.27863834375 0.6202126031249999 0.31430104375 0.6125622421875 0.3184195546875 0.6041366359375 0.31790933125 0.599635196875 0.32333301875 0.5857568015625 0.3541936203125 0.581453340625 0.37560364062499996 0.5831809640625 0.45186502031250003 0.59477839375 0.5978224078125 0.599723721875 0.6071616234375 0.7173935890625 0.61998355625 0.7397673984375001 0.6189856203125 0.8100325453125 0.6300513859375 0.8141651140624999 0.6264628437499999 0.9418371421874999 0.5852804984375 1 0.5812674624999999 1 0.3480581
8 0.9129373421875 0.24113459218750002 0.8510071484375 0.2522441828125 0.8407799234375 0.2564543125 0.8372194109375 0.26143964999999997 0.829488815625 0.26171450625000003 0.81587196875 0.253088496875 0.8112955109375 0.24191413593750002 0.8212018015625 0.2223293875 0.845013575 0.20569184843750002 0.8838749453125001 0.19479511249999998 0.8805655546875 0.1858026265625 0.8642541015624999 0.16512555625 0.8594692390625 0.16347365 0.8421637109375 0.1731990859375 0.8227679296874999 0.193323675 0.7951122234375 0.20787095781249998 0.780388771875 0.2047503796875 0.7758070984375001 0.2063304125 0.749129825 0.22873836875000003 0.7332195375 0.2272795734375 0.64700659375 0.206455984375 0.64369199375 0.21021789375000002 0.6482632390624999 0.23414664843750002 0.64796939375 0.252579840625 0.6615653921875 0.3122234265625 0.78237896875 0.3391049296875 0.8079069140625 0.3266577765625 0.9137876109375 0.262361375 0.9185349625000001 0.2557142578125 0.9129373421875 0.24113459218750002
6 0.755597534375 0.11594746250000001 0.7010613625000001 0.14967075937500002 0.6872955000000001 0.2054284328125 0.688231215625 0.21774447812500003 0.730642671875 0.227371190625 0.73358840625 0.225444428125 0.7396184640625 0.1827160046875 0.7476001812499999 0.16846332343749998 0.7596873828125 0.11681428906249999 0.755597534375 0.11594746250000001
6 0.650173203125 0.3646575421875 0.6425228453125 0.36877605468749997 0.6257633140625 0.4436702546875 0.654392246875 0.4497380421875 0.658524815625 0.4461494984375 0.6765139078125 0.3651381484375 0.6730388406250001 0.3612127484375 0.6678851109374999 0.3613959859375 0.650173203125 0.3646575421875
11 0.62753681875 0.3075623078125 0.646840915625 0.2115230703125 0.6497168390625 0.18024386406249998 0.6426437453125 0.1730047765625 0.6076794578125 0.1560276109375 0.5524316140625001 0.12964922968749998 0.542493021875 0.128180559375 0.5360294999999999 0.1306372921875 0.53173125 0.13929291875 0.5156667328125 0.2149722 0.505905271875 0.280507440625 0.5185811921875 0.2895718 0.602131828125 0.3193977453125 0.6161602671875 0.3217332421875 0.6238106250000001 0.3176147296875 0.62753681875 0.3075623078125
11 0.48561500625000004 0 0.4289140296875 0.2138052375 0.43390207968750005 0.218689084375 0.5085780062499999 0.24599629531249997 0.5133680796875 0.23489380781250002 0.5325417203125 0.1395035984375 0.5440060046874999 0.1291390046875 0.5865779296875 0.146453028125 0.597457446875 0.1474833484375 0.6194030046875 0.09345932812499999 0.6334950140625 0.040321878125 0.631655884375 0.036743209375 0.612805075 0.02445678125 0.5776375984375 0.0042476765625 0.5734873234375 0 0.48561500625000004 0
10 0.7508157546875001 0.4070348984375 0.7286024078125 0.41572014375000005 0.7239352921875 0.4262109140625 0.7283085609375 0.4341533375 0.7497414484375 0.4335937515625 0.7669240187499999 0.4244800296875 0.7687683609375 0.41530430625000003 0.7648441921875 0.40937039531249997 0.7560924390625 0.406239946875 0.7508157546875001 0.4070348984375
10 0.690633003125 0.3458085125 0.6923491765625001 0.34999889687499997 0.7148459421875 0.348389246875 0.7266288734375 0.34068219375000003 0.7301518765624999 0.3273978328125 0.7097026375000001 0.323063696875 0.69603785625 0.3316474515625 0.690633003125 0.3458085125
1 0.7792904593750001 0.49024076406250006 0.8096303515625 0.51325333125 0.8474382625000001 0.47789787187500005 0.8484219109375 0.47300415156250003 0.8181622531249999 0.45383524062499997 0.8114955390624999 0.45306003125 0.78170685625 0.4824618359375 0.7792904593750001 0.49024076406250006
1 0.719376521875 0.5719329359375 0.737547953125 0.5451711015625 0.7091701453125 0.525125490625 0.70250343125 0.52435028125 0.687972746875 0.5499704328125 0.7122607078125001 0.5691492171875 0.719376521875 0.5719329359375
1 0.693649571875 0.470813971875 0.7124785046875 0.43653819374999997 0.69595865 0.42538357656250003 0.6885969234375 0.42382328906250005 0.6683779624999999 0.4565289078125 0.6864108015625 0.4686419703125 0.693649571875 0.470813971875
1 0.64983245 0.49788028124999995 0.642171665625 0.5275075796875 0.652639590625 0.5348284140625 0.66302728125 0.53830559375 0.6675287187500001 0.53288190625 0.6755156484375 0.50587483125 0.6602628640625 0.496902090625 0.65277818125 0.4959535171875 0.64983245 0.49788028124999995
13 0.5665277265625 0.46683090624999996 0.5471798796875 0.46974573125 0.546399421875 0.477871390625 0.5798507265625 0.493890109375 0.6148202281249999 0.49811287968749995 0.6221017203125 0.49582951406250003 0.6243149265625 0.48481864531249996 0.6194498328125 0.4793230828125 0.588858815625 0.47028834062499997 0.5665277265625 0.46683090624999996
7 0.6767879328124999 0.49530231249999995 0.6926555 0.5012164796875 0.7068068921874999 0.5029402609375 0.7072184828125 0.496649746875 0.6879185718749999 0.482354809375 0.6786749953125 0.48167122031250004 0.6744997046875 0.4897151328125 0.6767879328124999 0.49530231249999995
4 0.391629134375 0.6708407734375 0.39309418125 0.6890089828125 0.39656925 0.692934384375 0.408758559375 0.691691209375 0.443326890625 0.6766957078125 0.44574328906250005 0.6689167796875 0.442760046875 0.6625445171875 0.43662788125 0.65486708125 0.42914320000000006 0.6539185078124999 0.42325694687500004 0.645017640625 0.4208936953125 0.6228324125 0.4174186265625 0.6189070109375 0.4129599125 0.619875328125 0.406785025 0.6166532609375001 0.4060097765625 0.6120245265625 0.3762367296875 0.60316315 0.32203712812499996 0.6139978828125 0.31786183437500004 0.6220417953124999 0.32198919375 0.631207646875 0.3401074765625 0.6344099703125 0.3472660140625 0.63273831875 0.350580615625 0.6289764109375 0.3770390609375 0.6415996953125 0.383866240625 0.6500622125 0.3845560421875 0.6636016875 0.391629134375 0.6708407734375
12 0.35508931875 0.805957890625 0.3757042359375 0.805224940625 0.3790188375 0.80146303125 0.38969516406250004 0.7992614125 0.3972600765625 0.8040536406250001 0.4096525765625 0.8060424062499999 0.45476906718750004 0.802211390625 0.4543626890625 0.7957475109375001 0.4315397765625 0.7947369375 0.4218095875 0.7837458125000001 0.4398903625 0.7786491125 0.44655707343750006 0.7794243187500001 0.45338946562500004 0.77513244375 0.4517160140625 0.7664866875 0.4391578375 0.7695650078125 0.43269952656250005 0.7592673453125001 0.43466682343749996 0.7494799078125001 0.44452517968749994 0.747104921875 0.44800546093750004 0.7382759296875 0.4405207796875 0.73732735625 0.42910671562499997 0.7431992640625 0.4248459765625 0.760153915625 0.41605150156250004 0.7614788375 0.407465428125 0.7532813046875 0.4069360921875 0.7474291390625 0.3965536140625 0.7311975671875001 0.392544 0.73417439375 0.37757463750000003 0.7322772484375 0.3711111125 0.7347339796875 0.36857175937500003 0.7431246218750001 0.370405675 0.7594576875 0.3668451625 0.764443025 0.3454497875 0.773301634375 0.33794946875 0.81061624375 0.35508931875 0.805957890625
12 0.4506073578125 0.576832559375 0.4557610875 0.576649321875 0.45801180625000004 0.5739374765624999 0.45465969375000004 0.5694003624999999 0.44394585781250007 0.5633029578125 0.44955390156249997 0.5523738359375 0.46174320937499996 0.5511306609375 0.46154523281250004 0.535144328125 0.45209846562499995 0.5312287984374999 0.4450201640625 0.5367441046875 0.44129397187499997 0.5467965265625 0.43658934374999997 0.5489882765625 0.42734576874999997 0.5483046859375 0.42096769062500006 0.5418506796875 0.41921400625 0.52936126875 0.40845744687499996 0.527719234375 0.4042873671875 0.5230087546875 0.3808121625 0.516757728125 0.375033228125 0.545508328125 0.4039028625 0.5631070796875 0.4054533546875 0.57236455 0.41780834375 0.566054290625 0.42210659218749996 0.5573986640624999 0.4266882640625 0.55581863125 0.437728246875 0.564536259375 0.44058853593749997 0.5715202359375 0.4506073578125 0.576832559375
12 0.3921282234375 0.850799084375 0.40288478281250006 0.8524411187500001 0.40730077500000006 0.8559281703125 0.40888877968750004 0.8734846640624999 0.41432593281249996 0.8803770203125 0.42099264375 0.8811522281249999 0.4317116921875 0.8744952390625 0.43130531406249994 0.868031359375 0.4206717109375 0.865777609375 0.41503136874999996 0.8556533140625 0.41745297968750006 0.8351199906250001 0.42228056406250003 0.8323165296875 0.431524140625 0.8330001171875001 0.43263074375 0.827494684375 0.4259640328125 0.8267194765625 0.42109893906250007 0.8212239140625 0.4245364953125 0.8168502906249999 0.4210614265625 0.812924890625 0.416030653125 0.8124964125 0.412021040625 0.815473240625 0.4065734640625 0.834089671875 0.3855094453125 0.8328141125 0.3855146578125 0.8200597187499999 0.381098665625 0.8165726671875 0.37128303125 0.8144922828125001 0.367760028125 0.8277766453125001 0.342440484375 0.83070134375 0.32963639375 0.8350030921875 0.32085858125 0.8956446124999999 0.3614361234375 0.8889382625 0.3656114171875 0.8808943499999999 0.380457825 0.8834032109375001 0.38460081874999996 0.8543058796875 0.3921282234375 0.850799084375
11 0.31051258593750003 0.7901322828125 0.3127685171875 0.7746660453125 0.3054067921875 0.77310575625 0.281274084375 0.7743686765625 0.2732392203125 0.8185855140625 0.2779011265625 0.8208491359375 0.27987643125 0.8279931296875 0.27461361093750003 0.8584188546875 0.30553598593750003 0.8573194296875 0.3102406140625 0.8551276828125 0.3205689203125 0.80374363125 0.31051258593750003 0.7901322828125
11 0.2633172921875 0.8764334437500001 0.2531921765625 0.931049434375 0.28661118124999996 0.926014734375 0.29279128125 0.9164824078124999 0.299623671875 0.9121905312499999 0.3040553015625 0.8774144015625 0.30278823125 0.8752325265625001 0.2920316703125 0.8735904906249999 0.2633172921875 0.8764334437500001
11 0.2945106125 0.7127588375 0.32248725624999997 0.713586175 0.327041840625 0.6781983296874999 0.3028289 0.67561759375 0.2945106125 0.7127588375
0 0.36067343281249997 0.5533070015625 0.3572733890625 0.5659796484374999 0.357433853125 0.5736669578125 0.36103187812500004 0.57698064375 0.370890234375 0.574605659375 0.374824828125 0.5550307828125 0.3729857 0.5514521109375 0.36550101874999996 0.5505035375 0.36067343281249997 0.5533070015625
2 0.37395789687500003 0.4744874 0.378459334375 0.46906371093750004 0.39494168125 0.47191930312499997 0.39694648906249996 0.47043088906249997 0.3993680984375 0.44989756718749996 0.32096598125 0.43264277812499996 0.3146952234375 0.4638402390625 0.37395789687500003 0.4744874
2 0.41302664062499994 0.3564884265625 0.3428469421875 0.336511921875 0.336699140625 0.36709766718750003 0.3678622171875 0.3775292046875 0.40761657656250005 0.38340388124999997 0.41302664062499994 0.3564884265625