9 0.40499999999999997 0.4516666671875 0.514375 0.5358333328125 0.52125 0.5375 0.538125 0.5333333328125 0.5575 0.5241666671874999 0.58375 0.51 0.608125 0.49083333281249997 0.6275000000000001 0.48166666718749995 0.6375 0.47083333281249995 0.6331249999999999 0.4641666671875 0.44375 0.3741666671875 0.43062500000000004 0.3891666671875 0.323125 0.33999999999999997 0.315625 0.3291666671875 0.299375 0.3283333328125 0.2975 0.32083333281250004 0.2925 0.3166666671875 0.27625 0.3133333328125 0.270625 0.32083333281250004 0.26687500000000003 0.33166666718750004 0.2725 0.3375 0.31 0.36666666718749996 0.40499999999999997 0.4516666671875
12 0.34562499999999996 0.5566666671875 0.36062500000000003 0.5741666671875 0.369375 0.595 0.38875000000000004 0.6158333328125 0.421875 0.6341666671875 0.42625 0.64 0.425 0.6616666671875 0.42125 0.6658333328125 0.40875000000000006 0.6599999999999999 0.384375 0.6599999999999999 0.375 0.6658333328125 0.37 0.675 0.3725 0.6866666671874999 0.37687499999999996 0.6883333328125001 0.38125 0.6841666671875 0.40499999999999997 0.7083333328125 0.38375 0.7508333328125001 0.38375 0.7608333328125 0.390625 0.765 0.4 0.7575000000000001 0.4 0.7341666671875 0.42625 0.6908333328125 0.45 0.6908333328125 0.45437500000000003 0.6950000000000001 0.476875 0.7275 0.47562499999999996 0.755 0.479375 0.7583333328124999 0.48624999999999996 0.7558333328125 0.48875 0.75 0.48624999999999996 0.7258333328125001 0.471875 0.7033333328125 0.491875 0.6775 0.5 0.6775 0.501875 0.6633333328125001 0.491875 0.6466666671875 0.484375 0.6466666671875 0.46749999999999997 0.6541666671875 0.4625 0.6508333328125 0.4625 0.6475 0.46875 0.6241666671874999 0.48125 0.61 0.5 0.5650000000000001 0.499375 0.5416666671875 0.495 0.5208333328125 0.491875 0.5166666671875 0.48375 0.515 0.47437500000000005 0.5216666671875 0.3275 0.4683333328125 0.31625000000000003 0.45083333281250004 0.305625 0.44749999999999995 0.305 0.4525 0.330625 0.4933333328125 0.34375 0.5383333328125001 0.34562499999999996 0.5566666671875
12 0.276875 0.4233333328125 0.28500000000000003 0.46333333281250005 0.315 0.4966666671875 0.321875 0.5008333328125001 0.333125 0.4966666671875 0.32 0.4716666671875 0.32687499999999997 0.4625 0.335625 0.47416666718749995 0.34249999999999997 0.4783333328125 0.366875 0.475 0.38125 0.465 0.39625 0.4658333328125 0.39437500000000003 0.4566666671875 0.370625 0.43166666718749996 0.35 0.43166666718749996 0.34375 0.4266666671875 0.348125 0.4091666671875 0.34625 0.4025 0.33875 0.3933333328125 0.32999999999999996 0.39 0.313125 0.3891666671875 0.299375 0.3933333328125 0.27937500000000004 0.39 0.263125 0.3608333328125 0.255 0.3591666671875 0.25187499999999996 0.3758333328125 0.25625 0.3991666671875 0.26625 0.4033333328125 0.276875 0.4233333328125
12 0.3075 0.6008333328125001 0.305625 0.5900000000000001 0.30874999999999997 0.5858333328125 0.32687499999999997 0.5758333328125 0.33875 0.5733333328125 0.34750000000000003 0.5816666671874999 0.34187500000000004 0.615 0.35125 0.6166666671875001 0.350625 0.5991666671875 0.353125 0.5841666671875 0.361875 0.5716666671875 0.34375 0.5491666671875 0.3325 0.5458333328125 0.325625 0.5566666671875 0.3275 0.5675 0.304375 0.58 0.29312499999999997 0.6008333328125001 0.2925 0.605 0.29625 0.6091666671875 0.301875 0.6091666671875 0.3075 0.6008333328125001
9 0.8550000000000001 0.5733333328125 0.86625 0.5641666671875 0.89375 0.5233333328125 0.9018750000000001 0.5058333328125 0.90625 0.47416666718749995 0.9106249999999999 0.4658333328125 0.91625 0.4658333328125 0.9356249999999999 0.47583333281250006 0.9400000000000001 0.475 0.959375 0.42416666718749996 0.845 0.3966666671875 0.835625 0.4033333328125 0.8256249999999999 0.4025 0.82125 0.3933333328125 0.79 0.3883333328125 0.74 0.4125 0.6675 0.45416666718750004 0.64625 0.47083333281249995 0.645625 0.48333333281249996 0.686875 0.5066666671875 0.8125 0.5641666671875 0.8550000000000001 0.5733333328125
13 0.8481249999999999 0.3458333328125 0.8425 0.34500000000000003 0.835 0.3566666671875 0.826875 0.3908333328125 0.826875 0.4 0.8393750000000001 0.4 0.85 0.3625 0.8481249999999999 0.3458333328125
11 0.406875 0.3516666671875 0.43499999999999994 0.3633333328125 0.441875 0.3625 0.440625 0.2883333328125 0.416875 0.28250000000000003 0.41187500000000005 0.2716666671875 0.41187500000000005 0.24 0.39437500000000003 0.2383333328125 0.39249999999999996 0.2416666671875 0.395 0.2716666671875 0.38937499999999997 0.2833333328125 0.39437500000000003 0.3416666671875 0.406875 0.3516666671875
11 0.620625 0.31083333281250003 0.621875 0.2625 0.586875 0.2575 0.575 0.2575 0.57375 0.2625 0.573125 0.2833333328125 0.5756249999999999 0.3025 0.61125 0.3116666671875 0.620625 0.31083333281250003
11 0.47750000000000004 0.2841666671875 0.480625 0.2616666671875 0.48 0.2475 0.453125 0.24416666718750002 0.45375 0.27 0.46125 0.2733333328125 0.47062499999999996 0.2841666671875 0.47750000000000004 0.2841666671875
11 0.34750000000000003 0.3366666671875 0.353125 0.3366666671875 0.35625 0.3291666671875 0.353125 0.2866666671875 0.34500000000000003 0.2641666671875 0.34125 0.2625 0.339375 0.265 0.336875 0.2716666671875 0.34187500000000004 0.2908333328125 0.344375 0.3325 0.34750000000000003 0.3366666671875
11 0.305 0.2816666671875 0.3 0.2541666671875 0.28500000000000003 0.2508333328125 0.29 0.2941666671875 0.301875 0.3016666671875 0.305625 0.3008333328125 0.305 0.2816666671875
0 0.745625 0.35583333281249996 0.749375 0.34500000000000003 0.7474999999999999 0.3308333328125 0.743125 0.325 0.714375 0.32166666718750003 0.6993750000000001 0.3233333328125 0.681875 0.3383333328125 0.6799999999999999 0.3466666671875 0.684375 0.3533333328125 0.690625 0.35583333281249996 0.745625 0.35583333281249996
6 0.43375 0.38333333281250004 0.433125 0.3783333328125 0.40437500000000004 0.36 0.38687499999999997 0.3691666671875 0.38687499999999997 0.37333333281250003 0.39249999999999996 0.38166666718750003 0.414375 0.39416666718750004 0.43375 0.38333333281250004
4 0.1775 0.2983333328125 0.185 0.305 0.200625 0.30333333281249997 0.21812499999999999 0.3225 0.22000000000000003 0.3341666671875 0.23125 0.34500000000000003 0.23374999999999999 0.36 0.24125000000000002 0.36 0.241875 0.3458333328125 0.238125 0.3225 0.231875 0.3125 0.2375 0.305 0.255 0.30333333281249997 0.256875 0.2958333328125 0.21812499999999999 0.2966666671875 0.209375 0.28250000000000003 0.20125 0.24583333281250003 0.1925 0.24 0.184375 0.2391666671875 0.17625 0.2483333328125 0.17875000000000002 0.2733333328125 0.175 0.28250000000000003 0.175 0.29 0.1775 0.2983333328125
12 0.15125 0.36666666718749996 0.15437499999999998 0.36833333281249997 0.165625 0.3625 0.16999999999999998 0.365 0.169375 0.3783333328125 0.16125 0.38416666718750003 0.1625 0.3916666671875 0.170625 0.3958333328125 0.195 0.39416666718750004 0.200625 0.40083333281250005 0.200625 0.42083333281249996 0.175 0.42833333281249997 0.170625 0.43833333281250003 0.17124999999999999 0.44333333281250004 0.176875 0.445 0.17875000000000002 0.4425 0.18625 0.44666666718750003 0.190625 0.4533333328125 0.19624999999999998 0.4533333328125 0.1975 0.44666666718750003 0.1925 0.4375 0.203125 0.42833333281249997 0.221875 0.42833333281249997 0.22999999999999998 0.43666666718749997 0.2325 0.4441666671875 0.238125 0.44333333281250004 0.23374999999999999 0.4308333328125 0.24375 0.42833333281249997 0.24312499999999998 0.4183333328125 0.234375 0.41500000000000004 0.22000000000000003 0.4158333328125 0.21437499999999998 0.4025 0.21625 0.3875 0.22875 0.38416666718750003 0.23937499999999998 0.37666666718749997 0.23875000000000002 0.3725 0.231875 0.36666666718749996 0.231875 0.3466666671875 0.22875 0.33999999999999997 0.21000000000000002 0.3291666671875 0.18875 0.3083333328125 0.135 0.3166666671875 0.145 0.3433333328125 0.14250000000000002 0.3516666671875 0.14625 0.3533333328125 0.15125 0.36666666718749996
10 0.7825 0.4033333328125 0.776875 0.3991666671875 0.76375 0.40499999999999997 0.76375 0.4091666671875 0.7675 0.4125 0.784375 0.41 0.7825 0.4033333328125
4 0.608125 0.25833333281250004 0.62625 0.2575 0.623125 0.24416666718750002 0.623125 0.22833333281249998 0.63 0.2241666671875 0.63 0.21833333281249998 0.620625 0.195 0.61625 0.1933333328125 0.6118750000000001 0.1966666671875 0.605 0.21916666718750002 0.6056250000000001 0.2416666671875 0.6018749999999999 0.2491666671875 0.6025 0.255 0.608125 0.25833333281250004
11 0.656875 0.24666666718750002 0.6575 0.2533333328125 0.67125 0.2525 0.67375 0.22000000000000003 0.635625 0.2216666671875 0.6331249999999999 0.2508333328125 0.6368750000000001 0.24500000000000002 0.649375 0.24500000000000002 0.656875 0.24666666718750002
11 0.683125 0.2216666671875 0.676875 0.25 0.676875 0.2558333328125 0.701875 0.2575 0.708125 0.2225 0.683125 0.2216666671875