9 0 0.5158333328125 0.003125 0.5175 0.05625 0.5391666671875 0.068125 0.5475 0.12437499999999999 0.5641666671875 0.141875 0.5758333328125 0.29125 0.6341666671875 0.303125 0.6425 0.35125 0.6616666671875 0.38375 0.6808333328125 0.40125 0.6799999999999999 0.43375 0.6908333328125 0.448125 0.6916666671875 0.48187499999999994 0.705 0.496875 0.7041666671875 0.516875 0.6725 0.5493750000000001 0.5933333328125 0.555625 0.5650000000000001 0.55375 0.5575 0.5475 0.5549999999999999 0.285625 0.49833333281250003 0.276875 0.5008333328125001 0.27937500000000004 0.5133333328125 0.275625 0.5183333328125 0.25375000000000003 0.5333333328125 0.230625 0.5283333328125 0.1925 0.5116666671875 0.16625 0.5108333328125 0.14125000000000001 0.5025000000000001 0.08937500000000001 0.5133333328125 0.065625 0.5016666671875 0.0625 0.49416666718749996 0.0675 0.4883333328125 0.08499999999999999 0.485 0.08687500000000001 0.48250000000000004 0.083125 0.4766666671875 0.073125 0.48 0.04625 0.4808333328125 0.0375 0.47750000000000004 0.038125 0.4716666671875 0.035625000000000004 0.4691666671875 0.0025 0.47083333281249995 0 0.4716666671875 0 0.5158333328125
9 0.6849999999999999 0.5941666671875 0.7212500000000001 0.6075 0.7474999999999999 0.61 0.7693749999999999 0.6166666671875001 0.7775000000000001 0.615 0.7825 0.6075 0.781875 0.5916666671875 0.7775000000000001 0.5725 0.77 0.5583333328125 0.750625 0.5358333328125 0.721875 0.46666666718750005 0.708125 0.4483333328125 0.6799999999999999 0.44666666718750003 0.656875 0.43666666718749997 0.645 0.43583333281250003 0.631875 0.44000000000000006 0.61875 0.4583333328125 0.5962500000000001 0.46749999999999997 0.58875 0.47583333281250006 0.571875 0.5316666671875 0.561875 0.5549999999999999 0.564375 0.5666666671875 0.583125 0.5766666671875 0.6475 0.585 0.6849999999999999 0.5941666671875
12 0.185 0.7758333328125 0.1975 0.7908333328125 0.203125 0.7991666671875 0.2 0.8133333328125 0.20249999999999999 0.8241666671875001 0.20750000000000002 0.8341666671875 0.2225 0.8508333328125 0.25125000000000003 0.8666666671875 0.281875 0.89 0.325625 0.9033333328125 0.32999999999999996 0.915 0.28875 0.9391666671875001 0.263125 0.9658333328125 0.26 0.9758333328125 0.265625 0.9891666671875001 0.273125 0.99 0.27937500000000004 0.9824999999999999 0.28375 0.9616666671875 0.290625 0.9541666671875 0.31062500000000004 0.9383333328125 0.34625 0.9191666671875 0.355 0.9375 0.34750000000000003 0.9991666671875 0.35875 0.9983333328124999 0.36875 0.9383333328125 0.3875 0.9183333328125001 0.40625 0.9225 0.44125 0.945 0.446875 0.9525 0.44875 0.9800000000000001 0.45375 0.9875 0.460625 0.9866666671875001 0.46687500000000004 0.9800000000000001 0.465625 0.9608333328124999 0.46187500000000004 0.945 0.456875 0.9366666671875 0.42874999999999996 0.9166666671874999 0.4025 0.9075 0.398125 0.9008333328125 0.4025 0.8958333328125001 0.41125 0.8691666671875 0.4225 0.8483333328124999 0.43562500000000004 0.85 0.43937499999999996 0.8466666671875 0.43875000000000003 0.8233333328124999 0.44375 0.8108333328124999 0.45437500000000003 0.7224999999999999 0.45187499999999997 0.6908333328125 0.43875000000000003 0.6908333328125 0.43062500000000004 0.7058333328125 0.3875 0.6916666671875 0.35812499999999997 0.6908333328125 0.32437499999999997 0.6958333328124999 0.316875 0.7008333328125 0.30625 0.7158333328125 0.276875 0.7641666671875 0.266041875 0.7675 0.22000000000000003 0.7625 0.198125 0.7541666671875 0.18062499999999998 0.7383333328125 0.16312500000000002 0.7283333328125 0.12437499999999999 0.7175 0.11687499999999999 0.7191666671875 0.11875 0.7266666671875 0.13999999999999999 0.7508333328125001 0.15375 0.7608333328125 0.185 0.7758333328125
12 0.055625 0.7341666671875 0.103125 0.7525000000000001 0.11687499999999999 0.755 0.138125 0.7533333328125 0.138125 0.7491666671874999 0.12062500000000001 0.7275 0.12625 0.72 0.16625 0.73 0.19125 0.7491666671874999 0.196875 0.75 0.250625 0.6841666671875 0.250625 0.6475 0.240625 0.6333333328124999 0.230625 0.625 0.199375 0.6116666671875 0.19375 0.5966666671875 0.049375 0.5316666671875 0.00125 0.5158333328125 0 0.7058333328125 0.018125 0.7025 0.029375000000000002 0.7158333328125 0.055625 0.7341666671875
11 0.270625 0.3991666671875 0.25187499999999996 0.3958333328125 0.18062499999999998 0.3933333328125 0.19437500000000002 0.4808333328125 0.273125 0.4966666671875 0.284375 0.495 0.270625 0.3991666671875
11 0.388125 0.3808333328125 0.42437500000000006 0.3866666671875 0.43875000000000003 0.38416666718750003 0.438125 0.3483333328125 0.3875 0.3466666671875 0.38625 0.3525 0.38875000000000004 0.3691666671875 0.38625 0.3783333328125 0.388125 0.3808333328125
11 0.115625 0.46666666718750005 0.11687499999999999 0.4575 0.109375 0.42750000000000005 0.09812499999999999 0.395 0.08625000000000001 0.3875 0.08125 0.3875 0.088125 0.42833333281249997 0.103125 0.4716666671875 0.11000000000000001 0.4725 0.115625 0.46666666718750005
11 0.25375000000000003 0.3716666671875 0.25875 0.3783333328125 0.26937500000000003 0.3783333328125 0.27 0.3641666671875 0.265625 0.34249999999999997 0.22999999999999998 0.3441666671875 0.22937500000000002 0.3566666671875 0.23500000000000001 0.3775 0.2425 0.3791666671875 0.25375000000000003 0.3716666671875
11 0.17250000000000001 0.3608333328125 0.1675 0.3375 0.140625 0.3366666671875 0.143125 0.3608333328125 0.14750000000000002 0.37 0.171875 0.37 0.17250000000000001 0.3608333328125
4 0.5181250000000001 0.395 0.525625 0.3916666671875 0.5625 0.39249999999999996 0.5662499999999999 0.395 0.566875 0.41166666718749995 0.573125 0.41166666718749995 0.575 0.4058333328125 0.575 0.3908333328125 0.566875 0.37 0.565625 0.355 0.560625 0.3541666671875 0.5575 0.3483333328125 0.5543750000000001 0.3333333328125 0.5337500000000001 0.3341666671875 0.529375 0.3416666671875 0.526875 0.3591666671875 0.5 0.3966666671875 0.50125 0.4058333328125 0.52125 0.41 0.521875 0.4033333328125 0.5181250000000001 0.395
8 0.5662499999999999 0.41500000000000004 0.5700000000000001 0.41166666718749995 0.566875 0.3933333328125 0.5175 0.3908333328125 0.5225 0.42083333281249996 0.564375 0.4233333328125 0.5662499999999999 0.4225 0.5662499999999999 0.41500000000000004
6 0.26875 0.5241666671874999 0.27999999999999997 0.5125 0.278125 0.5091666671875 0.2525 0.5041666671875 0.2225 0.4916666671875 0.20750000000000002 0.49749999999999994 0.19375 0.5075000000000001 0.19375 0.5116666671875 0.20437500000000003 0.5175 0.24874999999999997 0.5349999999999999 0.26875 0.5241666671874999
6 0.135 0.495 0.1375 0.4891666671875 0.135625 0.48333333281249996 0.1325 0.48333333281249996 0.075625 0.5058333328125 0.075625 0.5083333328124999 0.080625 0.51 0.095625 0.5091666671875 0.135 0.495
13 0.39625 0.5891666671875 0.396875 0.58 0.390625 0.525 0.38375 0.5083333328124999 0.375 0.5091666671875 0.37124999999999997 0.525 0.37124999999999997 0.5791666671875 0.38 0.5933333328125 0.39375 0.5925 0.39625 0.5891666671875
12 0.7631249999999999 0.6666666671875 0.7625 0.6816666671875 0.781875 0.6833333328125 0.809375 0.7075 0.82125 0.7233333328125 0.821875 0.7325 0.82875 0.7341666671875 0.82875 0.7224999999999999 0.81125 0.6991666671875 0.819375 0.6849999999999999 0.82 0.6766666671875 0.813125 0.665 0.8074999999999999 0.6616666671875 0.7875 0.6625 0.7787499999999999 0.6591666671875 0.781875 0.6316666671875 0.828125 0.6275000000000001 0.8556250000000001 0.6174999999999999 0.8574999999999999 0.6083333328125 0.8556250000000001 0.6025 0.8618750000000001 0.5933333328125 0.875625 0.5891666671875 0.8787499999999999 0.585 0.884375 0.5658333328125 0.8943749999999999 0.5516666671875 0.891875 0.545 0.8931250000000001 0.5416666671875 0.920625 0.5058333328125 0.865625 0.5175 0.806875 0.5116666671875 0.7943749999999999 0.525 0.780625 0.5475 0.775 0.5491666671875 0.765 0.5483333328125 0.74875 0.5358333328125 0.74875 0.5416666671875 0.7737499999999999 0.6016666671875 0.7737499999999999 0.6166666671875001 0.7631249999999999 0.6666666671875
12 0.7112499999999999 0.6766666671875 0.714375 0.665 0.723125 0.6583333328125 0.751875 0.665 0.75625 0.6416666671875 0.75125 0.6341666671875 0.74375 0.6316666671875 0.74 0.635 0.73875 0.64625 0.73 0.6508333328125 0.71 0.6491666671874999 0.7 0.6558333328125 0.69875 0.6658333328125 0.70125 0.6716666671875 0.705 0.6758333328125 0.7112499999999999 0.6766666671875
0 0.615625 0.4525 0.6331249999999999 0.4408333328125 0.635 0.43666666718749997 0.634375 0.4233333328125 0.6212500000000001 0.4091666671875 0.569375 0.4158333328125 0.564375 0.4258333328125 0.5662499999999999 0.4325 0.6025 0.4525 0.615625 0.4525