12 0.384375 0.8283333328125 0.39125 0.8183333328125 0.433125 0.8641666671875001 0.46187500000000004 0.8875 0.460625 0.8933333328125 0.43499999999999994 0.9066666671875 0.418125 0.9233333328125 0.4125 0.9400000000000001 0.41375 0.9716666671875 0.42125 0.9733333328124999 0.43 0.9683333328125 0.43062500000000004 0.9316666671875 0.45875000000000005 0.9099999999999999 0.476875 0.9 0.485 0.9 0.499375 0.9158333328125 0.500625 0.9991666671875 0.5125 0.9991666671875 0.509375 0.9236108328125001 0.51375 0.9141666671875001 0.5725 0.9183333328125001 0.58 0.9283333328125 0.584375 0.9566666671874999 0.591875 0.9650000000000001 0.598125 0.9650000000000001 0.6025 0.96 0.605 0.9541666671875 0.6025 0.9408333328125 0.59375 0.9233333328125 0.5775 0.905 0.576875 0.9008333328125 0.583125 0.875 0.5925 0.8608333328125 0.6025 0.8566666671875 0.6068749999999999 0.8508333328125 0.608125 0.835 0.6118750000000001 0.825 0.6168750000000001 0.7666666671875 0.6174999999999999 0.725 0.61375 0.7141666671875 0.6056250000000001 0.7116666671874999 0.5974999999999999 0.7166666671875 0.5706249999999999 0.7150000000000001 0.52625 0.6950000000000001 0.449375 0.6766666671875 0.440625 0.6708333328125 0.4325 0.6566666671875 0.42312500000000003 0.655 0.4175 0.6583333328125 0.40125 0.6833333328125 0.378125 0.7283333328125 0.353125 0.7266666671875 0.354375 0.735 0.365 0.7491666671874999 0.37625000000000003 0.8258333328124999 0.384375 0.8283333328125
9 0.476875 0.6066666671875 0.5075000000000001 0.6125 0.5675 0.61 0.5962500000000001 0.6125 0.6056250000000001 0.6075 0.6431250000000001 0.6116666671875 0.713125 0.6041666671875 0.8074999999999999 0.6025 0.8162499999999999 0.5958333328125 0.8162499999999999 0.5891666671875 0.8143750000000001 0.5808333328125 0.8 0.5641666671875 0.7837500000000001 0.5566666671875 0.771875 0.5549999999999999 0.7631249999999999 0.5475 0.76 0.5425 0.7618750000000001 0.5291666671875 0.759375 0.5241666671874999 0.7306250000000001 0.52 0.720625 0.515 0.708125 0.5333333328125 0.7006249999999999 0.5383333328125001 0.6775 0.5408333328125 0.653125 0.5391666671875 0.641875 0.5333333328125 0.621875 0.5025000000000001 0.609375 0.4966666671875 0.5925 0.4966666671875 0.5775 0.49833333281250003 0.5706249999999999 0.5041666671875 0.5775 0.52 0.5856250000000001 0.5308333328125 0.58875 0.5441666671875 0.58875 0.5691666671875 0.583125 0.5783333328125 0.57125 0.5816666671874999 0.516875 0.5816666671874999 0.49000000000000005 0.5725 0.465625 0.575 0.441875 0.5658333328125 0.43 0.5575 0.42374999999999996 0.5691666671875 0.421875 0.5858333328125 0.416875 0.5966666671875 0.36875 0.5974999999999999 0.365625 0.6016666671875 0.36625 0.61 0.384375 0.6125 0.44312500000000005 0.6066666671875 0.476875 0.6066666671875
0 0.44749999999999995 0.5599999999999999 0.465 0.5625 0.48875 0.5608333328125 0.51 0.5791666671875 0.576875 0.5783333328125 0.5900000000000001 0.5716666671875 0.591875 0.5475 0.58375 0.5166666671875 0.5706249999999999 0.5 0.561875 0.49583333281249997 0.5081249999999999 0.49583333281249997 0.49812500000000004 0.5016666671875 0.495625 0.5116666671875 0.48250000000000004 0.5291666671875 0.46749999999999997 0.5375 0.45187499999999997 0.54 0.45 0.5458333328125 0.44312500000000005 0.5483333328125 0.43875000000000003 0.5549999999999999 0.4375 0.5641666671875 0.43937499999999996 0.5650000000000001 0.445625 0.5641666671875 0.44749999999999995 0.5599999999999999
11 0.8081250000000001 0.4725 0.8162499999999999 0.41500000000000004 0.8231249999999999 0.3875 0.7106250000000001 0.3908333328125 0.7068749999999999 0.3933333328125 0.7056250000000001 0.40083333281250005 0.6975 0.48250000000000004 0.8012499999999999 0.4791666671875 0.80625 0.47750000000000004 0.8081250000000001 0.4725
11 0.76 0.33166666718750004 0.6875 0.3283333328125 0.6825 0.36 0.681875 0.38416666718750003 0.749375 0.38416666718750003 0.751875 0.3808333328125 0.76 0.33166666718750004
11 0.626875 0.3791666671875 0.6325000000000001 0.3325 0.568125 0.33166666718750004 0.565625 0.34500000000000003 0.563125 0.385 0.620625 0.38416666718750003 0.625 0.38333333281250004 0.626875 0.3791666671875
11 0.905 0.3266666671875 0.8425 0.3266666671875 0.8393750000000001 0.3308333328125 0.835 0.3508333328125 0.8300000000000001 0.3758333328125 0.83125 0.38 0.889375 0.38 0.905 0.3266666671875
11 0.9887499999999999 0.3883333328125 0.999375 0.3758333328125 0.999375 0.3283333328125 0.9731249999999999 0.3283333328125 0.95375 0.37 0.951875 0.375 0.953125 0.3883333328125 0.969375 0.3908333328125 0.9887499999999999 0.3883333328125
6 0.71375 0.5116666671875 0.713125 0.5083333328124999 0.7 0.5033333328125 0.6368750000000001 0.4641666671875 0.625625 0.4641666671875 0.6068749999999999 0.4716666671875 0.60625 0.47583333281250006 0.6168750000000001 0.4841666671875 0.680625 0.5225 0.71375 0.5116666671875
9 0.33669625000000003 0.5225 0.343125 0.5266666671875 0.37687499999999996 0.5258333328125 0.385 0.5116666671875 0.3975 0.475 0.41375 0.41166666718749995 0.38875000000000004 0.4091666671875 0.3225 0.41166666718749995 0.27625 0.4591666671875 0.26125 0.4608333328125 0.260625 0.47583333281250006 0.21749999999999997 0.5183333328125 0.21812499999999999 0.5266666671875 0.22125 0.53 0.316875 0.5225 0.33669625000000003 0.5225
13 0.271875 0.5116666671875 0.28125 0.5066666671875 0.280625 0.4916666671875 0.27375 0.4575 0.26687500000000003 0.4458333328125 0.259375 0.44749999999999995 0.258125 0.46333333281250005 0.260625 0.48 0.27 0.5158333328125 0.271875 0.5116666671875
2 0.18 0.425 0.184375 0.4375 0.22562500000000002 0.43916666718749997 0.228125 0.40750000000000003 0.230625 0.4033333328125 0.263125 0.4025 0.23875000000000002 0.2641666671875 0.20125 0.2608333328125 0.144375 0.2625 0.16 0.34249999999999997 0.16499999999999998 0.3583333328125 0.169375 0.3641666671875 0.18 0.425
1 0.426875 0.5158333328125 0.41 0.5141666671875 0.403125 0.5216666671875 0.40062499999999995 0.5283333328125 0.401875 0.5308333328125 0.42000000000000004 0.5316666671875 0.426875 0.5158333328125
3 0.409375 0.5900000000000001 0.41875 0.5708333328124999 0.415625 0.5575 0.4125 0.5549999999999999 0.40437500000000004 0.5549999999999999 0.3975 0.5625 0.39249999999999996 0.5558333328125 0.384375 0.5558333328125 0.38 0.5599999999999999 0.378125 0.5816666671874999 0.3825 0.5916666671875 0.3875 0.5875 0.409375 0.5900000000000001
10 0.39249999999999996 0.4691666671875 0.39187500000000003 0.45999999999999996 0.38687499999999997 0.45583333281250005 0.37687499999999996 0.4608333328125 0.37625000000000003 0.47083333281249995 0.380625 0.475 0.3875 0.475 0.39249999999999996 0.4691666671875
4 0.9324999999999999 0.3325 0.93625 0.32166666718750003 0.9356249999999999 0.3133333328125 0.928125 0.3091666671875 0.9181250000000001 0.3091666671875 0.909375 0.31416666718749997 0.905 0.32166666718750003 0.896875 0.35 0.89625 0.36666666718749996 0.9375 0.37333333281250003 0.9418749999999999 0.3383333328125 0.9324999999999999 0.3325
4 0.9793749999999999 0.4175 0.9550000000000001 0.40416666718750005 0.944375 0.4025 0.9400000000000001 0.41 0.930625 0.43916666718749997 0.9706250000000001 0.43833333281250003 0.9818749999999999 0.42750000000000005 0.9793749999999999 0.4175
4 0.921875 0.43166666718749996 0.93 0.40750000000000003 0.93 0.40416666718750005 0.8856249999999999 0.40416666718750005 0.8868750000000001 0.4175 0.905 0.41916666718749995 0.9193749999999999 0.4325 0.921875 0.43166666718749996