9 0.5653033890625 0.5409783296875 0.59326806875 0.5510544234375 0.5977291234375001 0.5560504703125 0.592160409375 0.5651036687500001 0.5677304999999999 0.5623710015625 0.5489243546875 0.5757406281249999 0.485562703125 0.564305303125 0.47943045624999997 0.552302165625 0.482651734375 0.5109742703125 0.4709287515625 0.4979621328125 0.44173269687500005 0.492692915625 0.43668347812499997 0.50267805625 0.4301198109375 0.5299917625 0.4250595828125 0.5349458046875 0.36460049843750003 0.5257106984375 0.362409809375 0.5177716640625001 0.363800540625 0.4912007296875 0.3591360921875 0.48784434687499995 0.34775122812500003 0.4874660125 0.32988237656249997 0.5035193546875 0.3135279734375 0.50224413125 0.316644946875 0.5078357859375 0.313470315625 0.52318835625 0.3046829296875 0.5274697328125 0.28387848125000004 0.5262295625 0.270979171875 0.5431797921875 0.265748578125 0.56486679375 0.26991555156249997 0.5773534296875 0.27406050625 0.5797778703125 0.3138168359375 0.586952975 0.6048070671875 0.6218681390625 0.6200207828125001 0.6220993109374999 0.6230030281250001 0.6134175 0.6278598640624999 0.6101031203125 0.672269634375 0.615603509375 0.676403578125 0.61299685 0.6765959640625 0.6063260875 0.647798296875 0.5466467296874999 0.6386838015625 0.5433254015625 0.63528375625 0.550255440625 0.61996834375 0.5508441000000001 0.6147843984375 0.5465557765625 0.6127860953125001 0.531945978125 0.607398753125 0.5292973187500001 0.5632940750000001 0.5213374359375 0.5592618265625 0.5231242625 0.5599050390625 0.533298571875 0.5653033890625 0.5409783296875
9 0.7481432171875 0.6695298390625 0.7741368328125 0.5828589 0.7764072 0.5799159078125 0.787272565625 0.5793623015625 0.789012428125 0.5704562671875 0.7600664140625 0.5375720625 0.6850860859375 0.46620505312500005 0.6059912234375 0.45360661875 0.6156912718750001 0.4880464796875 0.6332634328125 0.5255834453125 0.67282476875 0.5855290281250001 0.6879698171874999 0.6016733265624999 0.6967461921875 0.5923608515625001 0.7517712859375 0.62492261875 0.7400677140624999 0.668072396875 0.7481432171875 0.6695298390625
9 0.586791909375 0.4291869515625 0.5033486968750001 0.4158037375 0.50183425 0.4331323046875 0.581968103125 0.44759462499999997 0.584079115625 0.466415690625 0.579062925 0.4914941265625 0.49686209843749995 0.47833513281249995 0.494116275 0.5004705781250001 0.5860527890625 0.5170630078125 0.5974869109375 0.445366303125 0.586791909375 0.4291869515625
9 0.44603700625 0.47335329843749996 0.4489505859375 0.48058461562500004 0.4384123296875 0.488740925 0.438005540625 0.49202025000000005 0.4852161828125 0.5005406859375 0.48878659375 0.476877690625 0.4384699875 0.4677966984375 0.43816489687500004 0.4702561921875 0.44603700625 0.47335329843749996
9 0.44630066875 0.40466969375 0.44365654218749995 0.42598530468750007 0.47864672500000005 0.430623859375 0.48256626718750006 0.424625765625 0.4829510359375 0.41128424375000006 0.44630066875 0.40466969375
2 1 0.3923229828125 0.97417391875 0.38846005625 0.9604940609374999 0.42706223281250005 0.9609228703125 0.4338451046875 0.9554778718750001 0.45214066875 0.92863765 0.5302769656249999 0.9304215515625 0.541495325 0.9372546703125 0.542728546875 0.9427326984375 0.5395262796875 0.9980188453125001 0.549504159375 1 0.5482549421875 1 0.3923229828125
2 0.7306145265625 0.4626872984375 0.76509071875 0.468909459375 0.7697716828125001 0.4798124875 0.768584346875 0.5047437593749999 0.7954083375 0.5137758 0.8006609515625 0.5021509984375 0.816781540625 0.443872871875 0.838121715625 0.35887664531249996 0.7584056609375 0.3461660984375 0.7306145265625 0.4626872984375
0 0.48671440156249995 0.57038045625 0.5475912843749999 0.5813673359375 0.5595863296875 0.5768266843750001 0.57786196875 0.557494015625 0.6013655921875001 0.5625740640625 0.60351224375 0.5503887062499999 0.6010164625 0.5449091640625 0.5687034328125 0.53404829375 0.5675297171875 0.5179109453125 0.561826275 0.512690678125 0.550430403125 0.5072812453125 0.5211326515625 0.5028318578125 0.48801705625 0.5035607359375 0.4811042578125 0.5132095421875 0.47722875625 0.5393320312500001 0.47830077656250003 0.5562892125000001 0.48671440156249995 0.57038045625
11 0.36717856718749997 0.4742084953125 0.36934723593749996 0.472085334375 0.3728846171875 0.43332904218749996 0.375699109375 0.3952804734375 0.37412961093749997 0.3874535484375 0.33385378593750004 0.3793465015625 0.331211434375 0.3699286953125 0.3328063953125 0.3263518015625 0.255371715625 0.315729359375 0.2552674078125 0.362648909375 0.2588131890625 0.37502343437499996 0.2592750265625 0.39689960156250004 0.2561884734375 0.45250096093750003 0.36717856718749997 0.4742084953125
11 0.07873859375 0.280498396875 0.0808606140625 0.3043505578125 0.07874699375000001 0.3316292109375 0.08176226875 0.33804069531250003 0.157547775 0.3517182390625 0.159592728125 0.3403527140625 0.156703778125 0.297083878125 0.1542079984375 0.291604334375 0.07873859375 0.280498396875
11 0.46202547968749996 0.3547019890625 0.4592246078125 0.35168194218750004 0.394518871875 0.3408422265625 0.39131961249999997 0.39223231875 0.39422218125 0.3944325375 0.4613109890625 0.40654052656250006 0.46470002499999996 0.394579390625 0.46548057343749993 0.3729274453125 0.4620475 0.3647641875 0.46202547968749996 0.3547019890625
3 0.6595983484375 0.5948765578125 0.6620610984375 0.5852628046875 0.6593399046874999 0.5713607265625 0.6572619234375 0.56763295625 0.6498076109375 0.566287625 0.642364309375 0.5699733921875 0.6398685296875 0.5644938500000001 0.6348989875 0.5635969609375 0.6315896296875 0.56467606875 0.626540409375 0.574661209375 0.6303912828125 0.584576240625 0.6359930265625 0.5906163375 0.6580398625 0.59208073125 0.6595983484375 0.5948765578125
1 0.632595590625 0.5514466578125 0.632482884375 0.547235390625 0.6248031578125001 0.5374675234375 0.61351999375 0.5362693578125 0.6181047656249999 0.5505077671875 0.6306303171875001 0.55193015625 0.632595590625 0.5514466578125
13 0.676147746875 0.5433813015625 0.6874309109375 0.5445794687500001 0.6962539359375 0.5092916703125 0.6968310890625 0.4892793875 0.6907208578125 0.48733844687500005 0.6842258593749999 0.498739028125 0.6758206359375001 0.5357785984375 0.676147746875 0.5433813015625
10 0.6337388890625 0.50639099375 0.6415093015625 0.5103079312500001 0.6463661375 0.5069935515624999 0.64666021875 0.499502959375 0.6360889328125 0.49256597187500006 0.6312321 0.495880353125 0.6307236125 0.49997950781249995 0.6337388890625 0.50639099375
6 0.42273677656249997 0.4666335859375 0.37218113750000004 0.49019867968749997 0.36846499062500004 0.4945571109375 0.377793890625 0.501269875 0.40171531250000003 0.5081016984375 0.433453796875 0.4928751359375 0.44668021874999997 0.48352760625 0.45070145625 0.4767096796875 0.44313443750000003 0.47115308125000005 0.42273677656249997 0.4666335859375