11 1 0.273457515625 0.9480148937499999 0.2736896859375 0.9368424781250001 0.277546996875 0.933872646875 0.28435921249999996 0.936954528125 0.3092427734375 0.9370277859374999 0.3392718828125 0.9430557765625001 0.383205671875 0.9525859453125 0.38943568906250003 1 0.38801813125 1 0.273457515625
11 0.8807885296875 0.39611665625 0.8771161140625001 0.3996246484375 0.8742820546875001 0.41227019687500005 0.874592390625 0.4256035296875 0.877049271875 0.45051620000000003 0.87962685625 0.4537330953125 0.9414824609375 0.4500178859375 0.9432798765625 0.446597225 0.9384005796875 0.42513432656249994 0.9371161140625001 0.396830103125 0.9076441328125 0.3940315984375 0.8807885296875 0.39611665625
11 0.2282691328125 0.4256739984375 0.3570191328125 0.4196773703125 0.423172153125 0.41242506093750003 0.41604724062500004 0.2675997203125 0.22848905312499998 0.2738326734375 0.22229724062499998 0.276623771875 0.219327409375 0.2834359859375 0.22289851875000002 0.3024571046875 0.2254975890625 0.41412377187500005 0.2282691328125 0.4256739984375
11 0.6084308640625 0.2536338890625 0.599017071875 0.25240386875 0.59596965625 0.2558827515625 0.6066893999999999 0.3938667671875 0.7252217171875001 0.40586500625 0.7221053703125 0.35261900156250003 0.7150062703125 0.28954765781249997 0.7124092906249999 0.2854974296875 0.6639545578125 0.27357222187499997 0.6468662015625 0.26519152031250004 0.6084308640625 0.2536338890625
11 0.35372598593750004 0.49324358281249997 0.4312065890625 0.488800628125 0.433667796875 0.4870175234375 0.432674271875 0.4712132984375 0.43490272812499997 0.45943019375 0.43510101562500003 0.44106775000000004 0.42935963906249996 0.43632973750000004 0.351254034375 0.440801803125 0.346351015625 0.44520134687499996 0.34929279687500003 0.49094735156249997 0.35372598593750004 0.49324358281249997
11 0.670726015625 0.43009333906249997 0.672282025 0.47006422968750006 0.6773208171875 0.4714980171875 0.7341958171875 0.468849021875 0.733070846875 0.42051568906250003 0.6724652421874999 0.42417267656249996 0.670726015625 0.43009333906249997
4 0.260542796875 0.49508095 0.272771253125 0.48283208593750004 0.2862928265625 0.44549589218749996 0.28658809375 0.43130011718750005 0.283932925 0.4247498890625 0.22959671718750002 0.42894911249999995 0.2256527578125 0.4207904375 0.21940275781250002 0.42108153593750003 0.2164135296875 0.42706041875 0.21316782656250002 0.44890174375 0.2083035984375 0.45496795624999997 0.1801979953125 0.45711123281250005 0.1790255796875 0.46050278437500003 0.2100535703125 0.5032721796875 0.212316490625 0.5198515171875 0.21817424375 0.529589528125 0.246435015625 0.53411291875 0.25245226249999997 0.5238218203125 0.260542796875 0.49508095
8 0.2113704109375 0.4523224078125 0.213695846875 0.44470596875 0.22344369843749998 0.4334068765625 0.21942215312500002 0.42191487031249997 0.22362258906250002 0.41421110156249996 0.2197756078125 0.41021909218749997 0.147861815625 0.4119000578125 0.1454394 0.41534983125 0.14203420312499998 0.457220265625 0.2113704109375 0.4523224078125
9 0.23099770468749997 0.22032467968749997 0.23697616093749999 0.208366915625 0.39168089375 0.21534345 0.40831881406250004 0.23125326093749998 0.41204941875 0.23024526875 0.42043089375 0.214004396875 0.5079890812500001 0.21242901875000003 0.5159395171875001 0.20455059062499997 0.5316507546875 0.15376462500000002 0.531379209375 0.142097959375 0.523176625 0.139143053125 0.290191725 0.12913858281249999 0.0034568234375 0.1216375578125 0.00384474375 0.13830422343749998 0.005816725 0.1423835609375 0.017260684374999998 0.15019291562499998 0.0422757546875 0.1765576328125 0.11556233906249999 0.2607391109375 0.1287843203125 0.2642944703125 0.2951506953125 0.261551253125 0.2956981125 0.258188809375 0.28497613125 0.254517009375 0.2429847546875 0.2514673703125 0.23712700312499999 0.2417293578125 0.23099770468749997 0.22032467968749997
9 0.85335760625 0.2121937203125 0.8827132109375 0.20999222343750001 0.92756236875 0.174533871875 0.9491464281249999 0.161015028125 0.9515494484374999 0.1567319203125 0.79932531875 0.1488056125 0.5627261906250001 0.14480913281250002 0.55370031875 0.16024578125 0.5474265968750001 0.18639932343750001 0.678547240625 0.25537358593750004 0.690010596875 0.264016275 0.77877999375 0.2607160109375 0.791827409375 0.25677137031249997 0.792980428125 0.252546484375 0.8009890531250001 0.24716805625 0.8135666374999999 0.2499191921875 0.8322972406250001 0.2482125640625 0.8470450921875001 0.23668059375 0.8497433796875 0.21820171249999998 0.85335760625 0.2121937203125
9 1 0.1587879828125 0.97594384375 0.15642997187500002 0.9617434078124999 0.1645994984375 0.9150774390624999 0.202645178125 0.9170688140625 0.20755784843749997 0.9408382109375 0.2072850078125 0.9465601906250001 0.21118968593749998 0.942340359375 0.218060121875 0.9287455281250001 0.2253672046875 0.9282175078125 0.22956298125000002 0.9696808640624999 0.2368084 1 0.2312677078125 1 0.1587879828125
9 0.9400666953125001 0.1472558984375 0.9619029031249999 0.1445703875 0.9668641109375 0.14267084218749998 0.9692089421875 0.1358877359375 0.9679438734374999 0.1084168453125 0.9645279328124999 0.09606239375 0.9650020906250001 0.06267084218749999 0.9596141687499999 0.046237053125 0.959265040625 0.031237053125000004 0.9631551390625 0.0101999515625 0.9730969515625001 0.0072341937499999995 0.9324719515625001 0.009126334375 0.933170209375 0.039126334375 0.9372693375000001 0.053951675 0.9372844078125 0.081480784375 0.94243525 0.1146103484375 0.9428425656250001 0.1321103484375 0.9385645468750001 0.136480784375 0.93750850625 0.1448723375 0.9400666953125001 0.1472558984375
9 0.5607930015625 0.1423964625 0.5626098140625 0.13980913281250001 0.5589805171875 0.1182880171875 0.5599719515625 0.0264758 0.5287219515625 0.0279312921875 0.527816753125 0.0696852890625 0.5365580999999999 0.1226693046875 0.541321021875 0.1391322015625 0.5607930015625 0.1423964625
6 0.3925580421875 0.226147675 0.38423908125 0.21819276875 0.255139953125 0.2091893953125 0.2357843484375 0.2109251359375 0.233420121875 0.2168749078125 0.23431666562500003 0.22851246406249998 0.24294596249999997 0.24980070312499997 0.2943899234375 0.2557470296875 0.31665284531250004 0.27139484999999997 0.3347778453125 0.27055066562499996 0.337767071875 0.2645717828125 0.34770888437499997 0.2616060265625 0.3832950921875 0.258280096875 0.3882369046875 0.25554721874999997 0.39239854687500003 0.246176784375 0.3925580421875 0.226147675
6 0.5562110625 0.214354228125 0.549060190625 0.229703546875 0.5463619046875 0.24818242812500002 0.5410084484375 0.26011108437499997 0.544385596875 0.2707988671875 0.565635596875 0.26980913281249996 0.5766528453124999 0.25928515625 0.5892929437500001 0.2378405171875 0.605764953125 0.1928587734375 0.6062929718750001 0.1886629984375 0.6037153890625 0.185446103125 0.56131236875 0.191592240625 0.5562110625 0.214354228125
6 0.86784465625 0.24321996875 0.8605192203125 0.2510692875 0.8631162015625 0.255119515625 0.8870213703125 0.2606800078125 0.9353209343750001 0.26593855 0.9478015375 0.26452301875 0.9694631812500001 0.254337509375 0.9705580125 0.24761262187500002 0.9648166375 0.2428746109375 0.9069287156250001 0.22888605 0.8857369046875 0.232375784375 0.86784465625 0.24321996875