9 0.383125 0.5141666671875 0.39875 0.5241666671874999 0.428125 0.5508333328125 0.593125 0.6816666671875 0.608125 0.6908333328125 0.6224999999999999 0.6825 0.639375 0.6558333328125 0.64375 0.6441666671874999 0.666875 0.6174999999999999 0.66875 0.6083333328125 0.6756249999999999 0.6008333328125001 0.6849999999999999 0.5808333328125 0.7056250000000001 0.5575 0.7025 0.5416666671875 0.67 0.5183333328125 0.6599999999999999 0.5058333328125 0.658125 0.4925 0.64625 0.4883333328125 0.639375 0.4791666671875 0.553125 0.44333333281250004 0.51875 0.42416666718749996 0.445 0.3966666671875 0.425 0.395 0.4125 0.3975 0.328125 0.4258333328125 0.30874999999999997 0.4375 0.305 0.4441666671875 0.309375 0.45 0.353125 0.485 0.383125 0.5141666671875
12 0.18 0.6316666671875 0.17875000000000002 0.6416666671875 0.20125 0.6533333328125 0.20875 0.6675 0.21437499999999998 0.665 0.26937500000000003 0.79 0.27937500000000004 0.7941666671875 0.289375 0.7841666671875 0.32625000000000004 0.8083333328125001 0.305 0.8566666671875 0.303125 0.8791666671874999 0.29874999999999996 0.8958333328125001 0.29874999999999996 0.905 0.30125 0.9099999999999999 0.31124999999999997 0.9108333328124999 0.319375 0.9033333328125 0.321875 0.8858333328124999 0.31625000000000003 0.8724999999999999 0.3175 0.8550000000000001 0.35125 0.7808333328125 0.3625 0.78 0.371875 0.7733333328125 0.39375 0.7966666671875 0.40625 0.8150000000000001 0.401875 0.8308333328125 0.4025 0.8416666671874999 0.40750000000000003 0.8466666671875 0.414375 0.8474999999999999 0.421875 0.8408333328125 0.425625 0.8308333328125 0.4225 0.8150000000000001 0.40062499999999995 0.7883333328125001 0.380625 0.77 0.37687499999999996 0.76 0.38125 0.7416666671875001 0.405625 0.7258333328125001 0.414375 0.7258333328125001 0.42312500000000003 0.7375 0.43125 0.7341666671875 0.43375 0.7133333328125 0.43062500000000004 0.7083333328125 0.42000000000000004 0.7058333328125 0.406875 0.7116666671874999 0.40374999999999994 0.7066666671874999 0.43125 0.65 0.44000000000000006 0.6083333328125 0.43062500000000004 0.6 0.393125 0.5908333328125 0.3725 0.5891666671875 0.34875 0.5816666671874999 0.340625 0.5841666671875 0.3325 0.5783333328125 0.32999999999999996 0.5325 0.31375000000000003 0.4591666671875 0.308125 0.4583333328125 0.294375 0.43916666718749997 0.285625 0.43833333281250003 0.209375 0.48166666718749995 0.143125 0.5258333328125 0.143125 0.5341666671875 0.18687499999999999 0.6116666671875 0.18687499999999999 0.6191666671875 0.18 0.6316666671875
0 0.634375 0.47583333281250006 0.634375 0.4791666671875 0.640625 0.4883333328125 0.63875 0.4916666671875 0.640625 0.49583333281249997 0.6487499999999999 0.49583333281249997 0.65625 0.49000000000000005 0.660625 0.4916666671875 0.658125 0.5041666671875 0.6675 0.5208333328125 0.7075 0.55 0.716875 0.5516666671875 0.7275 0.5633333328125001 0.73 0.6075 0.733125 0.6166666671875001 0.7375 0.6191666671875 0.749375 0.6108333328125 0.779375 0.5633333328125001 0.8025 0.545 0.8087500000000001 0.545 0.8081250000000001 0.5391666671875 0.8175000000000001 0.5275000000000001 0.8237500000000001 0.5116666671875 0.82 0.5 0.8099999999999999 0.4875 0.7737499999999999 0.465 0.748125 0.45416666718750004 0.721875 0.4533333328125 0.6799999999999999 0.4683333328125 0.6681250000000001 0.48 0.6368750000000001 0.47583333281250006 0.634375 0.47583333281250006
11 0.5525 0.2608333328125 0.548125 0.3091666671875 0.54875 0.3241666671875 0.586875 0.3133333328125 0.593125 0.25666666718750003 0.5525 0.2608333328125
11 0.660625 0.2508333328125 0.6131249999999999 0.2508333328125 0.610625 0.265 0.609375 0.3016666671875 0.6537499999999999 0.2983333328125 0.655625 0.2966666671875 0.660625 0.2508333328125
11 0.70375 0.2408333328125 0.686875 0.2416666671875 0.683125 0.24500000000000002 0.6775 0.2866666671875 0.69875 0.2808333328125 0.704375 0.2483333328125 0.70375 0.2408333328125
11 0.728125 0.28500000000000003 0.73 0.2683333328125 0.73875 0.2391666671875 0.72375 0.2383333328125 0.7175 0.2558333328125 0.714375 0.275 0.721875 0.2791666671875 0.7212500000000001 0.2858333328125 0.728125 0.28500000000000003
8 0.87375 0.5116666671875 0.89625 0.5141666671875 0.8931250000000001 0.51 0.87625 0.5033333328125 0.8643750000000001 0.4891666671875 0.8825 0.4791666671875 0.9018750000000001 0.4766666671875 0.9037499999999999 0.4725 0.9025000000000001 0.46749999999999997 0.8418749999999999 0.45 0.835 0.44000000000000006 0.8231249999999999 0.3975 0.81875 0.39249999999999996 0.8168749999999999 0.38416666718750003 0.809375 0.4066666671875 0.8087500000000001 0.4175 0.811875 0.43 0.8331250000000001 0.5 0.87375 0.5116666671875
10 0.505625 0.43833333281250003 0.496875 0.43499999999999994 0.490625 0.43833333281250003 0.49124999999999996 0.4533333328125 0.5037499999999999 0.45499999999999996 0.5081249999999999 0.4525 0.505625 0.43833333281250003
1 0.875 0.5533333328125 0.8825 0.5391666671875 0.880625 0.5358333328125 0.8425 0.52 0.836875 0.5225 0.83125 0.5308333328125 0.8324999999999999 0.5358333328125 0.86875 0.5525 0.875 0.5533333328125
0 0.9574999999999999 0.3725 0.961875 0.3758333328125 0.965625 0.3675 0.9637499999999999 0.3566666671875 0.945 0.3458333328125 0.8825 0.3383333328125 0.881875 0.3566666671875 0.8856249999999999 0.36833333281249997 0.9262499999999999 0.3775 0.9574999999999999 0.3725
0 0.8768750000000001 0.3391666671875 0.87375 0.3375 0.865625 0.3408333328125 0.865 0.3491666671875 0.8724999999999999 0.36 0.8768750000000001 0.36 0.8768750000000001 0.3391666671875