9 0.6398222171875 0.45521484062499995 0.6388017687499999 0.4384758265625 0.6439802171875 0.42346451875 0.67040519375 0.3959054140625 0.67401348125 0.3796169640625 0.569964284375 0.2843790609375 0.5574847453125 0.2775427875 0.54901235625 0.2772802328125 0.5339647234375 0.29155573437500004 0.4001287015625 0.4604403125 0.382614465625 0.4872927671875 0.36642515000000003 0.5052797640625 0.33305845624999997 0.5576848359375 0.3110888484375 0.584890615625 0.3074086859375 0.59184035625 0.3088872296875 0.595694478125 0.3356913203125 0.602913234375 0.4189268015625 0.6076424874999999 0.43106948125000005 0.60691314375 0.45029762656249994 0.600015253125 0.516758928125 0.553979665625 0.54326565 0.5298014281250001 0.6208393109375 0.472255328125 0.6281080140624999 0.4609328265625 0.6398222171875 0.45521484062499995
12 0.3075962609375 0.4786413140625 0.3072072734375 0.4498212953125 0.3232852265625 0.44632696562499996 0.3885033515625 0.41253769843750004 0.397597328125 0.406677090625 0.40276590468749995 0.3976236265625 0.3866654390625 0.361990025 0.346482596875 0.31074546875000003 0.35068285625 0.306207390625 0.3622955671875 0.309024228125 0.37339805312499996 0.30347155937500003 0.374284625 0.29557530781249997 0.3687171890625 0.2817665984375 0.36077476875 0.2779578640625 0.35683949375 0.28072284999999997 0.3525377453125 0.293795753125 0.3425769421875 0.2956369234375 0.3142125609375 0.281183178125 0.30943020625 0.2680130390625 0.30857325156250004 0.2580357578125 0.31522036875000004 0.252836415625 0.342123184375 0.2004767296875 0.3410928640625 0.1896955609375 0.334995459375 0.1794330328125 0.3296732625 0.17576692031250002 0.322771034375 0.1767815109375 0.31664401249999996 0.184392515625 0.326473709375 0.2089597015625 0.3022827375 0.25888503281249997 0.299835878125 0.259546296875 0.29014993125 0.25365653125 0.27879233124999997 0.2550244453125 0.27565201093749997 0.2524701625 0.2362542515625 0.201864175 0.227719859375 0.1863050671875 0.2252406140625 0.1537962453125 0.2068891671875 0.1587557265625 0.22106286874999997 0.1974622546875 0.24511562812499998 0.23094674531249998 0.2187723984375 0.261886715625 0.209606546875 0.25840861249999997 0.2041011125 0.2598964578125 0.19665904375 0.27041507343750004 0.20143152656250002 0.2895430546875 0.16429581875 0.40251846718750006 0.1641943296875 0.41105329062499996 0.1600758171875 0.4189722359375 0.1421429765625 0.434878203125 0.1437032640625 0.4421131890625 0.1553878484375 0.4542687390625 0.156774771875 0.4606998390625 0.13034269062499998 0.5452604062499999 0.1305879296875 0.5554030046875 0.1339016171875 0.5587611781249999 0.1812192875 0.5740479671875 0.26940061718749997 0.5987090890625 0.29271765781250003 0.6017657875 0.3004148390625 0.595431925 0.3111085921875 0.5729749265625 0.3096794140625 0.539331584375 0.3125026203125 0.5224045609375 0.3075962609375 0.4786413140625
0 0.77667021875 0.3663365234375 0.7476025046875 0.3546250734375 0.71889139375 0.338563553125 0.715414215625 0.3284436484375 0.7084302390625 0.32607737187499997 0.7014561359375 0.3177532515625 0.6963890515625 0.31827189218749996 0.68913021875 0.32363655156250004 0.691027365625 0.3384371578125 0.6949428953125001 0.34758785937500003 0.6945764203125 0.3578957734375 0.6656848390625 0.3980318296875 0.6396982140625 0.42462173124999997 0.63618154375 0.43833320468750003 0.6394853578124999 0.4476492203125 0.6525667375 0.46027802500000004 0.67770905 0.46879661875 0.708101684375 0.47164261406249997 0.7274115765625 0.46812558906249996 0.752593378125 0.45281280625000003 0.79135414375 0.4134125578125 0.7979293875 0.398874503125 0.7960322390625 0.38407389687500004 0.77667021875 0.3663365234375
8 0.8693266640624999 0.37872863125 0.897750278125 0.35743531093750003 0.8975050390625 0.3472927140625 0.8790619734374999 0.3548291734375 0.8098987015624999 0.397341271875 0.8077069531250001 0.40218729062499997 0.8039999421875 0.478054184375 0.8146048453124999 0.5092177859375 0.8166951015624999 0.512906590625 0.8201920265625 0.5111108078125 0.8187233562499999 0.501298840625 0.8241442765625001 0.445386509375 0.87625140625 0.4168419734375 0.897589553125 0.40171720000000005 0.8956007874999999 0.389493571875 0.8738341625 0.39962970625 0.8693266640624999 0.37872863125
11 0.6242260703125 0.6950845375 0.6057083624999999 0.6422386671875 0.595482575 0.64585293125 0.59077209375 0.642021503125 0.5664867359375 0.6434801890624999 0.5824659640625 0.6995643015625 0.5849945703125 0.702283903125 0.6242260703125 0.6950845375
11 0.63094229375 0.648180284375 0.6391003375000001 0.6800051500000001 0.6444027890624999 0.6955869484375 0.6915048359375 0.682857609375 0.675679228125 0.6394930734375001 0.63094229375 0.648180284375
11 0.722578290625 0.643833378125 0.7144625046875 0.6392207562500001 0.7007397921875 0.6446308015625 0.7132615875 0.6786793203125 0.7172687359375 0.6852530421874999 0.7364052625 0.68093213125 0.722578290625 0.643833378125
11 0.7552768046875 0.6783843093749999 0.7699579625 0.6744167234375 0.75706969375 0.6506761187500001 0.75124714375 0.6326826546875 0.7437332015625 0.6338625625 0.7448551390625 0.6420667531250001 0.7378612906249999 0.6456583203124999 0.7453456187499999 0.6623519484375 0.7552768046875 0.6783843093749999
10 0.5010770671875 0.5292925515625 0.4932163921875 0.52886468125 0.48456076562500006 0.5337560859375 0.48706962656249997 0.5483913765625 0.49475693749999994 0.5480153578125 0.50201576875 0.542650696875 0.5010770671875 0.5292925515625
5 0.429506425 0.5486345359375 0.43229014374999997 0.5555388906250001 0.45062184531250005 0.562495096875 0.457350709375 0.56067661875 0.4508967015625 0.5547641609375 0.429506425 0.5486345359375
13 0.4922042484375 0.6652565296875 0.48961364218750003 0.6472403734375 0.48483128593749997 0.6340702359375 0.47810242187499996 0.6358887125 0.4799798234375 0.6626050078125 0.4853738953125 0.6756098296874999 0.49105269375000005 0.674925871875 0.4922042484375 0.6652565296875