9 0.7150000000000001 0.6208333328125 0.7150000000000001 0.595 0.7075 0.5891666671875 0.5974999999999999 0.5541666671875001 0.569375 0.55 0.55625 0.5549999999999999 0.536875 0.5325 0.49312500000000004 0.5133333328125 0.4875 0.5075000000000001 0.380625 0.4791666671875 0.34500000000000003 0.4625 0.33625 0.4641666671875 0.333125 0.4683333328125 0.333125 0.48333333281249996 0.335625 0.4916666671875 0.3375 0.5341666671875 0.32999999999999996 0.5433333328125001 0.315625 0.5441666671875 0.31062500000000004 0.5599999999999999 0.29812500000000003 0.5783333328125 0.29312499999999997 0.5908333328125 0.29312499999999997 0.5958333328125 0.32625000000000004 0.6166666671875001 0.334375 0.6883333328125001 0.32999999999999996 0.6933333328125 0.32875 0.7 0.33187500000000003 0.7366666671875 0.33125 0.7725 0.31625000000000003 0.7991666671875 0.27999999999999997 0.8491666671875 0.215625 0.93 0.2 0.9591666671875 0.20187499999999997 0.9766666671875001 0.22125 0.9991666671875 0.661875 0.9991666671875 0.7150000000000001 0.6208333328125
9 0 0.7625 0.024375 0.7858333328125 0.064375 0.7725 0.0975 0.7375 0.12562500000000001 0.7166666671875 0.1525 0.7183333328125 0.16375 0.7141666671875 0.196875 0.6849999999999999 0.20125 0.6733333328125 0.200625 0.6675 0.195 0.6591666671875 0.18875 0.6575 0.16999999999999998 0.6675 0.15812500000000002 0.6866666671874999 0.145 0.6883333328125001 0.12562500000000001 0.6833333328125 0.10187500000000001 0.6675 0.068125 0.6591666671875 0.06375 0.6533333328125 0.063125 0.645 0.07875 0.6191666671875 0.08125 0.6083333328125 0.07625 0.605 0.05375 0.6116666671875 0.036875000000000005 0.6125 0.010624999999999999 0.6224999999999999 0 0.63 0 0.7625
8 0.159375 0.7216666671875 0.16625 0.735 0.16499999999999998 0.7375 0.15375 0.7383333328125 0.146875 0.7441666671875 0.15 0.7541666671875 0.14750000000000002 0.765 0.10625 0.8008333328124999 0.10625 0.8400000000000001 0.160625 0.8991666671875 0.164375 0.8958333328125001 0.210625 0.9266666671875001 0.209375 0.9391666671875001 0.28125 0.8466666671875 0.3325 0.7741666671874999 0.3325 0.6183333328125 0.328125 0.6133333328125 0.19875 0.5466666671875 0.193125 0.5458333328125 0.19125 0.5491666671875 0.198125 0.62 0.2 0.6799999999999999 0.160625 0.7166666671875 0.159375 0.7216666671875
11 0.15437499999999998 0.5275000000000001 0.16312500000000002 0.5308333328125 0.241875 0.5333333328125 0.27 0.5425 0.33187500000000003 0.5391666671875 0.34125 0.5333333328125 0.32937500000000003 0.41916666718749995 0.319375 0.3775 0.26625 0.3725 0.16 0.3691666671875 0.12 0.37 0.110625 0.37666666718749997 0.11000000000000001 0.3825 0.121875 0.425 0.15 0.52 0.15437499999999998 0.5275000000000001
11 0 0.4683333328125 0.029375000000000002 0.4783333328125 0.129375 0.4525 0.13 0.4425 0.12 0.4141666671875 0.113125 0.38333333281250004 0.113125 0.38 0.121875 0.3716666671875 0.26937500000000003 0.3716666671875 0.254375 0.2791666671875 0.24562499999999998 0.2425 0.10124999999999999 0.2491666671875 0 0.2575 0 0.4683333328125
4 0.27749999999999997 0.2375 0.284375 0.2658333328125 0.286875 0.26916666718750004 0.29812500000000003 0.2658333328125 0.29312499999999997 0.2341666671875 0.30062500000000003 0.2258333328125 0.299375 0.2125 0.290625 0.17916666718750002 0.28312499999999996 0.16583333281249998 0.281875 0.1541666671875 0.274375 0.14750000000000002 0.26875 0.1491666671875 0.26875 0.1625 0.25875 0.17916666718750002 0.259375 0.1891666671875 0.263125 0.19583333281249998 0.265 0.21833333281249998 0.27749999999999997 0.2375
4 0.7675 0.4016666671875 0.779375 0.4066666671875 0.795625 0.40499999999999997 0.803125 0.395 0.80375 0.3775 0.8081250000000001 0.3675 0.818125 0.35750000000000004 0.8225 0.3433333328125 0.8237500000000001 0.3275 0.8324999999999999 0.3158333328125 0.835625 0.30583333281249997 0.8275 0.26916666718750004 0.82875 0.22000000000000003 0.826875 0.20166666718749998 0.821875 0.1975 0.805625 0.2 0.8025 0.20416666718749998 0.8012499999999999 0.215 0.79625 0.2216666671875 0.77125 0.23333333281250002 0.75 0.2533333328125 0.744375 0.2625 0.7474999999999999 0.2883333328125 0.740625 0.33999999999999997 0.7424999999999999 0.35583333281249996 0.7675 0.4016666671875
6 0.1575 0.6516666671875 0.2 0.6558333328125 0.200625 0.64 0.195625 0.5891666671875 0.1925 0.585 0.18062499999999998 0.5841666671875 0.110625 0.5841666671875 0.060625 0.6466666671875 0.061250000000000006 0.6533333328125 0.136875 0.6566666671875 0.14250000000000002 0.6516666671875 0.1575 0.6516666671875
6 0.49437499999999995 0.6208333328125 0.5 0.5908333328125 0.49874999999999997 0.5841666671875 0.49437499999999995 0.5808333328125 0.406875 0.58 0.39375 0.5825 0.39249999999999996 0.5900000000000001 0.38687499999999997 0.5966666671875 0.385 0.6041666671875 0.384375 0.6191666671875 0.3875 0.6216666671875 0.48875 0.6266666671875 0.49437499999999995 0.6208333328125
1 0.5337500000000001 0.8266666671875 0.528125 0.8266666671875 0.48 0.8625 0.505 0.9283333328125 0.563125 0.8833333328125 0.563125 0.8791666671874999 0.5337500000000001 0.8266666671875
1 0.656875 0.7666666671875 0.63 0.7125 0.621875 0.7116666671874999 0.5925 0.7224999999999999 0.5912499999999999 0.7308333328125001 0.615 0.7833333328125 0.620625 0.7841666671875 0.656875 0.7666666671875
1 0.479375 0.7041666671875 0.520625 0.6883333328125001 0.520625 0.6799999999999999 0.50625 0.6475 0.46624999999999994 0.6591666671875 0.45875000000000005 0.6641666671875 0.45875000000000005 0.6716666671875 0.46875 0.7008333328125 0.471875 0.7041666671875 0.479375 0.7041666671875
1 0.6174999999999999 0.6666666671875 0.615 0.6541666671875 0.6056250000000001 0.6341666671875 0.565625 0.635 0.560625 0.64 0.5599999999999999 0.6483333328125 0.57125 0.6758333328125 0.614375 0.6725 0.6174999999999999 0.6666666671875
10 0.3525 0.6783333328125 0.3625 0.6416666671875 0.33187500000000003 0.6416666671875 0.3325 0.6866666671874999 0.343125 0.6858333328125 0.3525 0.6783333328125
10 0.45375 0.7783333328125 0.464375 0.7616666671875 0.468125 0.7408333328125 0.46749999999999997 0.7275 0.4575 0.7183333328125 0.44437499999999996 0.72 0.4375 0.7291666671875 0.42750000000000005 0.7566666671875 0.42750000000000005 0.77 0.434375 0.78 0.446875 0.7816666671875 0.45375 0.7783333328125
13 0.568125 0.5816666671874999 0.5700000000000001 0.5591666671875 0.57125 0.5108333328125 0.566875 0.49000000000000005 0.55375 0.4883333328125 0.5443749999999999 0.5175 0.541875 0.5808333328125 0.5493750000000001 0.5916666671875 0.560625 0.5916666671875 0.568125 0.5816666671874999
12 0.9225 0.38333333281250004 0.9037499999999999 0.3825 0.89 0.4 0.889375 0.4058333328125 0.8925000000000001 0.41166666718749995 0.89875 0.4125 0.9087500000000001 0.4216666671875 0.961875 0.43166666718749996 0.975 0.4233333328125 0.990625 0.3875 0.9962500000000001 0.3875 0.99875 0.3966666671875 0.999375 0.2833333328125 0.9875 0.2725 0.954375 0.27 0.945 0.2758333328125 0.9412499999999999 0.2858333328125 0.9337500000000001 0.2833333328125 0.9181250000000001 0.3 0.9081250000000001 0.3333333328125 0.9 0.3375 0.9012499999999999 0.34249999999999997 0.9106249999999999 0.34750000000000003 0.921875 0.3591666671875 0.9225 0.38333333281250004
12 0.646875 0.3358333328125 0.64 0.33999999999999997 0.6431250000000001 0.3458333328125 0.64 0.3675 0.6443749999999999 0.36666666718749996 0.64625 0.3508333328125 0.661875 0.3483333328125 0.67 0.36 0.67 0.3675 0.675 0.36833333281249997 0.676875 0.36583333281249997 0.6756249999999999 0.35583333281249996 0.67125 0.34500000000000003 0.665 0.3408333328125 0.66625 0.3275 0.66875 0.3275 0.67375 0.3166666671875 0.68625 0.30583333281249997 0.684375 0.2958333328125 0.686875 0.2891666671875 0.686875 0.275 0.675 0.2758333328125 0.666875 0.2683333328125 0.6637500000000001 0.2533333328125 0.641875 0.24583333281250003 0.62375 0.2491666671875 0.62625 0.3066666671875 0.645 0.31416666718749997 0.649375 0.32 0.646875 0.3358333328125
2 0.43875000000000003 0.1525 0.4025 0.1516666671875 0.40750000000000003 0.2475 0.43125 0.2508333328125 0.440625 0.2483333328125 0.43875000000000003 0.1525
2 0.56375 0.2533333328125 0.566875 0.24583333281250003 0.568125 0.15 0.5387500000000001 0.1483333328125 0.536875 0.1508333328125 0.53625 0.25833333281250004 0.5525 0.2608333328125 0.561875 0.25166666718749997 0.56375 0.2533333328125