9 0.64161041875 0 0.6532260640625001 0.039095340625 0.65293836875 0.0547343890625 0.57029155625 0.1535943125 0.5605534609375 0.161993615625 0.552263778125 0.1640133328125 0.54739473125 0.168212984375 0.57235308125 0.28392147031250003 0.5750495109375 0.2892911984375 0.57840466875 0.28960374375 0.6021804765625001 0.39543030468749996 0.6009721453125 0.40865698124999994 0.6486150281249999 0.5990688875 0.6514205859375 0.6075509296875 0.6565733640625 0.6114432937500001 0.6607400296875 0.6110558984375001 0.66721026875 0.6048339 0.7633749484375 0.58152966875 0.803728121875 0.56403900625 0.8651547078125 0.55145845625 0.89410311875 0.5425220562499999 0.9055951828125 0.536457646875 0.97351383125 0.518277559375 0.967359046875 0.3427430546875 0.9611765046875 0.3333260046875 0.9417122125 0.27893141718750003 0.903765771875 0.1981530671875 0.8822856031249999 0.133954034375 0.860823296875 0.09410852812500001 0.8357697156249999 0.023372321874999998 0.827130825 0.015432634375 0.81537685625 0.01402749375 0.8091724906250001 0.0039879796875 0.8085816156250001 0 0.64161041875 0
11 0.2911884 0.32442608281249996 0.28945625625 0.322713653125 0.1923967328125 0.32049690937499997 0.19880349375 0.431685309375 0.2656665875 0.43108913906249996 0.295732065625 0.4301672765625 0.30233325624999996 0.42768005468750003 0.2978907875 0.3725133046875 0.3018173734375 0.36527881875 0.29483423750000004 0.3568729421875 0.2911884 0.32442608281249996
11 0.1812082265625 0.2159980125 0.18197211875 0.237784209375 0.1862260859375 0.239886665625 0.27580743750000003 0.24342318437500002 0.274532828125 0.2070713578125 0.2786903640625 0.18257941875 0.2757102046875 0.169117675 0.2750594046875 0.12671272656250002 0.18368043437499998 0.1195963890625 0.1812082265625 0.2159980125
0 0.796495921875 0.14317931718750002 0.7885812390625 0.1320498375 0.7748332203125 0.12146271093750001 0.7529483 0.1172525421875 0.725513775 0.12167674531249999 0.7016090140625 0.13139319375 0.6390137828125 0.1821764125 0.5958471234375 0.2386471625 0.5805336359375 0.2787894390625 0.58179555 0.3386233453125 0.5887241203125 0.345473065625 0.59224991875 0.3744963796875 0.6013034937499999 0.3942628578125 0.6106884140625 0.399635215625 0.6308630171875 0.40275541718749996 0.700029684375 0.39632464375 0.7101169875 0.39788474375 0.7305098453125 0.40722957343750005 0.7579622296874999 0.4271588984375 0.7669979421875001 0.4225718515625 0.783158659375 0.4304366875 0.8016011187500001 0.43184446093749995 0.8089919921875 0.4280348328125 0.8096288953125 0.4223551890625 0.8268233390624999 0.41201364687500003 0.8335812734375001 0.3901526 0.8295931765625 0.3717886328125 0.787515790625 0.3401047359375 0.7873630109375 0.335747496875 0.7795574546874999 0.3277303296875 0.7992518984375 0.3171563484375 0.8218649906250001 0.294445659375 0.8328332421875 0.2734421421875 0.8295256984374999 0.25064345781249997 0.796495921875 0.14317931718750002
9 0.461740071875 0.9443018984375 0.49674007343750004 0.941047771875 0.5031626953125 0.9573119109375 0.54725991875 0.975069190625 0.5633333328125001 0.9804441781250001 0.7424999999999999 0.96378615 0.6635852734375 0.64451393125 0.657140828125 0.6276273265625 0.651198365625 0.6250573671875 0.5749900343750001 0.645257171875 0.5304047187500001 0.661267840625 0.4468273390625 0.685899734375 0.38204559531250004 0.6981677390625001 0.3739523421875 0.7057896234375 0.39819245 0.9202346234375 0.461740071875 0.9443018984375
13 0.5442360734375 0.6980758812500001 0.5559027390625 0.6969911734375 0.638184484375 0.6830961062500001 0.648843215625 0.6771091734375 0.6490217828125 0.6583578109375 0.6395495578125 0.6504956046875 0.6319840828125 0.649325528125 0.5429920218750001 0.662595503125 0.53393448125 0.6665600890625 0.5266527359375 0.6734820312500001 0.5133848796875 0.6765890859375 0.5121328968750001 0.6885708359375 0.518206309375 0.6948755734375001 0.532394803125 0.6941808890625001 0.5442360734375 0.6980758812500001
1 0.662636846875 0.545932371875 0.6662320859374999 0.553092009375 0.6738412140625 0.5555070109375 0.7063412125 0.552485321875 0.7153114515625 0.5460308859375 0.713212240625 0.5100055234374999 0.7061308890625 0.4987985640625 0.668696365625 0.504152515625 0.6590019218750001 0.5137967453125001 0.662636846875 0.545932371875
3 0.8124046968749999 0.477676896875 0.8259781109375 0.483284321875 0.826152715625 0.48826402343749997 0.8155594625000001 0.4961183421875 0.8159523203125 0.5073226734375 0.82391065625 0.519697078125 0.8341507359375001 0.5256144203125 0.849347165625 0.5298219578125 0.862658671875 0.527959828125 0.9036924015625001 0.5060344484375 0.9263927953125 0.4858136109375 0.9310217625 0.47476686875 0.9314622359375001 0.46348505781249993 0.9304542984375 0.45858283593750004 0.92626580625 0.45834776875000005 0.9173908015625001 0.41982992656249996 0.9006150078124999 0.4182671953125 0.8540356421874999 0.42509588281250005 0.8292538984375 0.43364488593750006 0.8021685812499999 0.44802849375 0.800938425 0.46063270625 0.8046427921875001 0.4709046578125 0.8124046968749999 0.477676896875
10 0.6089702015625 0.7082940171875001 0.6046725828125 0.7049466359375 0.58364281875 0.7012814515625 0.5794979796875 0.702291309375 0.5724126640625 0.7148154156250001 0.5772777453125 0.734346828125 0.582452346875 0.73886165625 0.6068590953124999 0.7434618484375 0.613351159375 0.7378623140625 0.61475591875 0.7302378015625 0.614319409375 0.717788546875 0.6089702015625 0.7082940171875001
12 0.2985812734375 0.43989424374999997 0.2602042890625 0.44221336093749997 0.225291590625 0.4479573390625 0.22821620468749998 0.5313673515625 0.23080350625 0.5336247640625 0.2668706890625 0.5290224328125 0.27830350625 0.5292084499999999 0.28178961875 0.5332557734375001 0.28678961875 0.5327908984375 0.3064840609375 0.5222169171875 0.2985812734375 0.43989424374999997
12 0.25500789375 0.6993627109375 0.304021784375 0.6904341984375 0.31255154531249996 0.6952615718749999 0.319855115625 0.6889620937500001 0.3123491515625 0.5941126828125001 0.25916859531249997 0.6034285921875 0.24844438906250002 0.6075481359375 0.2524205921875 0.697105296875 0.25500789375 0.6993627109375
12 0.3805118453125 0.5590486218749999 0.3682519265625 0.5670579015625 0.38040471875000004 0.675214096875 0.386303528125 0.67653913125 0.3937162265625 0.673351965625 0.3969622578125 0.6705521984375 0.398257890625 0.659815371875 0.4080178109375 0.65203853125 0.40618050625 0.6234827234375 0.4160277265625 0.6181957328125 0.44453566406249995 0.6205411437499999 0.457803521875 0.6174340875000001 0.4556348703125 0.6032724015625 0.4274106609375 0.6090190078125 0.42138090000000006 0.603959196875 0.4020614546875 0.6013839796875 0.3931646234375 0.562243675 0.3888233546875 0.5576513671875001 0.3805118453125 0.5590486218749999
12 0.358442390625 0.47804309375000004 0.36195032656250004 0.4827128796875 0.3703054859375 0.4825605515625 0.371710246875 0.47493603906250004 0.3782241359375 0.46995896562499995 0.42848604218749997 0.4727797671875 0.43429754843749996 0.4716149515625 0.4348908015625 0.4646903796875 0.4312955625 0.45753074375 0.3913173890625 0.4618722078125 0.388642784375 0.45712494374999996 0.36932333906250003 0.45454972656250003 0.3647023015625 0.41813433906249997 0.3629046828125 0.41455452031249995 0.356194365625 0.4139294265625 0.3504265078125 0.4163391703125 0.3506884140625 0.42380872500000005 0.358442390625 0.47804309375000004
6 0.5049306109375 0 0.47329750625000006 0.15324495625 0.47434909375 0.15939210625 0.4901784625 0.181651065625 0.5013391796875 0.189980778125 0.5071288609375 0.188193496875 0.5118669546875 0.18025906875 0.5429959140625 0.114291159375 0.5564859921875 0.09367766718750001 0.5926013859375 0 0.5049306109375 0
9 0.3134051046875 0.600384325 0.32254758125 0.7180628859375 0.3715832953125 0.7097568375 0.37796622968750004 0.7010449859375 0.38614678593749996 0.6959129546875 0.3859801109375 0.6434711234375 0.374726128125 0.5371048390625 0.3694245359375 0.5051241703125 0.35852969218749997 0.4805329453125 0.35187095625000003 0.43369064843749994 0.35178761875000003 0.4074697328125 0.30178761875000004 0.412118484375 0.3031447625 0.4269801125 0.2975733359375 0.43499202031250006 0.30681871250000003 0.5317611390625 0.30945629375 0.5831407921875 0.30724002499999997 0.5914652453125 0.3134051046875 0.600384325
7 0.5678188625 0.7542620343750001 0.5610044078125 0.7462557609375 0.552435228125 0.745549953125 0.548545890625 0.7492925640625 0.5473190906250001 0.757295209375 0.5506006218749999 0.7648786921874999 0.5537377375 0.7683433375 0.5627675421875 0.7678797359375 0.5626728562500001 0.7795334406250001 0.5841891015625 0.776781703125 0.5864306828125 0.769060028125 0.575147290625 0.7625964640625 0.5678188625 0.7542620343750001
5 0.52882993125 0.8033406828125 0.5542766234375 0.86971823125 0.56473099375 0.8668683859374999 0.5432917796875001 0.8001176187500001 0.52882993125 0.8033406828125