13 0.7187607828125 0.3625027421875 0.7106374343749999 0.35674478593750003 0.6678543078125 0.355096578125 0.6465178890625001 0.35081513124999997 0.6059179343750001 0.35405043125 0.5970506531249999 0.357131746875 0.5780936640625 0.3596050984375 0.57088619375 0.36257981875 0.56496656875 0.369867584375 0.5664058062499999 0.3835903671875 0.572039440625 0.389508215625 0.6295197390625 0.39586424375 0.671844925 0.3931461125 0.686345840625 0.39598264375 0.7046037640625 0.3948101171875 0.7141046906249999 0.389804215625 0.721598153125 0.37362388125 0.7187607828125 0.3625027421875
10 0.7099122984374999 0.24626966718749999 0.6758861671874999 0.24845483281249997 0.667345984375 0.25465496249999997 0.662473078125 0.2719229328125 0.6649384828125 0.2874637078125 0.6712711812500001 0.2920807328125 0.6832823796875 0.2950771546875 0.7042917 0.29623978906250004 0.7139888859375 0.293105178125 0.7191440265625 0.286494471875 0.7224879625 0.27058062031249996 0.7211795624999999 0.2581053640625 0.7099122984374999 0.24626966718749999
7 0.690553509375 0.1652495921875 0.6777124062500001 0.162306465625 0.6613105546875 0.1652436875 0.6508245687499999 0.1847560234375 0.6555180109375 0.19764185625 0.6662619171874999 0.2044874515625 0.6919235703125 0.20221149062500002 0.7024506640625 0.19902358125 0.711056265625 0.193447215625 0.71365626875 0.1863726375 0.7122375843750001 0.18081206875 0.6993759265625 0.16970672656250002 0.690553509375 0.1652495921875
5 0.6658459296875 0.084628278125 0.733984115625 0.01947429375 0.7274948343750001 0.013300553125 0.6605523265625 0.0805743703125 0.6658459296875 0.084628278125
12 0.2650718578125 0.0676092546875 0.31682879062499997 0.0831243375 0.3327932578125 0.0839829890625 0.351871809375 0.003006315625 0.255602759375 0.009188734375 0.24786441093749997 0.054899110937499995 0.2501784234375 0.06103014531249999 0.2650718578125 0.0676092546875
12 0.46979310312499994 0.07581279375 0.4649893734375 0.0698416484375 0.4587875171875 0.0664721484375 0.456408084375 0.05971735 0.4432193296875 0.0454931953125 0.434176340625 0.0548654359375 0.43017820625000003 0.064541659375 0.40255947187499996 0.15171846093750002 0.403781896875 0.1554077421875 0.4116435671875 0.1586706484375 0.41579309374999995 0.15840416562499998 0.41885103749999997 0.1556959265625 0.438359459375 0.11864913749999999 0.45269218437500003 0.0800508375 0.45760619843750006 0.0791072953125 0.47051272187500004 0.082674184375 0.46979310312499994 0.07581279375
12 0.31161374999999997 0.19272500625 0.31069787031249996 0.183992328125 0.314238065625 0.1699497640625 0.2939278125 0.1674863078125 0.28464745625 0.1586628328125 0.280497928125 0.1589293171875 0.277701665625 0.16413260624999998 0.2718923265625 0.164505684375 0.227363415625 0.1541780921875 0.218998940625 0.154087296875 0.2157372203125 0.20265000312499998 0.20856709843750001 0.24581203125 0.21164559375 0.25126600625 0.24077826406249997 0.258186596875 0.26632963125 0.2628253234375 0.2948081 0.2635082875 0.3017576515625 0.23417563593750002 0.30084177031250003 0.22544295625 0.30586607187500003 0.21758472499999998 0.30818384062500004 0.1998528828125 0.31161374999999997 0.19272500625
12 0.4633892234375 0.245774365625 0.4665780078125 0.244313653125 0.4670808125 0.2411415421875 0.4635649328125 0.23948344062500002 0.4121107828125 0.24278783593750003 0.408353775 0.24679689843750002 0.37821549375 0.246220528125 0.37351829375 0.2571975734375 0.37729585625 0.2613507265625 0.3933257421875 0.2628331390625 0.39568461875 0.26142572343750003 0.3978921015625 0.25060856875000004 0.40791639062499996 0.250592771875 0.4134191828125 0.2552630953125 0.457490153125 0.26122434375000003 0.462011646875 0.256538225 0.4633892234375 0.245774365625
11 0.2929332359375 0.3810579828125 0.291318290625 0.3736261265625 0.29282670781250003 0.36410979375 0.2976753015625 0.3625424859375 0.3005369859375 0.3579629609375 0.29741738125 0.3361845578125 0.3005201890625 0.32593786874999997 0.2857575953125 0.320606284375 0.223187575 0.321484725 0.1961072375 0.3182001171875 0.1846193984375 0.3201937953125 0.1806866828125 0.33049378281249997 0.175041775 0.39616456875 0.17641559375 0.4092635890625 0.182748290625 0.41388061406250004 0.2045875171875 0.4149899515625 0.25508091875 0.410491325 0.268686509375 0.4127573921875 0.2825332234375 0.40935629687499997 0.29017808125 0.4025857015625 0.2977369640625 0.38702912968750003 0.2929332359375 0.3810579828125
11 0.2539780578125 0.47963820625000003 0.25164349375 0.46534495781249996 0.240331359375 0.4610477109375 0.17297816562499999 0.46411721874999995 0.165594990625 0.4733828671875 0.164540753125 0.51112841875 0.168335109375 0.5473066625 0.1721126703125 0.551459815625 0.1815033140625 0.553368603125 0.21393505156249998 0.55191379375 0.24494810625 0.544898415625 0.250037825 0.5376639484375 0.2522247546875 0.5186845796874999 0.2510715078125 0.4917561828125 0.2539780578125 0.47963820625000003
11 0.2326601921875 0.6348584546875 0.23700973906249997 0.6126003812499999 0.2334078828125 0.602156303125 0.21895183281250002 0.5917813203125 0.2027256875 0.5884276171875 0.17872384531250002 0.5905969843750001 0.16048647656249998 0.5999317265624999 0.136484634375 0.60210109375 0.124056603125 0.6110627578125001 0.12209024531249998 0.6162127515625 0.1276790125 0.6296690500000001 0.14167712187499998 0.63567769375 0.151656540625 0.6432003468749999 0.17037240625 0.646394159375 0.1996807796875 0.647023825 0.2057518015625 0.6491458 0.2203386890625 0.6607683093750001 0.2219330796875 0.660037953125 0.2326601921875 0.6348584546875
11 0.21212560625000002 0.670087253125 0.1991536625 0.6658966015625001 0.1773798578125 0.6654110281250001 0.1659574375 0.66802846875 0.15562660625 0.6730876671875 0.1448583859375 0.6819427375 0.14155931718749998 0.6903181390625 0.14472378749999998 0.704558090625 0.1495929359375 0.7111529984375 0.1614732921875 0.7129018953124999 0.180561121875 0.7116760703125 0.2115087546875 0.7040369296875 0.21749380000000001 0.697372928125 0.22020408906250002 0.6833836625 0.21666765468750002 0.6735633453125 0.21212560625000002 0.670087253125
1 0.6813812015625 0.5796669984375 0.686184928125 0.58563814375 0.6964054765625 0.587493634375 0.7018877156250001 0.5840017453125 0.7046839796875 0.5787984546875 0.7164783640625 0.571761375 0.7192746265625 0.5665580859375 0.7277493890625 0.55973419375 0.72825219375 0.55656208125 0.73672695625 0.5497381906250001 0.7344578109375 0.536068703125 0.7252428765625 0.5278689921875 0.7208765359375 0.5181019734375 0.7108971140625 0.5105793203125 0.7016616250000001 0.49421739374999996 0.6927737890625 0.4891364953125 0.6851532453125 0.4802064265625 0.6838654 0.47589338281250004 0.6865308234375 0.4694425671875 0.684413071875 0.46518282031249997 0.681857934375 0.46471894843749995 0.6804803578125 0.47548280624999995 0.669822425 0.4774231890625 0.6694055921875 0.48938127812500004 0.658747659375 0.49132166093749996 0.6572392421875 0.50083799375 0.649201865625 0.5038660109374999 0.6478037359375 0.5064676578125 0.649790646875 0.509479878125 0.65566540625 0.5097305640625 0.658482221875 0.5126894859375 0.6521008968750001 0.539473790625 0.65295135625 0.5475827078125 0.659807415625 0.5571898359375 0.6640634703125 0.5738715437499999 0.6686709375000001 0.5779714 0.6813812015625 0.5796669984375
0 0.709695003125 0.793868340625 0.7042613890625 0.765958903125 0.7057492515625 0.74828035625 0.71110065 0.743540940625 0.7217585859375 0.74160055625 0.7239212015625001 0.738321853125 0.7120857093749999 0.7290345031250001 0.703394134375 0.7258248953125 0.691644615625 0.725323521875 0.6860315359375 0.7275678875 0.6789792171875 0.7160894703125 0.6683661515625 0.710491403125 0.6667512062500001 0.7030595468749999 0.6735007359375 0.6957184843750001 0.6732390578125 0.6932234328125 0.66588019375 0.6867884156249999 0.6548951609375 0.685609984375 0.652495175 0.670692971875 0.643431634375 0.671903 0.6399157515625 0.6702448984375 0.641796134375 0.6563089296875 0.6374952140625 0.6471656718750001 0.627209246875 0.64468641875 0.6227774859374999 0.6342956375 0.618934503125 0.629518721875 0.60915134375 0.6238673578125 0.6045887421875 0.61222905 0.5974261375000001 0.607665321875 0.591399984375 0.5980048953125 0.5793887859375 0.5950084718750001 0.5569159140625 0.595823721875 0.5437233984375001 0.6054624453125 0.5364710609375 0.6159756171875 0.5213084296875 0.6546272140625 0.518271040625 0.665497665625 0.5186186937499999 0.6767786921875001 0.52487845625 0.7284977125000001 0.534044765625 0.7680987531250001 0.5618820734375001 0.8184320578125 0.580966140625 0.8410691124999999 0.5959904171875 0.8488957484374999 0.6256053390625 0.8444820140625 0.6696800671875 0.8265803859374999 0.69632678125 0.809797990625 0.709695003125 0.793868340625
11 0.41635332187499996 0.76121375 0.409955203125 0.7559729609375 0.40408044375 0.755722275 0.39259260625 0.7577159546875001 0.359678615625 0.7705050890625 0.2924562609375 0.7748221234375 0.2793740328125 0.777546159375 0.2687366515625 0.7876487562500001 0.25305065937500004 0.8213102484375 0.25433850625 0.8256232906250001 0.2622001765625 0.828886196875 0.293802009375 0.8274846859375 0.3268019734375 0.8234815281250001 0.3634281078125 0.814221784375 0.3800710859375 0.8056174 0.40486172500000006 0.78707030625 0.4127477078125 0.7746325484375001 0.41635332187499996 0.76121375
9 0.7299137640625 0.68393209375 0.7498071875 0.6983536375 0.761295025 0.6963599578124999 0.768240815625 0.6908901843749999 0.8161379734375 0.669603259375 0.8276912328125 0.6682333421875 0.8340239296874999 0.6728503671875 0.839154759375 0.681940325 0.8520575234375001 0.70937009375 0.8587584296875 0.7334303609374999 0.8587995359375 0.7497547875 0.8509995265624999 0.7709785218749999 0.8453864484375 0.7732228875 0.838420103125 0.7705304468749999 0.8276967515625 0.77184706875 0.823808903125 0.774608603125 0.8206406718749999 0.7842315296875 0.8180855359375 0.78376765625 0.8147248062499999 0.7676564171875 0.8097902390625 0.760437746875 0.7877790671875 0.74175645625 0.77445946875 0.7262847765625 0.7637809828125001 0.7200629453125 0.75829874375 0.7235548374999999 0.752902478125 0.7358327046875 0.74602210625 0.741926240625 0.7274576374999999 0.7481421671875 0.7042202796875 0.7496344765625 0.7019922421875 0.7522894171875001 0.7036931609375 0.7685072515625 0.7103286484375 0.79194375625 0.7039716375 0.8030273937500001 0.659917459375 0.8290912359375 0.6360015906250001 0.84004658125 0.6131567546875 0.8452814656250001 0.6053156390625001 0.850180771875 0.6050090921875 0.8552241734375 0.610597859375 0.8686804718750001 0.61701653125 0.8820834734374999 0.6226501640625 0.8880013218749999 0.6319753859375 0.8892863468750001 0.6534669578125001 0.8791146546874999 0.8697976046875 0.8068211890624999 0.9286143734375001 0.7860889328125 0.950935853125 0.77586394375 0.9493209078125 0.7684320875 0.9413283968749999 0.7639216546875 0.9297994515625 0.7495909078125 0.9026817640625 0.70611899375 0.8942313140625 0.6972422218750001 0.8646893312499999 0.6545539625 0.8584220515625001 0.6505606984375001 0.8532912234375001 0.6414707390625 0.8462594609374999 0.6381545359375 0.8422856375000001 0.6321300937500001 0.8328295765625 0.6295975453125 0.8276333296875 0.619883821875 0.82040530625 0.61469633125 0.8149473796875 0.6024875562500001 0.8095100046875 0.598440996875 0.8042483375 0.5881035125 0.796824053125 0.58104473125 0.7924577125 0.5712777124999999 0.7735699031250001 0.5505119484375001 0.7672166500000001 0.537732709375 0.76081853125 0.5324919203125 0.7555568640625 0.5221544359375 0.7490933265625 0.516289884375 0.7158392 0.4700722328125 0.7026298875 0.447685865625 0.69712709375 0.44301554374999996 0.6929775671875 0.4432820265625 0.6853327109375 0.450052621875 0.6513233765625001 0.48426288125 0.55473274375 0.5909402125 0.5549944234375 0.5934352640625 0.56196076875 0.5961277046875 0.5710897312500001 0.5955414390625 0.5781009421875 0.5906954296875 0.589915878125 0.5918205640624999 0.6241345093749999 0.615369565625 0.66125593125 0.6506634671875 0.7134259375 0.6780833390625001 0.7299137640625 0.68393209375
9 0.3908335453125 0.9719646890625 0.3944597140625 0.966708103125 0.3911195375 0.9587590765625 0.3795905921875 0.9444283296875 0.37057191562499997 0.9380999046875 0.364676603125 0.92968700625 0.369921475 0.907999396875 0.3693850796875 0.847121325 0.3705869515625 0.8426483921875001 0.3768336765625 0.838479440625 0.3963588921875 0.8334577421875 0.40505046718750004 0.836667353125 0.4312971421875 0.8638681359374999 0.44177560937499993 0.89208155625 0.4542166765625 0.9390078609374999 0.458190496875 0.9450323031250001 0.46629329375 0.9426280484375 0.4762316078125 0.933826271875 0.4960839234375 0.9319233875 0.5300894984375 0.921576009375 0.5970090640625 0.8984394968749999 0.6056146671875 0.8928631296875 0.6055941125000001 0.884700915625 0.595005359375 0.863402184375 0.5920371484375 0.8510335203125001 0.5713586875 0.8291268234375 0.5595680609375 0.8123010234375 0.533325146875 0.7612373625 0.5156504843749999 0.6644100296875 0.519386940625 0.6522387562499999 0.5263981515625 0.64739274375 0.53727665625 0.6316229859375 0.538065453125 0.6152452609375 0.5353794781250001 0.6135338625 0.5290019125 0.6164552890625 0.5126411671875 0.6357169390624999 0.5047346296875 0.639992484375 0.4940972515625 0.6500950796875 0.4891383703125 0.6585770734375 0.46646548125000004 0.6813839125000001 0.467818746875 0.6863207171875 0.47982994375 0.6893171406249999 0.48738506875 0.697623446875 0.514826096875 0.7680770531250001 0.5231008421875 0.7832447499999999 0.5253699843749999 0.7969142359375 0.5232727875000001 0.8008167046875 0.496254109375 0.8220187375 0.475396184375 0.8302658421875 0.47336440625 0.834792071875 0.474738225 0.8478910921875 0.4702821515625 0.8532009765625 0.46530271718750005 0.85352075625 0.45233077499999996 0.8493301046875 0.44042986093750003 0.8394189937500001 0.43525792812499997 0.8140046062499999 0.432375690625 0.8104219203125 0.42112897812499994 0.8067484374999999 0.41824674218749996 0.80316575 0.41379442656250004 0.7846127546874999 0.41078135156249995 0.7797825421875 0.4082916328125 0.7799424328125 0.4002542578125 0.7829704515625 0.389943978125 0.7961918625 0.370700996875 0.811870825 0.3430729859375 0.8192967796874999 0.3326972875 0.8318944265624999 0.324091684375 0.83747079375 0.3191328046875 0.8459527890625 0.3258131578125 0.8618508421875 0.3382542234375 0.9087771468750001 0.338601875 0.920058175 0.3354336484375 0.9296811015625 0.3422205265625 0.9625273453125001 0.346280321875 0.9773377640625001 0.35178311406249996 0.9820080859375 0.3801101921875 0.9732813109375 0.3908335453125 0.9719646890625
9 0.4322806015625 0 0.431649275 0.0148380203125 0.43282683437499997 0.026065753125 0.4401408328125 0.0400392203125 0.44948660625 0.049486459375 0.4873033359375 0.10734241562499999 0.5094004812499999 0.1348096828125 0.532544346875 0.1722571546875 0.5548377531249999 0.201595709375 0.57542648125 0.23857930781249997 0.6143142421875 0.29071480781250003 0.6249029953125 0.31201353906249996 0.6521963875 0.3491945265625 0.6576337609375 0.3532410875 0.667024403125 0.355149875 0.70827855625 0.3581522015625 0.71461125625 0.3627692265625 0.718736471875 0.3782034078125 0.7157645015625 0.389697621875 0.7120729125 0.3943304453125 0.7006504953125 0.3969478890625 0.697592553125 0.3996561265625 0.7033775796875 0.4149837140625 0.71442803125 0.416785909375 0.7770504359375 0.3606432609375 0.792646696875 0.342058671875 0.8595289125000001 0.2787348515625 0.875059753125 0.2595264984375 0.915446653125 0.22239481562500002 0.940784965625 0.1931371625 0.9684372890624999 0.17001054375 0.9797083140625 0.1579833625 0.98969149375 0.1416431359375 0.9748360296874999 0 0.6246566703124999 0 0.61933878125 0.0040404875 0.615189253125 0.004306971875 0.6101444 0.0040029890625 0.6078849125 0 0.4322806015625 0
11 0.2865962984375 0.9579360124999999 0.297867321875 0.94590883125 0.3099065921875 0.9093417109375 0.3168318296875 0.8957097218750001 0.3174692328125 0.8699222593749999 0.31220756562499996 0.8595847750000001 0.30364683124999997 0.8576226921875 0.2917870265625 0.8640360078124999 0.2818487140625 0.87283778125 0.2535216359375 0.881564559375 0.24181322500000002 0.8973876140625 0.22434034062500002 0.9060452953125001 0.20669175156250003 0.9209939031250001 0.1865945515625 0.9524268265625 0.187816978125 0.9561161078125 0.20033098124999998 0.9559404203125 0.2222150734375 0.94951130625 0.23223936093750003 0.9494955078125 0.2510860625 0.9539368453125 0.2594710921875 0.9621898546875001 0.26560753125000003 0.9649355921874999 0.2778598546875 0.962264853125 0.2865962984375 0.9579360124999999