9 0.415104315625 0.6474441515625 0.5072929359375 0.6313662890625 0.5299436046875 0.5619640078125 0.5241423578125 0.5402015015625 0.5269481468749999 0.5285454359374999 0.40611022812500003 0.45196740156250004 0.35267145 0.43407114062499996 0.34425408750000003 0.46903933750000004 0.3792876140625 0.48578279843749994 0.3953349921875 0.4896751015625 0.39820727031250003 0.48832649375 0.4070382640625 0.493974653125 0.349290390625 0.6386231828125 0.3408212328125 0.6420555265625 0.3092408796875 0.6356618125 0.30724974375 0.6404056890625001 0.302757959375 0.6414264140625 0.3006905375 0.65001509375 0.311003159375 0.64245235 0.3464083171875 0.6541240515625 0.38490971093750004 0.659988865625 0.415104315625 0.6474441515625
9 0.5088192109375 0 0.49703972656250006 0.021301239062499998 0.4829638921875 0.040969584375 0.44337490468749996 0.11723655468750001 0.4430648640625 0.13969190468749998 0.436362884375 0.142838653125 0.421858725 0.1431190375 0.41633323125 0.1484341015625 0.36783206874999996 0.22997384843750002 0.32721426875000004 0.3034590265625 0.313118840625 0.351431896875 0.30722171249999997 0.3618187203125 0.30603542968749997 0.37380266875 0.31022696875 0.3810850296875 0.3311279671875 0.3930371140625 0.347241834375 0.40723687656249996 0.36431802812499997 0.41391097187500003 0.394559528125 0.4399782421875 0.42252434218749996 0.4578640796875 0.43518993593750005 0.4546379640625 0.444254684375 0.44167558125 0.498677465625 0.3143683546875 0.51263501875 0.2528567 0.5435973749999999 0.1947878140625 0.539996528125 0.1850515421875 0.527559790625 0.176743246875 0.5172002734375 0.1456940046875 0.5244313546875 0.12270975625 0.5545741640624999 0.0786291921875 0.56070504375 0.049631825000000004 0.5743476578125 0.017651649999999998 0.575019534375 0.00427680625 0.5747527828125001 0 0.5088192109375 0
12 0.11687352656250001 0 0.1207560046875 0.0075267296875 0.1351838796875 0.0110911515625 0.157128384375 0.004596634375 0.1766387328125 0.004686421875 0.1934958671875 0.0087426671875 0.1956248796875 0.0175375765625 0.17315617187500001 0.0367934625 0.13372955312499998 0.0912185625 0.1169858046875 0.1360817578125 0.096865171875 0.166750403125 0.09207804375 0.16899808125 0.07978408125 0.1671524390625 0.06770427968750001 0.1750007765625 0.0643078 0.18911075 0.07320038437500001 0.2121424984375 0.074076625 0.22261389843749999 0.0808450953125 0.22977460624999999 0.07788673593749999 0.24912028125000002 0.067788275 0.2663770046875 0.0398703578125 0.28710315 0.052974074999999995 0.2891127359375 0.0565847171875 0.2846967421875 0.06858823124999999 0.280693209375 0.07323258437499999 0.2719828765625 0.0828068421875 0.26748751875 0.09475366406249999 0.2390242640625 0.102265396875 0.23604145468749999 0.121404115625 0.241203003125 0.132954815625 0.2531921625 0.1333880375 0.26550399375 0.1467108140625 0.270131428125 0.15686106718749998 0.28441055625 0.1620863171875 0.287398578125 0.18218246093749998 0.29211058749999996 0.2047029640625 0.3043905546875 0.2235463359375 0.3107790578125 0.29517130156250004 0.3272102703125 0.31401957187499996 0.326522640625 0.3182971921875 0.315807934375 0.3110906015625 0.30341152656250003 0.3251762359375 0.2695909203125 0.334555921875 0.22709705625 0.3357520015625 0.20096084531249997 0.331713034375 0.185988875 0.31163158750000003 0.1600484703125 0.3121508921875 0.154363234375 0.31723336562500004 0.1508886015625 0.33416678437499997 0.15110004375 0.35242926093750004 0.145790190625 0.38371916562499997 0.1463347265625 0.39336970781249997 0.137994565625 0.40824060156249997 0.13971855625000001 0.412070303125 0.1379204125 0.412075203125 0.13084428125 0.4075883171875 0.124788875 0.41172316249999996 0.1076115140625 0.42329345625 0.09129614999999999 0.4441426609375 0.0717123828125 0.47147967968750004 0.039287884375 0.48913628750000004 0 0.11687352656250001 0
11 0.5519188609375 0.1919689453125 0.6553579359375 0.196183328125 0.688045475 0.092140734375 0.6776663625 0.0893960171875 0.5865926375 0.09025860625 0.552295390625 0.1798210546875 0.5519188609375 0.1919689453125
11 0.6395079375 0.33258669531249996 0.6251934484375 0.377941715625 0.62776548125 0.3848961921875 0.66310415 0.38626043593750004 0.6768279484375 0.343359325 0.6757277484374999 0.33734620625 0.6451048187499999 0.33050295625000004 0.6395079375 0.33258669531249996
11 0.6748633875000001 0.2033492484375 0.715870325 0.20586108125 0.728708084375 0.1666408328125 0.7284890234375 0.1640229828125 0.7113365453125 0.161193690625 0.6855672359375 0.162410221875 0.6748633875000001 0.2033492484375
11 0.7446147765625 0.0546971875 0.720464971875 0.0562416015625 0.7113855265625 0.090432378125 0.749153453125 0.092288446875 0.7585282453125 0.05687071406250001 0.7446147765625 0.0546971875
13 0.4379509125 0.29499661875 0.4607716609375 0.2989735015625 0.49934934062499997 0.30099350937499997 0.5097333515625 0.2966620953125 0.5165067171875 0.2967466703125 0.5194552796874999 0.291553259375 0.516735575 0.2852122578125 0.5027507203125 0.2798074046875 0.44709684843749997 0.2711133 0.4357554125 0.27589425156249997 0.43375937656249997 0.2877142578125 0.4379509125 0.29499661875
4 0.6089767171875 0.5123407078125 0.647926028125 0.5092889578124999 0.6539043359375001 0.4879812 0.65221344375 0.484421990625 0.6464737890625 0.4800430734375 0.628292496875 0.474431990625 0.6011472312499999 0.44255783125 0.5940071312499999 0.44046888125 0.5926066875 0.44275885 0.5986393125 0.4706159234375 0.5898379984375001 0.5071791609375 0.6089767171875 0.5123407078125
8 0.5976030796875 0.45728128281249997 0.5713907484375 0.46033824375 0.5605392296875 0.5018907484375 0.5891759203125 0.5064017421875 0.6021662484375 0.45949188437500005 0.5976030796875 0.45728128281249997
12 0.2762306921875 0.6740148546875 0.2718102953125 0.67826690625 0.272910496875 0.6842800234374999 0.280712678125 0.6871463921875 0.287781390625 0.6860040140625 0.2947787171875 0.6816303109375 0.29913262343749997 0.6670708000000001 0.3077543515625 0.655948846875 0.329322328125 0.6616022187499999 0.3258348671875 0.700785390625 0.3297212625 0.72344696875 0.3422342875 0.7279104609375 0.3470214140625 0.7256627812499999 0.351141565625 0.7297138171875 0.35539959374999996 0.7473036359375 0.3685746953125 0.7525445484375 0.3833644046875 0.7651894734375 0.39455326875 0.7680981296875 0.42008392656250004 0.792568275 0.422003675 0.784593071875 0.41840772968750006 0.767780671875 0.4187891578125 0.74855665 0.4334752796875 0.698129871875 0.40463422343750005 0.6697726359375 0.40744001093750004 0.65811656875 0.420553525 0.645973890625 0.35450584375 0.655763465625 0.2913500359375 0.6358999078124999 0.28347156875 0.6368783437500001 0.2772741984375 0.6555682515625 0.25554385625 0.6717567515625 0.24022504374999998 0.6789493249999999 0.230288953125 0.6743641765625 0.21836172343750002 0.67452290625 0.21261227031250002 0.6842962515625 0.21871866093749998 0.6906795421874999 0.24102989843749997 0.6861893968749999 0.270491034375 0.6696359375000001 0.2762306921875 0.6740148546875
12 0.2973479390625 0.5862876234375001 0.296680959375 0.5925863359375 0.3058073 0.597007540625 0.31103010000000003 0.603533628125 0.30225335000000003 0.6258832546875001 0.3071832546875 0.6300982296875001 0.3297086546875 0.6353020671875 0.3319237515625 0.6260999078125 0.3202204796875 0.62180035625 0.3190488921875 0.6125559109375 0.3275278453125 0.594971303125 0.3267943796875 0.5909625593750001 0.319068484375 0.5842513859375 0.3059647703125 0.582241803125 0.2973479390625 0.5862876234375001
6 0.518305371875 0.14463099375 0.5347712812500001 0.1820635234375 0.5381579640624999 0.1821058109375 0.5514289453125001 0.15519739375 0.5590883515625 0.1516011078125 0.563075521875 0.13503722499999998 0.5710351734375 0.123137853125 0.5704542765625 0.1114395 0.5606091656250001 0.0817811546875 0.5576655015624999 0.07989843437500001 0.555455303125 0.082024459375 0.519339084375 0.14033665312500002 0.518305371875 0.14463099375