4 0.8153256203125 0.850900725 0.8148454390625 0.8602907343749999 0.819106753125 0.8660378625 0.8305886328125001 0.8685477265625 0.8393748078125001 0.8661978593749999 0.8495546218750001 0.8539762015625 0.871216315625 0.84426440625 0.8749148203124999 0.8360322046875 0.8843978140625 0.828746440625 0.9067518578125 0.838085078125 0.9216262640625 0.8405187749999999 0.9331528125 0.8367235640624999 0.9361991656249999 0.8271221828125 0.929329246875 0.8158983359375 0.9126725921875 0.808123125 0.8919265953125001 0.8053599765625 0.8880561218749999 0.8028329890625001 0.8833190984374999 0.78248954375 0.873621703125 0.773328028125 0.8426579296875 0.753112121875 0.830436796875 0.749850065625 0.8125607078125 0.7507126734375 0.7636315046875 0.7439695234375 0.757453934375 0.7517961093750001 0.7270954046875 0.7512476203125 0.718874278125 0.7555836546875 0.7122634296875 0.7545020109375 0.7073901609375 0.7650669546875 0.7155219484375 0.7733410703125 0.717956346875 0.7800517625000001 0.7136883218750001 0.8102841250000001 0.7202969312499999 0.8233589328124999 0.7291255375000001 0.826697153125 0.7959732625 0.838265784375 0.808672340625 0.8441309921875 0.8153256203125 0.850900725
9 0.088316459375 0 0.0375752015625 0.3594233609375 0.0688873875 0.3771713203125 0.07914982968749999 0.38831899999999997 0.085586471875 0.39063461875 0.07979974375 0.40168134375 0.068970015625 0.400540659375 0.0665758140625 0.41151121875 0.06835806093749999 0.4168527328125 0.08070872968750001 0.4251858890625 0.08792705625 0.43394178749999995 0.11184670781249999 0.4441678203125 0.1257629859375 0.45338837656250003 0.1706776578125 0.47209945 0.1645950015625 0.49572252343749995 0.15607013593750002 0.49622142968749994 0.15458939375 0.506710209375 0.15754640625 0.509718978125 0.47708035000000004 0.58788078125 0.48686708593750005 0.584432146875 0.49504577968749996 0.574408025 0.52572370625 0.494841496875 0.577370984375 0.3865127421875 0.5829433093749999 0.3590187375 0.6167524578125 0.2812270046875 0.6245425453125 0.255989578125 0.62332981875 0.22864790625000003 0.6270305578125 0.20842254218749998 0.6332081296875 0.2005959578125 0.6368642015625 0.1866756671875 0.6376101640625 0.1514483703125 0.631827909375 0.1385087671875 0.6312650984375 0.1245294390625 0.625351071875 0.1185119 0.6014738546875 0.1139739546875 0.595472725 0.10857340156249999 0.5959127109375 0.0815021390625 0.591043915625 0.0680807546875 0.5662085703125 0.0703296671875 0.54920126875 0.0770155671875 0.5123189953125 0.0747684484375 0.48357074375 0.0688022828125 0.4681737234375 0.07007050625 0.464519890625 0.071997634375 0.4636488640625 0.07816750156249999 0.46586438750000003 0.09241724375 0.47103915937499996 0.097682590625 0.47050088125 0.10748413125 0.45424849843750004 0.10882260625 0.4428112875 0.10000766718750001 0.43306922343750004 0.0971512265625 0.42476546718749997 0.0781179203125 0.42368004062500003 0.0678405125 0.4162004046875 0.060935575 0.38832094375000004 0.0607927046875 0.3436106234375 0.054108595312499994 0.3381745421875 0.050694209375 0.322388915625 0.036749128125 0.293454875 0 0.088316459375 0
8 0.29974765 0 0.3018662640625 0.0024606046875 0.321823865625 0.0347629625 0.3402180984375 0.0541847609375 0.342739596875 0.060278465625 0.548678653125 0.08071748906250001 0.58627101875 0 0.29974765 0
10 0.47142552968749996 0.1248890578125 0.47625412968749997 0.1206291890625 0.478302159375 0.10013341406250001 0.475086075 0.0869824421875 0.4650849375 0.0739838 0.4278118203125 0.068516540625 0.42528584687500004 0.0864091625 0.4294153890625 0.09907835468750001 0.43589446406250004 0.107082059375 0.4616834640625 0.1220326171875 0.47142552968749996 0.1248890578125
10 0.3378394859375 0.21476137031250003 0.36084344062499996 0.23746234843749997 0.367758028125 0.2423811203125 0.375934484375 0.24435016250000002 0.383067946875 0.24172988437499998 0.38859336875 0.23253412031249998 0.3875526109375 0.2159516359375 0.381247740625 0.20671395625 0.3530243421875 0.18505270625 0.3439344265625 0.18356544531250002 0.338366575 0.187073121875 0.33501424375 0.2048305375 0.3378394859375 0.21476137031250003
6 0.47297548125000005 0.2097286 0.47147907968749997 0.30416952343750003 0.47473983437499995 0.3110154203125 0.48239367343749995 0.31668638437499996 0.503269209375 0.3245206328125 0.51575165 0.3259317296875 0.52205875625 0.3231762453125 0.5285847375 0.31288171249999996 0.5430482359375 0.1864755484375 0.5337439203125001 0.1685410109375 0.5071285640625 0.153455246875 0.48820948125 0.1497285328125 0.47920443125 0.15961745 0.47297548125000005 0.2097286
11 0.6060020640625 0 0.5999283765625 0.005148084375 0.598099221875 0.0181048109375 0.604578296875 0.026108515625000002 0.607707278125 0.0398764765625 0.6007792703125 0.10691668593749999 0.602735721875 0.1110242234375 0.6088239546875001 0.11580779062499999 0.6237854640625 0.1176245015625 0.8178987031249999 0.1140352828125 0.8264682390625 0.1072313015625 0.8381377453125 0.0365482109375 0.8388345671874999 0.0316123140625 0.645624765625 0 0.6060020640625 0
1 0.28336920625 0.3011661296875 0.282196675 0.29150570937500003 0.252371946875 0.22728948125 0.245673996875 0.2268248265625 0.1972629359375 0.24036608125 0.1934348953125 0.24352718125 0.23134674375 0.3223226 0.23721833750000001 0.3226520515625 0.2766265859375 0.3070065484375 0.28336920625 0.3011661296875
1 0.4255895203125 0.323804484375 0.45616692499999995 0.316813921875 0.44413118125000006 0.25235207656249997 0.4411741671875 0.24934330624999998 0.4345633203125 0.24826166249999998 0.405073578125 0.2535364671875 0.3992444171875 0.2588951046875 0.401241065625 0.28068389531250004 0.41128016250000005 0.3233569515625 0.4255895203125 0.323804484375
1 0.3494173484375 0.40223978593750004 0.31666461562500003 0.4126618578125 0.331442971875 0.46368519687500004 0.3566267296875 0.4589683390625 0.38442132500000004 0.44773503437500006 0.3750790515625 0.40012608125 0.3702951203125 0.398080875 0.3494173484375 0.40223978593750004
1 0.45757839375 0.4445550171875 0.46140643125 0.4413939171875 0.4639815484375 0.3932098921875 0.46285145156249996 0.3892375609375 0.456589015625 0.38568796875 0.44236675937500003 0.38462345 0.4214018859375 0.3893993484375 0.4215224734375 0.44244310468750003 0.425218740625 0.44620406562500003 0.439440996875 0.447268584375 0.45757839375 0.4445550171875
13 0.5059068234375 0.4076444203125 0.516126834375 0.4131040140625 0.6055474750000001 0.4264722296875 0.6223805703124999 0.421020303125 0.6341237578125 0.42167920625 0.6370383390625001 0.41899988749999995 0.637954034375 0.4065249421875 0.6249936468749999 0.40251069375000004 0.612642978125 0.3941775375 0.5180899984375 0.3812320609375 0.50656345 0.3850272734375 0.5014288703124999 0.39744317812499996 0.5059068234375 0.4076444203125