4 0.4539152203125 0.4296307671875 0.46997096093749996 0.4357706640625 0.49240351093749996 0.4356890671875 0.4945696234375 0.434474028125 0.49465411406250004 0.42769505468749996 0.4888212890625 0.40259806875 0.4764849203125 0.393891034375 0.47747277656250003 0.3762675546875 0.4753911546875 0.370703621875 0.46681119375 0.368784803125 0.45720633906249997 0.3751341125 0.45707439531249994 0.398047409375 0.45282145468749996 0.40644335312499996 0.4539152203125 0.4296307671875
9 0.434262228125 0.5272035984375 0.25355470156250004 0.4799923921875 0.23271765625000002 0.47533240625 0.21763935937499998 0.4770587046875 0.1307992421875 0.504373165625 0.10345865000000001 0.516103134375 0.10308885625 0.521118834375 0.109175153125 0.52587890625 0.20747489843750003 0.5529610109374999 0.21850107031250002 0.5681729015625 0.24787583125 0.5781411890625 0.2563342609375 0.577483628125 0.593039534375 0.6451366203125 0.5988827734375 0.6447439328125 0.6014609265625 0.6351237078125 0.60008185625 0.6101730234375 0.5906882296875 0.5995749015625 0.54337691875 0.5864450234375 0.52826158125 0.5788159703125 0.43371824531250003 0.5585220796875 0.43036866875 0.5560735171875 0.43188488906250005 0.54536606875 0.43895904375 0.5325026578125 0.434262228125 0.5272035984375
9 0.7083614609375 0.6131452796875 0.6953277453125 0.6110801593749999 0.6829016765625 0.6218969375000001 0.6707661218750001 0.621732146875 0.6662278765625 0.6283648171875 0.65355875 0.6340288359375 0.6171150421875 0.6241791171875 0.617109834375 0.6369239546875 0.620945528125 0.649678034375 0.63667371875 0.657444146875 0.9035454359375 0.7315726687499999 0.9245462578125 0.7354195484375 0.933781315625 0.7340859390625 0.92038821875 0.7115468421875 0.8826076875 0.673356953125 0.8684697921875 0.6735940953124999 0.8645125703125001 0.658263634375 0.8487050937499999 0.6445316578125 0.808383446875 0.62531734375 0.769815871875 0.6132931765625 0.7232389453125 0.6028767359375 0.71522959375 0.6044844640625 0.7083614609375 0.6131452796875
11 0.772092509375 0.541574978125 0.7788391140625001 0.5303377828125 0.7797002328125 0.5228827609375 0.7743905640625 0.5174466421874999 0.7040760953125 0.5008718171875 0.6868739296874999 0.5004236671875 0.66433085625 0.5710084265625001 0.662281065625 0.58754468125 0.6709825546875 0.592039878125 0.7520905499999999 0.593184159375 0.7656682484374999 0.563930796875 0.772092509375 0.541574978125
11 0.9944260828125 0.5156712625 0.929791078125 0.49951685625 0.9252950765625 0.502760040625 0.9216549890625 0.5112930421875 0.91494021875 0.544630425 0.9216393703125 0.5495275562499999 0.9772875828125 0.55942349375 0.9830144984375 0.5437095875 0.9892697765625 0.5349117125 0.9944260828125 0.5156712625
11 1 0.565428759375 0.9938346484375 0.5631240703125 0.983004084375 0.5691992625 0.97911573125 0.58532434375 0.966932721875 0.601293878125 0.9602231578125 0.621886425 0.9500002406249999 0.6408435140625001 0.9480349421875 0.6506007968749999 0.9867662921875 0.66181185625 1 0.5938205640625001 1 0.565428759375
11 0.8003572921875 0.4680211515625 0.749775690625 0.458408575 0.7374607390625 0.4972914046875 0.73942083125 0.500278959375 0.7691653875 0.5052315515625 0.793927825 0.5031218078124999 0.8042722703124999 0.486741096875 0.8066073656249999 0.4719681140625 0.8003572921875 0.4680211515625
11 0.576787003125 0.4205712078125 0.5682492890625 0.415262903125 0.5256347921875 0.4074320875 0.5209750171875001 0.41148837812499994 0.5142232078125 0.43547041093749994 0.5178580875 0.439682246875 0.5565894375 0.4508933078125 0.56721398125 0.4490207078125 0.5744096640625 0.438733678125 0.576787003125 0.4205712078125
11 0.5572393296875 0.46038571875 0.44459566875 0.43774334843749996 0.4403004828125 0.4495287765625 0.42960765937499995 0.518515053125 0.4905232953125 0.53723659375 0.5398791875 0.546575053125 0.54298570625 0.543870859375 0.559648503125 0.46432343749999994 0.5572393296875 0.46038571875
6 0.517362146875 0.5534356234375 0.43814016718750004 0.53656819375 0.43331661875 0.5414375921875 0.4294705109375 0.5541731859375 0.43204345625 0.5572977984375 0.516781125 0.575398753125 0.5218899796875001 0.572292628125 0.522587325 0.5656507140625 0.517362146875 0.5534356234375
6 0.6268622515625 0.569426834375 0.620406159375 0.5696824640625 0.62080258125 0.599511790625 0.6243477640624999 0.6232474390625 0.655682615625 0.6362032828124999 0.65805475 0.6307856515625 0.6437739062500001 0.58085655 0.6268622515625 0.569426834375
6 0.98267191875 0.6821395296875 0.9829201843750001 0.67454745 0.955468478125 0.6582113625 0.9346314328125 0.6535513765625 0.8995349625 0.6465521546875 0.8761620078125001 0.64812290625 0.8742812000000001 0.65110121875 0.8964602765624999 0.6713565375 0.911617859375 0.67559610625 0.9785034687499999 0.6837565 0.98267191875 0.6821395296875
12 0.3170068359375 0.5910524125000001 0.30160619375 0.5816600875 0.29522938593750003 0.58788158125 0.28677095625 0.5885391421875 0.261807703125 0.5821066390625 0.254981815625 0.5873779703124999 0.2536293703125 0.5972723109375 0.2591820984375 0.607861190625 0.25921913750000003 0.6172165406250001 0.25577986406250003 0.6342917859375 0.25250957343749997 0.6378090890625 0.2592087234375 0.642706215625 0.26153340625 0.6534229093749999 0.26962203906250004 0.657781046875 0.26523715625 0.6890902859375 0.265807765625 0.69261683125 0.2754074125 0.6990123578125 0.2726973171875 0.7315458796875001 0.303989925 0.7478912109375 0.33892261874999996 0.7557035421875 0.343783209375 0.76018949375 0.3387009796875 0.7981406468750001 0.33444803749999996 0.8065365890624999 0.323289925 0.814237996875 0.30543265937499997 0.8170422765625001 0.274208921875 0.832152484375 0.2582272578125 0.844723290625 0.2537260515625 0.8607113125 0.2539268640625 0.8692535578125 0.256785115625 0.8741414421875 0.271942696875 0.8783810109375001 0.28195959375 0.8636265125 0.2848282578125 0.8430247234375001 0.315602915625 0.8269643484375001 0.3310880484375 0.8295777015624999 0.335906390625 0.837453140625 0.3301320234375 0.8693013687500001 0.323300928125 0.8873175390625001 0.31531820312500003 0.9237702921875 0.3158043203125 0.9340758093750001 0.3117521921875 0.9510139953125 0.3145681984375 0.95929136875 0.32241377656250003 0.958496746875 0.329281909375 0.94983593125 0.3316644546875 0.9189286234375 0.345701646875 0.86513575 0.34894010625 0.8395182609375 0.3645942203125 0.82857366875 0.3822032203125 0.8333614703125001 0.40683371562500004 0.8541650234375 0.4014343484375 0.868252715625 0.40098006249999996 0.8800473875 0.4107434859375 0.8856298078125 0.4198992625 0.878330334375 0.42484954999999996 0.8632924765625001 0.42072855000000003 0.8487751234375001 0.3979366171875 0.8283827453124999 0.373956015625 0.8170716015625 0.3686463484375 0.81163548125 0.36693452187500003 0.8010558484375 0.371150425 0.7833045546874999 0.3691110484375 0.7743511328125 0.37357000937499996 0.7617525984375 0.41990908437499996 0.7542714421875 0.43148444531249996 0.7254200109375 0.44566979218749997 0.70904854375 0.45467220468749997 0.6770725015625 0.45153385625000003 0.6576765046874999 0.4541965015625 0.6412773078125 0.453097528125 0.6308347328125 0.4482421453125 0.613603940625 0.444892571875 0.6111553765625 0.43386119375 0.6086883249999999 0.4063197890625 0.611876046875 0.3618667296875 0.60363405625 0.3170068359375 0.5910524125000001
12 0.106978390625 0.7021321875 0.10030586562499999 0.7320800843749999 0.08795908125 0.7488627265625001 0.0955563921875 0.7556601875 0.10566848749999999 0.75792165 0.109731325 0.76477839375 0.0865962234375 0.78424674375 0.0632180609375 0.798562334375 0.0519754578125 0.8130427125 0.047104454687500005 0.8340464359374999 0.04763281875 0.8409624671874999 0.0526149375 0.8480247984375 0.066018446875 0.84507421875 0.07378473906250001 0.8383137328125001 0.0764844234375 0.8312698875000001 0.0735468875 0.8204161375 0.0751846359375 0.81228506875 0.0875314203125 0.795502425 0.103349309375 0.7837447281250001 0.1251319671875 0.774170721875 0.13167255 0.76713611875 0.136902934375 0.766606371875 0.153571528125 0.7728833296875 0.1539257046875 0.8061021421874999 0.151384590625 0.82507771875 0.153746309375 0.8451497625 0.1596688328125 0.850722940625 0.1724594875 0.8476353 0.177325284375 0.8393764171875 0.1781864046875 0.8319213968750001 0.1705943 0.8123791 0.16990736875 0.7935313374999999 0.16231526406250002 0.7739890390624999 0.1652632140625 0.7593531140625001 0.1767118375 0.7406701421874999 0.1731614484375 0.7296793328125 0.175781846875 0.7166696234375001 0.1806053984375 0.7118002234375 0.1862848625 0.71222064375 0.1901680078125 0.7088403984375 0.19613277499999998 0.7110240921875 0.184573034375 0.7016410093750001 0.1860470078125 0.694323046875 0.218047375 0.6785367890625 0.22888314687500003 0.6597167578125 0.2511200890625 0.638348078125 0.24957203749999998 0.6269553359375 0.2528475359375 0.6106931984374999 0.243168603125 0.5983318046874999 0.241335246875 0.5851757921875 0.228180003125 0.58053429375 0.2119975234375 0.584562853125 0.17191372968750002 0.5832461359375001 0.14902689375 0.5951224046875 0.1398340796875 0.5930665281249999 0.1325220734375 0.5880323421875 0.129463009375 0.5746022125 0.1151665453125 0.5629076234375 0.044852078125 0.546332796875 0.01818220625 0.516575825 0.006743995312499999 0.5097691203125 0.005931390625 0.5097424265625 0.006151800000000001 0.5286844640624999 0.0282575578125 0.5587665453125 0.0378045484375 0.594041234375 0.0374243390625 0.6245466093750001 0.040118815625 0.630247603125 0.064707065625 0.6544406421875 0.0742592609375 0.6769704953125 0.10428391562499999 0.69643119375 0.106978390625 0.7021321875
12 0.743949846875 0.7162743984375 0.7190288406249999 0.706452409375 0.7064916578125 0.68920313125 0.6876569499999999 0.6841412140625 0.6737939468749999 0.7116313046875 0.6730016953125 0.750541865625 0.6757332109374999 0.765598209375 0.7034175640625 0.8125767312500001 0.703618378125 0.8211189750000001 0.6936437265625 0.8324839859375001 0.6656532421875 0.8347215421874999 0.64575139375 0.8413172390625 0.636880921875 0.8503799859375001 0.634545828125 0.8651529703125 0.6428775234375 0.8746638671875001 0.65039555 0.8754954609375 0.6553828734375 0.86981295625 0.658822146875 0.8527377109375 0.66286906875 0.8485443609375001 0.6862842687499999 0.8435841234374999 0.7000523671875001 0.8483626781250001 0.7156486171875 0.8790420890625 0.7150305546875 0.8916498671875001 0.7188610421875 0.9171487875000001 0.7119824953125 0.951299278125 0.7134090171875 0.960115640625 0.71761450625 0.9678540218749999 0.7292587375 0.97045813125 0.7318368921875 0.9608379062499999 0.7306163890625 0.9478189515625 0.73320495625 0.9127090515624999 0.7633193078125 0.9126459421875 0.763520121875 0.9211881843749999 0.766991228125 0.9262131296874999 0.78304696875 0.9323530281249999 0.7904434640625 0.9306082421875 0.79253029375 0.9234273390625001 0.786248390625 0.897380184375 0.7773460859375 0.8843427437500001 0.7532069156250001 0.86109986875 0.7341291484375 0.8508851921874999 0.7314346734375 0.8451841999999999 0.732744871875 0.8386793453125 0.7428410515625 0.8298907140624999 0.7903583828125 0.8388179984375 0.817165403125 0.8329168390625 0.8219889531250001 0.828047440625 0.8255075125 0.8169380593750001 0.8480245515625 0.8100774906250001 0.8671601843750001 0.778668165625 0.8831840937500001 0.7627078765624999 0.9086068375 0.7446008671875 0.9088128578125 0.740398275 0.904237575 0.7376755937499999 0.8820903281250001 0.7395204625 0.8597000234375001 0.7362125734375 0.8429099000000001 0.7273592375 0.8029528406249999 0.7158740609375001 0.7800341734375 0.705650140625 0.7672435156249999 0.7087377796875 0.7551449984375 0.7179283421875 0.743949846875 0.7162743984375
13 0.28171416875 0.4641968890625 0.2730919625 0.46566755937500004 0.267201271875 0.48219457187500003 0.2651462765625 0.5114756640625 0.26546861875 0.5225942890625 0.27000165625 0.52870645625 0.28017712031249997 0.525883690625 0.2846887421875 0.48440599375 0.28171416875 0.4641968890625
9 0.13874492968750002 0.45856506250000006 0.15393954999999998 0.47215998125 0.171221 0.47857399687499996 0.1916934578125 0.47550484375 0.2074638953125 0.4798814703125 0.221807809375 0.47544173437500004 0.23745671562499998 0.4772419796875 0.32278582031249997 0.44789012968749997 0.33333107968750003 0.4400516625 0.336279028125 0.4254157390625 0.2903572015625 0.411746871875 0.11084414375 0.44127880781249995 0.10307785 0.44803929374999996 0.10531804062500001 0.4655349578125 0.1025656984375 0.501457965625 0.113597075 0.5039250171874999 0.1139824921875 0.46067480468750005 0.1221102234375 0.45484488437500004 0.13874492968750002 0.45856506250000006
0 0.3947484515625 0.4308442078125 0.35957790312500004 0.40513428124999995 0.3432316515625 0.4099759515625 0.33174078281249997 0.432048409375 0.33333107968750003 0.4400516625 0.35310619062500004 0.44362442656249995 0.36593909375 0.4371473015625 0.39127213906249997 0.43856410468749996 0.3951552859375 0.43518385937500004 0.3947484515625 0.4308442078125