4 0.21812499999999999 0.795 0.23374999999999999 0.8066666671875 0.253125 0.8150000000000001 0.305 0.8566666671875 0.41 0.9583333328125001 0.41500000000000004 0.9675 0.41 0.9775 0.39187500000000003 0.9716666671875 0.36625 0.9566666671874999 0.33187500000000003 0.9275 0.305625 0.9108333328124999 0.275 0.8941666671874999 0.265 0.8933333328125 0.2625 0.8949999999999999 0.2625 0.905 0.27 0.9349999999999999 0.29874999999999996 0.9991666671875 0.43875000000000003 0.9991666671875 0.441875 0.9916666671875 0.47750000000000004 0.9408333328125 0.5025000000000001 0.8933333328125 0.53125 0.8766666671875001 0.5525 0.8491666671875 0.5700000000000001 0.8099999999999999 0.56875 0.8 0.5587500000000001 0.7925 0.540625 0.7849999999999999 0.53625 0.7849999999999999 0.535625 0.7883333328125001 0.525625 0.7875 0.5181250000000001 0.77 0.5125 0.7424999999999999 0.503125 0.7150000000000001 0.48562500000000003 0.6866666671874999 0.47125000000000006 0.6491666671874999 0.35812499999999997 0.5183333328125 0.34562499999999996 0.48666666718749996 0.33125 0.4716666671875 0.296875 0.4733333328125 0.26937500000000003 0.48333333281249996 0.255 0.49583333281249997 0.23562500000000003 0.5225 0.22999999999999998 0.5391666671875 0.22937500000000002 0.5566666671875 0.24312499999999998 0.6183333328125 0.24312499999999998 0.6333333328124999 0.205625 0.6575 0.18812500000000001 0.7116666671874999 0.1875 0.7224999999999999 0.193125 0.7541666671875 0.20437500000000003 0.7766666671875 0.21812499999999999 0.795
8 0.398125 0.6166666671875001 0.3775 0.6416666671875 0.3775 0.6516666671875 0.418125 0.6725 0.438125 0.675 0.440625 0.6625 0.434375 0.6641666671875 0.43062500000000004 0.6583333328125 0.433125 0.6516666671875 0.44312500000000005 0.63 0.45562500000000006 0.6291666671875 0.46749999999999997 0.6441666671874999 0.47750000000000004 0.6725 0.48250000000000004 0.6741666671875 0.488125 0.6875 0.49812500000000004 0.6866666671874999 0.526875 0.6358333328125 0.530625 0.5408333328125 0.44749999999999995 0.5141666671875 0.42062499999999997 0.5083333328124999 0.41624999999999995 0.5116666671875 0.42000000000000004 0.6041666671875 0.41125 0.6141666671875 0.40374999999999994 0.6125 0.398125 0.6166666671875001
6 0.421875 0.5816666671874999 0.42000000000000004 0.5441666671875 0.36375 0.5433333328125001 0.36375 0.5633333328125001 0.36124999999999996 0.5700000000000001 0.36312500000000003 0.58 0.421875 0.5816666671874999
6 0.579375 0.5708333328124999 0.5743750000000001 0.5475 0.5325 0.5441666671875 0.529375 0.55 0.529375 0.5700000000000001 0.564375 0.5733333328125 0.5775 0.5733333328125 0.579375 0.5708333328124999
11 0.46187500000000004 0.5125 0.47000000000000003 0.5083333328124999 0.471875 0.4125 0.469375 0.40416666718750005 0.38937499999999997 0.3966666671875 0.339375 0.3966666671875 0.3325 0.4025 0.335 0.4691666671875 0.35375 0.5066666671875 0.446875 0.5125 0.46187500000000004 0.5125
11 0.26749999999999996 0.4658333328125 0.2975 0.4608333328125 0.328125 0.4625 0.33187500000000003 0.45999999999999996 0.335625 0.45083333281250004 0.3325 0.40750000000000003 0.335893125 0.3958333328125 0.401875 0.3966666671875 0.398125 0.3166666671875 0.196875 0.3233333328125 0.20812499999999998 0.4025 0.224375 0.4716666671875 0.26625 0.4683333328125 0.26749999999999996 0.4658333328125
9 0.521875 0.5391666671875 0.534375 0.5508333328125 0.54375 0.5541666671875001 0.5431250000000001 0.5650000000000001 0.5325 0.5716666671875 0.5275000000000001 0.5816666671874999 0.524375 0.6383333328125 0.49749999999999994 0.6950000000000001 0.5 0.71 0.520625 0.7716666671875 0.5875 0.8158333328125 0.67625 0.8658333328125 0.6950000000000001 0.8758333328125 0.70375 0.8716666671875 0.708125 0.8608333328125 0.714375 0.7875 0.723125 0.6208333328125 0.7262500000000001 0.58 0.72875 0.5725 0.7275 0.5658333328125 0.70375 0.5508333328125 0.68125 0.5458333328125 0.6637500000000001 0.5375 0.629375 0.53 0.61375 0.5225 0.58375 0.5183333328125 0.5337500000000001 0.49916666718749997 0.50875 0.495 0.49000000000000005 0.49749999999999994 0.48125 0.4933333328125 0.4725 0.5083333328124999 0.4725 0.5191666671874999 0.49375 0.5241666671874999 0.50125 0.5325 0.521875 0.5391666671875
6 0.5806250000000001 0.5691666671875 0.58 0.5549999999999999 0.571875 0.5475 0.5393749999999999 0.545 0.534375 0.5458333328125 0.530625 0.5508333328125 0.5325 0.5683333328125 0.5393749999999999 0.575 0.57125 0.5775 0.5806250000000001 0.5691666671875
10 0.624375 0.6191666671875 0.624375 0.6141666671875 0.615625 0.6066666671875 0.60625 0.6075 0.59375 0.6141666671875 0.594375 0.6233333328125 0.6018749999999999 0.63 0.61375 0.6275000000000001 0.624375 0.6191666671875
4 0.735 0.42000000000000004 0.734375 0.4266666671875 0.7368750000000001 0.4308333328125 0.74 0.43 0.743125 0.41500000000000004 0.7484375 0.40416666718750005 0.76625 0.4058333328125 0.766875 0.42000000000000004 0.774375 0.42083333281249996 0.7775000000000001 0.4016666671875 0.7775000000000001 0.3791666671875 0.779375 0.375 0.784375 0.375 0.786875 0.3716666671875 0.7875 0.3625 0.780625 0.3383333328125 0.7675 0.3258333328125 0.7725 0.305 0.7681250000000001 0.29500000000000004 0.756875 0.2975 0.749375 0.3225 0.7418750000000001 0.325 0.735625 0.33166666718750004 0.7262500000000001 0.3641666671875 0.7212500000000001 0.3975 0.725 0.3983333328125 0.7268749999999999 0.4108333328125 0.735 0.42000000000000004
12 0.859375 0.44666666718750003 0.846875 0.45 0.8400000000000001 0.45999999999999996 0.8393750000000001 0.46666666718750005 0.8474999999999999 0.4725 0.865625 0.47583333281250006 0.87375 0.48250000000000004 0.89625 0.4858333328125 0.9081250000000001 0.4725 0.9075 0.4591666671875 0.9099999999999999 0.4483333328125 0.9275 0.4125 0.931875 0.41 0.93875 0.3908333328125 0.9506249999999999 0.3725 0.90625 0.3716666671875 0.890625 0.39416666718750004 0.8612500000000001 0.3866666671875 0.8543749999999999 0.3958333328125 0.8543749999999999 0.4066666671875 0.8462500000000001 0.4108333328125 0.846875 0.41500000000000004 0.8568749999999999 0.42083333281249996 0.8625 0.42833333281249997 0.859375 0.44666666718750003
12 0.61875 0.41166666718749995 0.6174999999999999 0.425 0.62 0.4258333328125 0.6212500000000001 0.42000000000000004 0.634375 0.42083333281249996 0.634375 0.43 0.6375 0.4308333328125 0.6443749999999999 0.4158333328125 0.655 0.4141666671875 0.659375 0.4216666671875 0.6599999999999999 0.43166666718749996 0.6637500000000001 0.43166666718749996 0.665 0.4258333328125 0.6599999999999999 0.4108333328125 0.650833125 0.40833333281249995 0.6475 0.3966666671875 0.651875 0.3883333328125 0.6625 0.3883333328125 0.6725 0.38 0.6743750000000001 0.355 0.665 0.355 0.6575 0.3491666671875 0.65625 0.3375 0.621875 0.3325 0.62 0.3966666671875 0.6224999999999999 0.3975 0.62375 0.40833333281249995 0.61875 0.41166666718749995
11 0.9568749999999999 0.3158333328125 0.94625 0.3441666671875 0.94625 0.3541666671875 0.999375 0.35750000000000004 0.999375 0.3183333328125 0.9568749999999999 0.3158333328125
11 0.8074999999999999 0.2958333328125 0.8025 0.3241666671875 0.84375 0.3291666671875 0.850625 0.2983333328125 0.8074999999999999 0.2958333328125