13 0.4068337765625 0.5253359703125 0.3942342859375 0.524472053125 0.3883415078125 0.5290301984375 0.38465744218750003 0.53762684375 0.3853821703125 0.6002829359375 0.39108831875 0.6241619296875001 0.3955226 0.6631711234375001 0.40214873906250004 0.6752866265625 0.40871979375 0.679045321875 0.41432851875 0.67868556875 0.42471929375000006 0.675510984375 0.43616571562499995 0.6622362765625 0.43880687968750004 0.6562146265625 0.43785729375000004 0.644571053125 0.431718690625 0.630752209375 0.42613134218750004 0.5776043921875 0.41374396874999997 0.5332530828125 0.4068337765625 0.5253359703125
10 0.288087803125 0.6516694125 0.2873712984375 0.6659279546875 0.28935104218749996 0.6825216578125 0.2930774484375 0.689806946875 0.297778928125 0.693685559375 0.306083903125 0.6956609671875 0.32457617031249997 0.6919667406250001 0.33046895 0.687408596875 0.33588693593749996 0.677028665625 0.33308051875 0.6579798828125 0.32611524062499997 0.6417059593750001 0.3213459328125 0.6369956640625001 0.3036930828125 0.6356198453124999 0.29412898125 0.6412495078125 0.288087803125 0.6516694125
5 0.060101178125 0.728995425 0.057324359375 0.7333537078125001 0.057854234375 0.7475323031250001 0.073434028125 0.746532990625 0.08619465937500001 0.734010021875 0.10416979374999999 0.7086120703125001 0.11693042499999999 0.6960891015625 0.12463769375 0.6830542281249999 0.1252058015625 0.6746574468750001 0.1186474890625 0.6633736265625 0.113594128125 0.6628617234374999 0.0993158046875 0.6721379015625 0.0918120171875 0.687667825 0.060101178125 0.728995425
7 0.2404029515625 0.681481096875 0.2401698703125 0.6555789796875 0.236998828125 0.6474220328125 0.23216169375 0.6418800546875 0.2125036125 0.638960784375 0.203698359375 0.64621384375 0.1973731265625 0.6608321375 0.21296977187500002 0.690765015625 0.218497928125 0.6970987046875 0.23399715 0.7027928343750001 0.2404029515625 0.681481096875
7 0.783285134375 0.14838325937500002 0.7583998078125 0.165864096875 0.7533337046875 0.172877321875 0.750896021875 0.181394021875 0.749450265625 0.2174362328125 0.751107725 0.2608037078125 0.7435657078125 0.2989090109375 0.7439599296875 0.31142424062499996 0.7471987999999999 0.320412871875 0.7630626453125 0.3152151671875 0.76723425 0.30491518125 0.7889485328125 0.2792773953125 0.798198984375 0.254439059375 0.79992879375 0.21419845781250002 0.795804053125 0.15594061875 0.7915222828124999 0.149526984375 0.783285134375 0.14838325937500002
12 0.20184728281250003 0.1856776390625 0.17995500312499998 0.193770121875 0.1307779421875 0.2052847609375 0.121213840625 0.210914425 0.1191958671875 0.2168961015625 0.11980631562499999 0.22438125625 0.13255831406250002 0.25784073125 0.13433457499999998 0.27193938281249996 0.1488332375 0.2960904453125 0.1646165125 0.297586184375 0.22696116718749998 0.27853867656250003 0.23701280625 0.271205671875 0.23909860625 0.2660556796875 0.236847553125 0.246135240625 0.2258973015625 0.21172416562500002 0.2146502546875 0.1890366078125 0.20184728281250003 0.1856776390625
12 0.0743124984375 0.47309340625 0.10048655 0.47141456093749995 0.0999439296875 0.464761090625 0.094835484375 0.4558923765625 0.09518736562499999 0.45252566875 0.10412827499999999 0.44693597812499997 0.1103601921875 0.446536253125 0.10404770468749999 0.45362942031250003 0.09850680625 0.45482085781250003 0.09940130781249999 0.45810761875 0.10334394218750001 0.46036283593749994 0.10513294531249999 0.4669363609375 0.130128440625 0.46616914375 0.1236252140625 0.4632421328125 0.1262663796875 0.45722048437499996 0.1249649125 0.44894361875 0.12649535 0.44466528125 0.126088384375 0.439675178125 0.12207792343749999 0.43658827968749997 0.136356246875 0.4273121015625 0.13247733125 0.38743125312500004 0.0638752703125 0.42192873750000004 0.0395580515625 0.43101279375 0.030684970312499997 0.43743416875 0.012489746875 0.42924475781250004 0.013164487499999999 0.45243410624999997 0.020688415625 0.45312398125 0.021040296875 0.4497572734375 0.0241562546875 0.4495574109375 0.0295487546875 0.454227734375 0.037718075000000004 0.45453977500000003 0.0638666390625 0.46791118125000003 0.070030728125 0.466679771875 0.0743124984375 0.47309340625
12 0.01950205 0.2542238984375 0.0075246546875 0.25860562656249997 0.0105378546875 0.3621625625 0.0224396 0.359375809375 0.0429498421875 0.3496999046875 0.0547226578125 0.34810874375 0.0659528515625 0.3398641109375 0.061425256250000004 0.31507348749999997 0.041763065625 0.2736968984375 0.0276713703125 0.2545359390625 0.01950205 0.2542238984375
11 0.7833529625 0.1492149421875 0.7599853296875 0.169942571875 0.7540119796875 0.181194159375 0.754779046875 0.2597321890625 0.7473176015624999 0.29114405 0.74604573125 0.3062742484375 0.7471987999999999 0.320412871875 0.7492040296875 0.321956321875 0.7585519046875 0.3213567328125 0.765135703125 0.3175903015625 0.78103778125 0.28981721562499996 0.791509128125 0.2799491890625 0.8002042140625001 0.2559825078125 0.8020400796875 0.1939982109375 0.799543203125 0.15570078437499998 0.7964399890625 0.14837551875 0.7833529625 0.1492149421875
11 0.37769339999999996 0.1526616859375 0.372122903125 0.130446059375 0.3674214234375 0.1265674484375 0.3617448703125 0.12609551562500002 0.35266830625 0.130021840625 0.28797928125 0.143367478125 0.2791061984375 0.149788853125 0.2782540390625 0.162384028125 0.285952675 0.1953316 0.29223104375000003 0.24927112812500002 0.2979626796875 0.25809986875 0.31187638125 0.259715525 0.334595334375 0.254078121875 0.35335891406250003 0.2537106296875 0.36029459375 0.24657748906250002 0.37289408281249997 0.24744140468750003 0.3750477109375 0.2431230953125 0.38068192343749996 0.2277130890625 0.38173756718749996 0.21761296562500002 0.37769339999999996 0.1526616859375
11 0.51125579375 0.108145296875 0.50635083125 0.10177163281249998 0.44763515781249996 0.10386568593750001 0.42914288906250003 0.10755991406250001 0.42269474531249995 0.1129897140625 0.423686671875 0.1405152234375 0.4212489890625 0.149031925 0.4237162703125 0.16392228749999999 0.41869250625000004 0.1868174484375 0.41965483593749997 0.1909358953125 0.4314149078125 0.1968698578125 0.4471303546875 0.1975339140625 0.45502836406249997 0.19451921875 0.48376300937499994 0.193512165625 0.508215884375 0.186091478125 0.5152872187499999 0.1806217046875 0.518632146875 0.1678666390625 0.517029771875 0.1328559765625 0.51125579375 0.108145296875
11 0.6182708796874999 0.1221820328125 0.613637228125 0.11913510468749999 0.6100464765625 0.1135131828125 0.6087577515625 0.09771118906250001 0.6031194296875 0.074663878125 0.5879720890625 0.0656030421875 0.5831349546875 0.0600610640625 0.5799639125 0.05190411406249999 0.572078646875 0.04739368125 0.563625271875 0.0512800328125 0.559669896875 0.05654994375 0.5549046984375 0.090296965625 0.5466420640625 0.10420349375 0.5450310578125 0.115175275 0.5479731296875 0.1358874234375 0.5568079828125 0.1520414296875 0.563718175 0.1599585421875 0.5709802484375001 0.164508946875 0.6000667765625 0.1601351859375 0.644135390625 0.13975183124999999 0.65682819375 0.126397178125 0.656908765625 0.119703734375 0.6533180140625 0.1140818125 0.6388362062499999 0.12086293749999999 0.6182708796874999 0.1221820328125
11 0.892483859375 0.05861167187500001 0.886510509375 0.0698632578125 0.8794391734375001 0.07533303125 0.8724907515625 0.0899912984375 0.8696078734375 0.11609327656249999 0.8706931156250001 0.12940021875000002 0.8730374828125 0.1351020875 0.88639581875 0.1375893984375 0.897206303125 0.131879790625 0.9017170437500001 0.12573822343750002 0.9074445703125 0.096109646875 0.9127269015625 0.08406635 0.9137147171875 0.0731345421875 0.91242599375 0.05733255 0.9037818812499999 0.0511987234375 0.892483859375 0.05861167187500001
0 0.984104959375 0.2910047390625 0.9871658343749999 0.2824480640625 0.9855124843749999 0.2775379078125 0.9421986062500001 0.26108733906250003 0.9198570187499999 0.24830778125 0.9049004187499999 0.249267121875 0.8964470468749999 0.253153475 0.8509540515625 0.2560714703125 0.8368919531250001 0.26031757187500004 0.8321777296875 0.2639640875 0.8296722203125 0.2716491046875 0.828807315625 0.2917694046875 0.8365441828125 0.302141596875 0.8431152375 0.305900290625 0.8500932578124999 0.3146490875 0.8592927359375 0.31991125625 0.9381963671875001 0.33491507343750004 0.952529775 0.3339957046875 0.9634886593750001 0.3224243390625 0.977415103125 0.316514865625 0.9837275921874999 0.3094216984375 0.984104959375 0.2910047390625
0 0.7433104296875 0.5723086234375 0.75977198125 0.5821211984375 0.7693784234375001 0.5923734734375 0.7805831296875 0.59917909375 0.799211053125 0.5971482328125 0.8231636484375 0.5989560125 0.8325242656249999 0.5908312984374999 0.8466245953125 0.5640098124999999 0.8574860531249999 0.5281996984374999 0.8611956062499999 0.5045527984375 0.8589572953125 0.477107234375 0.84859200625 0.465231565625 0.8327536468750001 0.45537901718749996 0.7860525 0.435801578125 0.7448667640625 0.43008295468749996 0.70304509375 0.43192943125000005 0.6697318796875 0.43824636874999995 0.6298772078125 0.46421167343749997 0.6156539671875 0.4818446625 0.611117740625 0.5030364828125 0.6117281875 0.5105216375 0.624098709375 0.52394075625 0.6387585125 0.5347049328125 0.6470634875 0.536680340625 0.6530791765624999 0.541310690625 0.6638769203125 0.543126209375 0.6659372328125001 0.5530264687499999 0.6873970609375 0.5549941390625001 0.6922341953125 0.56053611875 0.6967321937500001 0.561919678125 0.717433175 0.5622639515625 0.7433104296875 0.5723086234375