9 0.5486532015625001 0.4783226375 0.567351634375 0.48202029062499996 0.5960740296875 0.4818786359375 0.6592686796875 0.47866563125 0.682903540625 0.47278265937499997 0.707200728125 0.45822868124999994 0.7162084171875 0.44095757031250005 0.7225688609375001 0.43789793125000004 0.7268181234375 0.4310225671875 0.7029120625 0.3508097140625 0.6912922499999999 0.28589521875 0.7290264468750001 0.227537321875 0.753454009375 0.1813943984375 0.7596364531249999 0.1775196359375 0.7870362531249999 0.174247434375 0.7888431703125 0.1678918484375 0.787495734375 0.1587955515625 0.7770660859375 0.1490731125 0.7427987328125 0.1384527703125 0.701688665625 0.11990563125 0.6471457015625 0.10421727968750001 0.5447513796875 0.065445434375 0.4730871609375 0.0474297875 0.4678961484375 0.05877059999999999 0.4637172984375 0.12448834843750001 0.4095884140625 0.29210801875 0.4159695890625 0.33595926249999997 0.4156612125 0.36673308437499996 0.4311950109375 0.47005284999999997 0.43969147968750005 0.47677468906250003 0.46065425624999995 0.47913743750000004 0.5486532015625001 0.4783226375
8 0.757169265625 0.17207366562499998 0.7124122984375 0.24216221093749998 0.6833794703125 0.29355025156250003 0.711582421875 0.39929180625 0.7139730265625001 0.4073130921875 0.7209689 0.410089259375 0.8089926859375 0.415240209375 0.8226035859374999 0.41319654687499996 0.82311275 0.4096761640625 0.8011647109375 0.338429665625 0.797656409375 0.3135861421875 0.8165866390625001 0.2890852875 0.8154937859375 0.278228796875 0.8218293890625 0.26920340781249996 0.8216017046875 0.25645678437499997 0.81414840625 0.248659934375 0.8063887875000001 0.25116434062500004 0.7900312781250001 0.24355647187499999 0.7855025921875 0.246226275 0.77558210625 0.23298345468749998 0.77433609375 0.22727759375 0.7810545984374999 0.2053756359375 0.773425353125 0.176291096875 0.7654628906250001 0.1720146296875 0.757169265625 0.17207366562499998
6 0.80897195625 0.3683293265625 0.8123043109375001 0.3718851640625 0.828790140625 0.368376653125 0.8838960640625 0.35153099375 0.9153712374999999 0.299623171875 0.9150918140625001 0.2954176109375 0.9069761906249999 0.296291771875 0.85736554375 0.31196792812499996 0.8468324171875 0.3193276171875 0.7992066875 0.3294633125 0.80897195625 0.3683293265625
6 0.5775597671875 0.417578409375 0.5790334640625 0.43603089375000004 0.582289240625 0.44216204374999996 0.5867413453125 0.44206755312499996 0.655636171875 0.423993353125 0.661030025 0.4194334140625 0.6641098546875 0.40427687343749996 0.6653827640625 0.3954759203125 0.6646707562499999 0.392215428125 0.6612618218749999 0.39123490625 0.5809438609375001 0.41259317968750003 0.5775597671875 0.417578409375
11 0.75361984375 0.5566814546875001 0.9171555375 0.5184658093750001 0.9173086984375001 0.5133151812500001 0.9002163953125001 0.4760085046875 0.8872181390625 0.45744965625 0.8844466875 0.441832375 0.8785457234375 0.42944013124999997 0.8675303296875001 0.42581338593750007 0.8567964171875 0.4059196375 0.7765803578125 0.423844203125 0.7692031578125 0.420296184375 0.7659473828125 0.414165034375 0.75058130625 0.41402321875 0.749333234375 0.4287899234375 0.7091359640625 0.4407567171875 0.706795040625 0.4446669328125 0.750465490625 0.5539407421875 0.75361984375 0.5566814546875001
11 1 0.43552718281249997 0.9954719640624999 0.414791984375 0.9766203703125 0.416244959375 0.9654766562500001 0.42373459375 0.9213612859375001 0.438241246875 0.8971406796875 0.4502199125 0.8902710703125001 0.45679993281250003 0.9123991671875 0.5083889890625 0.8991942109375 0.521435328125 0.80559625625 0.54306083125 0.78938985 0.5507749015625001 0.814519140625 0.6102552984375 0.82822940625 0.6320746390624999 1 0.58882170625 1 0.43552718281249997
10 0.6006916328125 0.3537981234375 0.6090618375 0.3511637734375 0.619189278125 0.3302423359375 0.619775021875 0.324146640625 0.6159852406249999 0.315570121875 0.611609715625 0.3130892984375 0.5997539953125 0.3173184421875 0.5931886515625 0.3340697734375 0.5935177578124999 0.3502068328125 0.6006916328125 0.3537981234375
10 0.685943965625 0.3433317921875 0.6777766046875 0.352747015625 0.67444219375 0.3696637453125 0.6760442109375 0.37699985156250004 0.69461638125 0.3713413171875 0.70138456875 0.361370859375 0.6971125203125 0.3418079078125 0.685943965625 0.3433317921875
1 0.5421063609375001 0.31082087812500003 0.5486448078125 0.3085763625 0.5749020734375 0.2825161703125 0.57487723125 0.2765504203125 0.5561808546875 0.25238020156249996 0.5211456421875 0.28798556249999996 0.5421063609375001 0.31082087812500003
1 0.47430027656249996 0.3806966984375 0.4868411078125 0.3942348625 0.509484540625 0.380885840625 0.5075265171875001 0.3719194875 0.490763321875 0.350749871875 0.4671781421875 0.36856434375 0.47430027656249996 0.3806966984375
1 0.5973572218750001 0.370714853125 0.5890387546875 0.3648081390625 0.5599582984375 0.38379211406249997 0.5710482171875 0.4053161109375 0.6037921890625 0.3855524671875 0.5973572218750001 0.370714853125
1 0.5330138671875 0.4125575640625 0.5258151515625 0.40300052500000005 0.4963538515625 0.414388503125 0.504900003125 0.43304184062499995 0.5351498921875 0.422339040625 0.5330138671875 0.4125575640625
13 0.5556449609375 0.5220439359375 0.5623614109374999 0.52061454375 0.564042065625 0.504902771875 0.550894759375 0.4505494203125 0.544586053125 0.44506799375000006 0.537869603125 0.4464973875 0.53412950625 0.44985237031249997 0.5331111765625 0.4568931328125 0.545190471875 0.506355746875 0.5556449609375 0.5220439359375
4 0.40694767656249997 0.7481748703125 0.4098991859375 0.7441347109375 0.408324065625 0.7222917875 0.41806860468749996 0.7142469203124999 0.42399852187500003 0.6916597828125 0.4230836703125 0.6816184171875 0.417207546875 0.6751919234375 0.41194406875 0.6481629203125 0.3930696890625 0.6231775796875 0.38775241562499996 0.62516220625 0.3875992546875 0.6303128328125001 0.3645749796875 0.636065859375 0.3610128828125 0.640235965625 0.3701178828125 0.667300421875 0.3736013421875 0.686178196875 0.37153984218749997 0.694293971875 0.362737053125 0.697873390625 0.3632959 0.7062845109375 0.3931359890625 0.72296509375 0.3980434640625 0.7483638515625 0.40694767656249997 0.7481748703125
12 0.26741929531249997 0.6183572671875 0.2737507890625 0.6502770078125 0.2708344671875 0.65857470625 0.24797784687500002 0.6668510671875 0.2478246859375 0.6720016953125 0.25001244843750003 0.6732421078125 0.248306953125 0.682988128125 0.241869928125 0.68862308125 0.24082469999999997 0.710170659375 0.23738886718750002 0.7236969531249999 0.27140369531249997 0.7156049203125 0.279165371875 0.69262795 0.303257659375 0.6917656609375 0.29946993437499997 0.6627165781250001 0.2929832265625 0.6564200296875 0.287920534375 0.6566444640625 0.286852521875 0.6517537265625 0.280899821875 0.6479025468749999 0.282605315625 0.6381565265625 0.2966488 0.6351677953125 0.3026283984375 0.624512159375 0.3016369671875 0.6170461078125 0.2943099328125 0.6186054453125001 0.29034009375 0.6296863687500001 0.2824024734375 0.6313756515625 0.275050596875 0.6269692390625 0.2766546703125 0.61383278125 0.2704473859375 0.611741790625 0.26741929531249997 0.6183572671875
12 0.4509739625 0.6074423875 0.455908334375 0.618334328125 0.4594186921875 0.6227052875 0.47165525781250006 0.6260721421875 0.473435278125 0.634223371875 0.4583217265625 0.65279393125 0.46129602187499996 0.6751920859375 0.47228657500000004 0.6728530796875 0.4799944546875 0.6788897390625 0.4850054078125 0.6872063671875 0.513092375 0.68122890625 0.5043433796875 0.65579469375 0.501011025 0.6522388578125 0.49966358906249997 0.6431425609375 0.4849846765625 0.640295484375 0.479083715625 0.6279032421874999 0.47949145781249997 0.620992421875 0.49656303125 0.6113882171875 0.4976827828125 0.6077378921875 0.49353699687499997 0.5975311265625 0.4903060640625 0.597365728125 0.4864893859375 0.603296025 0.4793920921875 0.5971294203124999 0.4749399859375 0.5972239109374999 0.462955946875 0.6125694328125 0.4535694671875 0.6017719796875001 0.4509739625 0.6074423875
12 0.197123240625 0.6563487984374999 0.20279446406249999 0.676466984375 0.17348632343749998 0.682704334375 0.1760549296875 0.69154074375 0.17279758125 0.6990580125 0.1691087421875 0.700696078125 0.1688272609375 0.7169630828125 0.1633299296875 0.7386051515625 0.21637435312500003 0.7298752671875001 0.2213894171875 0.697246765625 0.23253313125 0.68975713125 0.229252515625 0.67766023125 0.21098666718749998 0.6730175093749999 0.2082648984375 0.6693317296875 0.21167588906249998 0.6498396859375 0.21076103750000003 0.6397983203125001 0.2073521015625 0.6388177984375 0.20485801874999998 0.6478786421875 0.19709839843750002 0.650383046875 0.189568521875 0.6451615125 0.1875090765625 0.632804721875 0.183056971875 0.6328992125 0.17969771875 0.643850190625 0.176288784375 0.6428696703125001 0.1779922234375 0.6535962140625 0.1837669234375 0.6566322703125 0.197123240625 0.6563487984374999
11 0.2517097203125 0.7453863484375 0.2432132515625 0.7386645109375001 0.2190443828125 0.7421021125 0.19558752343750002 0.74880020625 0.19380339062500002 0.78159410625 0.1963471578125 0.784464765625 0.21866775 0.779714503125 0.22664672968750002 0.785693465625 0.23903645624999997 0.7839096921875 0.268344596875 0.7776723421875 0.2688289203125 0.768186209375 0.2683983921875 0.7486587124999999 0.26226768906250003 0.743992409375 0.2517097203125 0.7453863484375
11 0.17930248124999998 0.7795621546875 0.1808568734375 0.7544941953125 0.14534144843750002 0.75864055625 0.14101560468750002 0.7680912359375001 0.13465516093750002 0.7711508734375 0.1300726796875 0.8028343078125 0.17439089375 0.795108528125 0.177952990625 0.7909384234375 0.17930248124999998 0.7795621546875
11 0.3585333609375 0.7576253875 0.35563564531249997 0.73265191875 0.349122521875 0.734038040625 0.3415673203125 0.7296748984375 0.3258700796875 0.7338685859375 0.3224859859375 0.7388538140625001 0.3240859484375 0.7666624875 0.3578461953125 0.760330646875 0.3585333609375 0.7576253875
2 0.5585820781249999 0.6613117359375 0.55789285625 0.684489559375 0.554407340625 0.6860843515624999 0.5671469046875 0.747348521875 0.574397359375 0.7483644968750001 0.5992533921875001 0.7422216374999999 0.5794434328125 0.6602840484375 0.5585820781249999 0.6613117359375
2 0.6913753375 0.7251752859375 0.7006107109374999 0.7206508 0.6928034640625 0.6907511375000001 0.6767294921875 0.6464036984375 0.6484645203125 0.6515660359375001 0.6552534390625 0.6885064609375 0.667639053125 0.72766781875 0.6732357515625 0.729888753125 0.6913753375 0.7251752859375
7 0.53459515625 0.372982790625 0.5290998796874999 0.37415229375000003 0.5344399390625 0.39860598281250004 0.5389934671875001 0.40190192968750005 0.5463205015625 0.4003425921875 0.5492720109375 0.3963024296875 0.5484585828124999 0.38965150312499996 0.53459515625 0.372982790625