12 0.176875 0.6441666671874999 0.1975 0.6533333328125 0.206875 0.6675 0.21000000000000002 0.6666666671875 0.26625 0.78 0.26625 0.7908333328125 0.27749999999999997 0.795 0.285625 0.7866666671875 0.32 0.8150000000000001 0.301875 0.86 0.29625 0.8949999999999999 0.29625 0.9066666671875 0.29874999999999996 0.9125 0.309375 0.9116666671875 0.3175 0.9033333328125 0.319375 0.8908333328125 0.31375000000000003 0.8741666671875 0.31437499999999996 0.8591666671875 0.33187500000000003 0.8158333328125 0.349375 0.7816666671875 0.35750000000000004 0.7808333328125 0.368125 0.7733333328125 0.38937499999999997 0.795 0.40374999999999994 0.8150000000000001 0.40374999999999994 0.8233333328124999 0.399375 0.8358333328124999 0.40062499999999995 0.8441666671875 0.41187500000000005 0.8474999999999999 0.41875 0.8416666671874999 0.4225 0.8316666671874999 0.41937499999999994 0.8166666671874999 0.405625 0.7983333328125 0.37625000000000003 0.77 0.37875000000000003 0.7433333328125 0.3875 0.7325 0.395625 0.7341666671875 0.40750000000000003 0.7241666671875 0.41125 0.7241666671875 0.41500000000000004 0.7341666671875 0.42312500000000003 0.74 0.43062500000000004 0.73 0.4325 0.7150000000000001 0.42374999999999996 0.7058333328125 0.41312499999999996 0.7075 0.401875 0.7150000000000001 0.4 0.71 0.41500000000000004 0.6833333328125 0.43 0.6483333328125 0.43562500000000004 0.63 0.43562500000000004 0.605 0.41875 0.5983333328125 0.351875 0.5833333328125 0.335 0.585 0.32937500000000003 0.5558333328125 0.32687499999999997 0.5241666671874999 0.31124999999999997 0.4566666671875 0.308125 0.45499999999999996 0.305625 0.4575 0.29312499999999997 0.43916666718749997 0.28625 0.4375 0.21749999999999997 0.475 0.140625 0.525 0.13999999999999999 0.5333333328125 0.184375 0.6125 0.17625 0.635 0.176875 0.6441666671874999
9 0.42374999999999996 0.55 0.556875 0.6533333328125 0.59375 0.6858333328125 0.6075 0.6941666671875 0.615625 0.6908333328125 0.625 0.6783333328125 0.640625 0.6558333328125 0.6431250000000001 0.645 0.666875 0.6183333328125 0.704375 0.5583333328125 0.6993750000000001 0.5416666671875 0.6725 0.525 0.6643749999999999 0.5158333328125 0.6599999999999999 0.5083333328124999 0.6599999999999999 0.4933333328125 0.658125 0.49083333281249997 0.535625 0.43583333281250003 0.5181250000000001 0.42416666718749996 0.46687500000000004 0.40833333281249995 0.44375 0.3966666671875 0.43125 0.39416666718750004 0.415625 0.3966666671875 0.32687499999999997 0.4258333328125 0.308125 0.43833333281250003 0.30625 0.445 0.31 0.4491666671875 0.32875 0.46166666718749994 0.42374999999999996 0.55
0 0.7075 0.5508333328125 0.714375 0.5525 0.7262500000000001 0.5658333328125 0.728125 0.6075 0.7325 0.62 0.735625 0.6216666671875 0.7462500000000001 0.6174999999999999 0.7618750000000001 0.5958333328125 0.76875 0.5841666671875 0.7693749999999999 0.5783333328125 0.78 0.5633333328125001 0.795 0.5541666671875001 0.8006249999999999 0.5466666671875 0.8106249999999999 0.5425 0.8225 0.5175 0.82 0.5041666671875 0.8087500000000001 0.49000000000000005 0.76875 0.465 0.74 0.45499999999999996 0.723125 0.45499999999999996 0.696875 0.46333333281250005 0.67875 0.47083333281249995 0.6643749999999999 0.48166666718749995 0.63375 0.47750000000000004 0.63875 0.49749999999999994 0.650625 0.49749999999999994 0.6637500000000001 0.5208333328125 0.7075 0.5508333328125
9 0.42000000000000004 0.3933333328125 0.44312500000000005 0.395 0.525625 0.36666666718749996 0.536875 0.355 0.5506249999999999 0.35 0.5525 0.3458333328125 0.5393749999999999 0.3366666671875 0.54875 0.3291666671875 0.54375 0.32 0.37875000000000003 0.3633333328125 0.37625000000000003 0.3641666671875 0.3775 0.3716666671875 0.4 0.38416666718750003 0.42000000000000004 0.3933333328125
11 0.576875 0.31916666718750003 0.578125 0.3225 0.57875 0.3158333328125 0.5856250000000001 0.315 0.58875 0.305 0.593125 0.25833333281250004 0.5525 0.2616666671875 0.548125 0.3091666671875 0.5475 0.3241666671875 0.5493750000000001 0.325 0.568125 0.31916666718750003 0.576875 0.31916666718750003
11 0.6131249999999999 0.2525 0.61125 0.2608333328125 0.61 0.3025 0.655625 0.2983333328125 0.660625 0.25166666718749997 0.6131249999999999 0.2525
11 0.6993750000000001 0.2816666671875 0.705 0.24333333281249997 0.683125 0.24500000000000002 0.678125 0.2875 0.689375 0.2908333328125 0.6912499999999999 0.2941666671875 0.6993750000000001 0.2816666671875
11 0.7306250000000001 0.27 0.7381249999999999 0.24 0.723125 0.2408333328125 0.714375 0.2708333328125 0.71375 0.27749999999999997 0.720625 0.2883333328125 0.73 0.2866666671875 0.7306250000000001 0.27
8 0.8949999999999999 0.5208333328125 0.89625 0.5166666671875 0.89375 0.5125 0.8775000000000001 0.5083333328124999 0.8712500000000001 0.4858333328125 0.8887499999999999 0.48166666718749995 0.905625 0.48333333281249996 0.9199999999999999 0.4891666671875 0.9181250000000001 0.4766666671875 0.91375 0.4733333328125 0.8400000000000001 0.4516666671875 0.835 0.4441666671875 0.8237500000000001 0.4 0.8168749999999999 0.3866666671875 0.8143750000000001 0.3875 0.813125 0.4 0.809375 0.40833333281249995 0.8087500000000001 0.4216666671875 0.81125 0.4325 0.8324999999999999 0.5033333328125 0.8949999999999999 0.5208333328125
10 0.49749999999999994 0.43666666718749997 0.49000000000000005 0.43916666718749997 0.49124999999999996 0.45499999999999996 0.506875 0.45416666718750004 0.505 0.44000000000000006 0.49749999999999994 0.43666666718749997
13 0.47062499999999996 0.3516666671875 0.47125000000000006 0.3233333328125 0.46749999999999997 0.3125 0.4625 0.3133333328125 0.46125 0.3408333328125 0.46312499999999995 0.355 0.46687500000000004 0.35583333281249996 0.47062499999999996 0.3516666671875
6 0.9181250000000001 0.4016666671875 0.9199999999999999 0.3983333328125 0.914375 0.39 0.9043749999999999 0.38416666718750003 0.7943749999999999 0.37 0.79625 0.38166666718750003 0.7993750000000001 0.385 0.909375 0.4016666671875 0.9181250000000001 0.4016666671875
1 0.881875 0.5408333328125 0.8800000000000001 0.5366666671875 0.843125 0.5241666671874999 0.836875 0.5258333328125 0.8324999999999999 0.5316666671875 0.83125 0.5391666671875 0.8699999999999999 0.5575 0.875625 0.5558333328125 0.881875 0.5408333328125
0 0.96125 0.37666666718749997 0.963125 0.3725 0.9637499999999999 0.3608333328125 0.945625 0.3491666671875 0.9237500000000001 0.3441666671875 0.880625 0.3416666671875 0.883125 0.365 0.9099999999999999 0.3775 0.9525 0.3791666671875 0.96125 0.37666666718749997