4 0.8198323078125 0.6566517953125001 0.8020843765624999 0.635885340625 0.798031040625 0.6285874328125 0.7980787671875 0.614398828125 0.792151478125 0.6071991109375 0.7819873796875 0.603559296875 0.7707298734375 0.6191697375 0.76493833125 0.6153008140625 0.76482273125 0.627824021875 0.7515078 0.6543904656249999 0.75107298125 0.674440690625 0.7563618296875 0.6966944421875 0.7517920124999999 0.7228026640625 0.752857840625 0.7335950140625 0.8234221749999999 0.79081445 0.8372663046875 0.7925924875 0.841503115625 0.7890325828125 0.8370086015625 0.77090959375 0.834531215625 0.7101226015625001 0.827218878125 0.6996575484374999 0.816769496875 0.70437745 0.81091008125 0.6988431312500001 0.8098781890625 0.6888834765625 0.8196148984375 0.66667690625 0.8198323078125 0.6566517953125001
9 0.4463056671875 0 0.4252386125 0.0214286625 0.32192515 0.14366873125 0.2845404734375 0.19402723125000002 0.28432306406249996 0.20405234375 0.29131618125 0.2220444109375 0.3090163875 0.256999471875 0.32630935 0.2819621484375 0.35366460312500003 0.30806654375 0.379451334375 0.341763415625 0.3805776046875 0.4001177734375 0.384040228125 0.4082811109375 0.3846171515625 0.422436984375 0.38281743281249997 0.4550758765625 0.37572886250000004 0.46546101875 0.3519444015625 0.480893359375 0.3492962625 0.492714790625 0.3558821390625 0.500714475 0.364294240625 0.5228045765625 0.38441881875 0.5250880125 0.390970759375 0.5322550015624999 0.3888040921875 0.5866095171875 0.395811 0.5895802796875 0.43202060624999994 0.5718279453124999 0.517374015625 0.5464937546875 0.5351495234375 0.5372176 0.551961015625 0.51964719375 0.559355015625 0.5167563390625001 0.5693632203125001 0.5012113546875 0.5937924796875 0.501600284375 0.687280140625 0.46081930312499997 0.702421296875 0.44834327500000004 0.700948228125 0.4275585421875 0.6836626953125 0.35669925468749997 0.592323678125 0 0.4463056671875 0
8 0.3122743171875 0.33693853125 0.30724317343749996 0.336367671875 0.2720527421875 0.30232905 0.2605513203125 0.2812352953125 0.2544342 0.254018084375 0.204135475 0.3100601046875 0.2035649078125 0.3267795328125 0.2383141609375 0.34999307343749997 0.23986889374999998 0.35742189999999996 0.23419930781249998 0.3719050765625 0.2542560125 0.3725231171875 0.261636225 0.38465356562499997 0.255695146875 0.39247515 0.2495165109375 0.39446784687499997 0.2503108453125 0.39859860937499997 0.2788475265625 0.42297214843750003 0.2780118234375 0.463905296875 0.27243661874999997 0.5267831765625 0.27507096875000003 0.52998305 0.28243103281250004 0.5262594968750001 0.3837475140625 0.462537434375 0.3812574125 0.33999982968750003 0.3155683265625 0.26416646093749996 0.3178834578125 0.2748933515625 0.33458570781249997 0.30072145625 0.333472153125 0.304117709375 0.3291335328125 0.30517951718749997 0.33127897968750003 0.3117429171875 0.3122743171875 0.33693853125
11 0.3253145375 0.5340262453125 0.251877221875 0.5445499625 0.24267714218749997 0.549204403125 0.23690574843749998 0.561189484375 0.214519053125 0.64163776875 0.20869993125000003 0.6678114546875 0.2097996984375 0.679436503125 0.21881630468750002 0.6856398718750001 0.23693118124999998 0.68469070625 0.33532059687500004 0.6720250921875001 0.3732546203125 0.6658650749999999 0.380614684375 0.662141521875 0.38783264375000004 0.62421186875 0.393964625 0.5596358625 0.3941618859375 0.5337567484375 0.38070485 0.5261170921875 0.340727190625 0.5282118078125 0.3253145375 0.5340262453125
11 0.1112077328125 0.610334009375 0.09779099218750001 0.6344023562500001 0.054810962500000004 0.7317847328125 0.045916314062500005 0.7439334609375 0.0306733453125 0.7539113921875 0.028160953125 0.7690636171875 0.0288057515625 0.7848848890625 0.034040515625000003 0.7904519390625 0.044102804687500004 0.7915936578125 0.3213661546875 0.790417484375 0.3249104390625 0.7852249140625001 0.3304920015625 0.7532223390625 0.34028386875 0.67093055625 0.2185787484375 0.679810984375 0.21254964687500003 0.6701131703125001 0.22332568125000002 0.61196964375 0.14650740625 0.6009741187500001 0.1112077328125 0.610334009375
6 0.2796620078125 0.4429569125 0.17551498593749998 0.4525863015625 0.16933635 0.45457899687500003 0.169539971875 0.45957518906250006 0.207045534375 0.5043407 0.2687841640625 0.49860234531250003 0.2768028171875 0.49567876093749996 0.2796620078125 0.4429569125
6 0.5177483921875 0.478881521875 0.521258740625 0.4728562515625 0.51681195 0.440544659375 0.42585047343750004 0.4511521171875 0.42289690156250004 0.45547925781250004 0.42372517343749994 0.46044271875 0.4322390875 0.48503091718749997 0.43615667656249996 0.48899802968749995 0.5177483921875 0.478881521875
10 0.48144547812500005 0.3714672390625 0.48807908125 0.36527832031249996 0.48819468125 0.3527551125 0.4758989234375 0.3275305953125 0.4701413171875 0.324494371875 0.4589994125 0.32758160625 0.455523 0.334439575 0.455930240625 0.34443195625 0.46756740937499996 0.3688565046875 0.48144547812500005 0.3714672390625
10 0.40788513125000003 0.44041077343749996 0.401869821875 0.4156916578125 0.3959085953125 0.40765924218749994 0.3870277359375 0.404786665625 0.3827230515625 0.406681171875 0.3840126484375 0.43832371718749996 0.3879302390625 0.4422908296875 0.39861717812499997 0.44339981875 0.40788513125000003 0.44041077343749996
1 0.5566973749999999 0.2365114109375 0.50862683125 0.2089890078125 0.4923784765625 0.25573659375 0.4945239234375 0.2622999921875 0.52910349375 0.281350040625 0.537291828125 0.28258995 0.5568670578125 0.240674903125 0.5566973749999999 0.2365114109375
1 0.63876313125 0.314824596875 0.6052493921875 0.30656690000000003 0.5944330640625 0.333002421875 0.5890689109375 0.354979884375 0.615677553125 0.3627649109375 0.6218901265625 0.3616049140625 0.6384778484375 0.3231843125 0.63876313125 0.314824596875
1 0.48484658593749996 0.4088404828125 0.48695809375000004 0.4145711828125 0.52546904375 0.422567040625 0.5344114171875 0.3962297078125 0.5341059875 0.388735421875 0.49372108593749997 0.380837753125 0.48484658593749996 0.4088404828125
1 0.5690588609375 0.4169451546875 0.5706814671875 0.42603937812500003 0.608194459375 0.42490828125 0.6142511374999999 0.40456348750000004 0.6139117703125 0.39623650312500003 0.5750476640625 0.3949349625 0.5690588609375 0.4169451546875
13 0.5649291468750001 0.530650371875 0.5725808531250001 0.5494424109375 0.58323385625 0.5497187 0.5879733578125 0.5277739703125001 0.5876817171875001 0.5052583796875 0.579941990625 0.4689469421875 0.5759904640625 0.46414713125 0.5646788734375 0.463070871875 0.559328509375 0.4700270296875 0.5621728390625 0.5090984015625 0.5649291468750001 0.530650371875
12 0.674580284375 0.6867934546875001 0.674240915625 0.67846646875 0.6789326921875001 0.6707103421875 0.68330525 0.670481234375 0.6874741859375 0.6652559328125001 0.690020515625 0.6509364078125001 0.6879090046874999 0.6452057078125 0.6841610984375001 0.6454020890625001 0.6840794375 0.65875799375 0.678036546875 0.664081484375 0.66346595625 0.65983808125 0.6617415390625 0.6482457609375001 0.657301109375 0.6468094734375 0.6599216703125 0.6650306515625 0.6544694953125 0.6694887140625 0.6469397484375 0.6690487734375 0.65350440625 0.7379663734374999 0.6524109984375001 0.7572166296875 0.6885050046875001 0.7519874984375 0.6896832546875 0.734818990625 0.6930748234374999 0.7258792765625001 0.703272859375 0.7303517890625 0.710008271875 0.726660965625 0.704821234375 0.7069053109375 0.7096487578125 0.702479978125 0.705968725 0.7043417546875 0.6923759406250001 0.693371303125 0.6804397 0.692327775 0.674580284375 0.6867934546875001
12 1 0.6601286 0.9949042531250001 0.6516509125 0.9847401546875 0.6480110984375 0.9821874656249999 0.631455315625 0.957867446875 0.587667871875 0.953460953125 0.5870642828125 0.94314731875 0.595114978125 0.9330850296875 0.593973259375 0.9211286421875 0.577075728125 0.9097491765625 0.574334075 0.9062727671875 0.5811920421875 0.9139382609375 0.5849627749999999 0.9160497718749999 0.5906934749999999 0.9144473140624999 0.5974532515625001 0.9078476468750001 0.6044748703125 0.8910160078124999 0.6061912765625 0.8804107328124999 0.59172638125 0.8748228093750001 0.59285365 0.87506036875 0.5986825390625 0.8797722921875 0.6067804140625 0.8894814234374999 0.614616453125 0.8989190593749999 0.6157909 0.9125256328125 0.6117400468749999 0.9185547328125001 0.6214378609375 0.9194169421874999 0.6272340203125 0.9150783234375 0.6282958296875 0.91524800625 0.632459321875 0.90674045 0.63874643125 0.9051040546875001 0.644673509375 0.9075750812500001 0.6745851984375 0.9141948937500001 0.6834175828125 0.9223832296875001 0.684657490625 0.9451220093750001 0.6742868015625 0.9526178203125 0.673894040625 0.9612473343750001 0.68595903125 0.9775084046875 0.7009620546875001 1 0.6984740890625 1 0.6601286
7 0.564530409375 0.3979894671875 0.5662824046875 0.3795391796875 0.5686791984374999 0.3769101640625 0.5655357953125 0.3612198125 0.5587325078125 0.36324523750000004 0.548472959375 0.387982634375 0.5477327078124999 0.40053857031250006 0.549708471875 0.402938478125 0.5591121718750001 0.40328022656250007 0.564530409375 0.3979894671875