12 0.8549146421874999 0.631555190625 0.8892792640625 0.6291490843750001 0.9025118187500001 0.6320285625000001 0.924978134375 0.6518812484375001 0.939014096875 0.6554474765625 0.9484041 0.6511508312500001 0.9398574249999999 0.6373592921875 0.9191324859375 0.6339126515625 0.9077103046874999 0.62804055625 0.9061833343749999 0.58911719375 0.90936048125 0.5568092453125 0.8953062812500001 0.5357155453125 0.8941647515625 0.5243623609375 0.8989087937500001 0.5122028421875 0.9057140953125 0.5095883328124999 0.9112615421875001 0.4981155609375 0.932113646875 0.48091607812500003 0.9505446859375001 0.47980755156250005 0.9587241609375001 0.4835563828125 0.9633518796875 0.473891784375 0.9376610953125001 0.46944330624999997 0.9225600046875 0.4708039046875 0.9094620078125001 0.48295697656250003 0.8985997515624999 0.500912675 0.8883481812499999 0.5057700328125 0.8808267171875 0.5058266031249999 0.84594209375 0.4656299828125 0.8084146078125001 0.42836296249999994 0.75990854375 0.4115465609375 0.73628985625 0.3984918921875 0.732127421875 0.39817680312500003 0.7226102562500001 0.42311957343750006 0.68100413125 0.43749614687499994 0.66294029375 0.448647378125 0.6564731171875 0.46192832343749995 0.6628712921875 0.4680460421875 0.709393009375 0.6349358671875 0.7014935 0.64310093125 0.7086950828125 0.6499053984375001 0.7242796984375001 0.656092584375 0.8254468656249999 0.6543618 0.838999303125 0.6503802421875 0.8549146421874999 0.631555190625
9 0.5491842953125 0.5232851640625 0.5551280265625 0.5212313671875 0.5727157390625 0.5382110234375 0.57226869375 0.565718184375 0.5669322046875 0.608503515625 0.5590326953125 0.61666858125 0.520767359375 0.6131460234375 0.5084545328125001 0.6084583718750001 0.491437584375 0.5971553078125 0.488696640625 0.6201072984375 0.489576446875 0.6370740578125 0.5042704140625001 0.6444456859375001 0.5308700859375 0.6652371921875 0.5315571718750001 0.6684188640625 0.527787575 0.7313526265625 0.5201207078125 0.7345278468750001 0.49749815000000003 0.7359450140625 0.49712010624999997 0.7440535109375 0.5018242265625 0.7506689234375 0.5040673640625 0.792150225 0.507339153125 0.7936497578124999 0.518684934375 0.78324184375 0.52944910625 0.7853085359375 0.53570188125 0.79454490625 0.53953359375 0.8198722343749999 0.5649227328124999 0.8487092203125 0.5724442 0.848652653125 0.5751743031250001 0.8438518609375001 0.59890484375 0.621564634375 0.6170297734375 0.41199763906250003 0.61712785625 0.3919752453125 0.608948384375 0.38822641406249997 0.5997619453125 0.388156946875 0.518650875 0.40768017187499994 0.5066180078125 0.4149064171875 0.5020814828125 0.5122083734375 0.5077634921875 0.5157681515625 0.531509340625 0.508176696875 0.5363879421875 0.5110497281249999 0.5335996781250001 0.517097978125 0.5375876328125 0.52115545 0.5491842953125 0.5232851640625
0 0.5739011453125 0.620297825 0.5767475703125 0.6130021140624999 0.579172075 0.54308128125 0.573181025 0.5282313359375 0.5586906171875 0.51649359375 0.555749553125 0.489981825 0.5511035921875 0.4821189515625 0.54117190625 0.4801152734375 0.5309094953125 0.503123834375 0.508828621875 0.510841325 0.4967666765625 0.5186913015625 0.49116106562499995 0.531411534375 0.4877803546875 0.568085596875 0.490005253125 0.5920394265625 0.49456397343749997 0.6017734921875 0.5018237156249999 0.6073304984375001 0.53373819375 0.6216390765625001 0.5486648046875 0.6240208609375 0.5687899 0.622414640625 0.5739011453125 0.620297825
2 0.44223945625 0.20097183593749998 0.279180871875 0.1504467203125 0.2716594078125 0.1505032890625 0.2672209640625 0.2277828515625 0.2706273125 0.24431493437500001 0.35647898125 0.2664620640625 0.40892567968750004 0.2704321953125 0.40848207968750005 0.2441094796875 0.4152582984375 0.24211870000000002 0.4427885390625 0.24295083125 0.4446496765625 0.20303208125 0.44223945625 0.20097183593749998
11 0.3821604625 0.719077021875 0.3771364578125 0.71932264375 0.37360294843749997 0.7234366859375 0.3675650875 0.8350214250000001 0.40127170312500005 0.8288099171875001 0.45070833437499996 0.8256669406249999 0.4584333640625 0.821244259375 0.46388961718750005 0.722134128125 0.45660079531250003 0.717200853125 0.3821604625 0.719077021875
11 0.3690841484375 0.6949276875 0.34494201874999997 0.6931001671875 0.3138491859375 0.6970058078125 0.3138639828125 0.7683631546874999 0.366775965625 0.7623535984375 0.3690841484375 0.6949276875
11 0.324514765625 0.5757564703125 0.321813740625 0.5799335296875 0.31979636093749997 0.6411221359375 0.364179909375 0.6388485125 0.3709270484375 0.637481465625 0.37187585625 0.6350495609375 0.37452216250000003 0.5782900859375 0.33958677812500004 0.5750196015625 0.324514765625 0.5757564703125
11 0.3031294 0.9090111562500001 0.305510540625 0.9116951312499999 0.35268235625 0.9033732578125001 0.3561867859375 0.8998829468749999 0.358029684375 0.8424367234375 0.312668246875 0.8477659796875001 0.3049141390625 0.8528123937500001 0.3031294 0.9090111562500001
11 0.364253596875 1 0.3656098234375 0.9844711187499999 0.361429146875 0.9666285578125 0.340529725 0.9669243015625 0.3014792234375 0.9802424671875001 0.2992607796875 1 0.364253596875 1
4 0.31200335468749996 0.9516203328125 0.347142303125 0.950524703125 0.343263271875 0.9082936343749999 0.335829046875 0.9064790109375 0.32316725625 0.9092761265625 0.3136609328125 0.91606769375 0.297901834375 0.9136228921875 0.2893443203125 0.9179825562499999 0.2838550328125 0.9282078671875 0.287319540625 0.9434924875 0.2947828453125 0.9446833796874999 0.30408560625000003 0.942257925 0.31200335468749996 0.9516203328125
4 0.376821040625 0.9590306546875 0.37942398437499997 0.9748759890625 0.3877961765625 0.992409909375 0.3933909453125 0.997840878125 0.4009124125 0.9977843109375 0.41053505625 0.9884978203125 0.41325776249999996 0.9480183562500001 0.40315159375 0.9497570625 0.376821040625 0.9590306546875
4 0.3808198390625 0.944936925 0.4062306609375 0.9374715078125 0.3989127578125 0.9331619625 0.395902690625 0.9260488546874999 0.39448120000000003 0.9027817734375001 0.3804452375 0.8992155453124999 0.3775771296875 0.9428136609375001 0.3808198390625 0.944936925
1 0.5286589609375001 0.42596385937500003 0.5203050078125 0.42595741093750006 0.51168933125 0.4315645359375 0.5117075703125 0.44909200781249997 0.52698314375 0.44398902656250006 0.5286589609375001 0.42596385937500003
13 0.46874844375 0.2774644109375 0.452873025 0.2775145296875 0.44936859531250006 0.2810048421875 0.44999751874999994 0.28543397187499997 0.4621649453125 0.293240278125 0.498474503125 0.302874103125 0.5059668890625 0.3034412640625 0.509413159375 0.30119841406250003 0.5107109296875 0.2912817453125 0.506664815625 0.2884717328125 0.46874844375 0.2774644109375