13 0.4348589109375 0.3139695828125 0.42942557812500004 0.312323990625 0.422310128125 0.3144825859375 0.4136415578125 0.3247980875 0.40229707187499997 0.36191049999999997 0.39242005625 0.3839382234375 0.38046979062499997 0.445023609375 0.382538890625 0.45427757812499997 0.3874975140625 0.46009304687499997 0.400002953125 0.4621551078125 0.4081968140625 0.45600948125 0.428295521875 0.4155093484375 0.4433066125 0.3648410265625 0.45180284375 0.35274786874999997 0.4548224 0.341584178125 0.453313659375 0.33508811562499996 0.444474825 0.3194701453125 0.4348589109375 0.3139695828125
10 0.3179994296875 0.2751254359375 0.31303976875 0.281387875 0.308122415625 0.297153159375 0.3062669234375 0.31125759999999997 0.31031947187500003 0.3228377578125 0.3186846359375 0.33054769375 0.336235384375 0.33327509843750003 0.34175540625 0.32977056718750003 0.35150238906250003 0.31546803125 0.3576704953125 0.2974933734375 0.3542216484375 0.286096059375 0.349263025 0.28028058906250003 0.3317989640625 0.272403059375 0.32330376875 0.272418309375 0.3179994296875 0.2751254359375
5 0.0947178453125 0.1781673265625 0.0966579515625 0.1830685765625 0.1203282765625 0.230785925 0.124897840625 0.2476990515625 0.137229903125 0.2600613625 0.14227521406250002 0.26072670625 0.150728103125 0.251208609375 0.151677521875 0.242868859375 0.1464609078125 0.22834795312499997 0.136198984375 0.21316170156249997 0.1231352609375 0.1841859171875 0.1128733359375 0.16899966718749998 0.0977807453125 0.1644285734375 0.0947178453125 0.1781673265625
7 0.2225667625 0.2971228265625 0.22989685624999998 0.30624473281250003 0.24969008124999997 0.30792585625 0.25542578437499996 0.30362391718750004 0.259997425 0.296381228125 0.2648724734375 0.2711130984375 0.26241638906250003 0.248800971875 0.246202040625 0.25079197343750004 0.23964695156250002 0.255708475 0.218988921875 0.28137279375 0.2225667625 0.2971228265625
7 0.6920922296875001 0.7490481124999999 0.6894606953125 0.7611920515625 0.69001794375 0.8001836812500001 0.6806135624999999 0.8421973453125 0.6755651390625 0.8777657265625001 0.6764268312499999 0.8866540078125 0.6801347046874999 0.8946788515625 0.7013922890625001 0.9175090078125001 0.7096718015625 0.9182911640625001 0.7150194828124999 0.9130089765625 0.7295135578124999 0.857007684375 0.735036690625 0.8172694281249999 0.7304248171875 0.79085345625 0.7137388734375001 0.7607806109374999 0.711497434375 0.749748984375 0.6968795531249999 0.7410080156250001 0.6920922296875001 0.7490481124999999
12 0.087432946875 0.6470116109374999 0.08316264062499999 0.6603846765625 0.064660396875 0.6901528390625 0.0627192546875 0.697329496875 0.0636242921875 0.703642715625 0.0719894546875 0.711352653125 0.1181289203125 0.7339542125 0.138136790625 0.7469158390625 0.1512892765625 0.746585678125 0.1663839421875 0.72700095625 0.18329075625 0.69588685625 0.189070840625 0.676931946875 0.187950121875 0.6714161328125 0.1794126203125 0.6619285390625 0.12171713437500001 0.6289251671875 0.1059774953125 0.62674629375 0.087432946875 0.6470116109374999
12 0 0.4643744265625 0.0155200484375 0.461312625 0.023065825 0.4696371265625 0.045272828125 0.48412753124999997 0.106330471875 0.53367834375 0.11728693750000001 0.49558567968749995 0.104954875 0.4832233671875 0.1094398265625 0.4811308046875 0.110733921875 0.4763463671875 0.1100012234375 0.471810803125 0.112761753125 0.4640195828125 0.1112530125 0.45752351874999997 0.118152778125 0.45616233125 0.0937889515625 0.44964598906250003 0.0908560828125 0.455659553125 0.08658681406249999 0.456954709375 0.0851203796875 0.459961490625 0.0903380296875 0.4624044921875 0.095253309375 0.47079502343749996 0.08921627343750001 0.4689665859375 0.0814548140625 0.461439490625 0.081713840625 0.4580670234375 0.0883122734375 0.450575459375 0.090037734375 0.444196209375 0.06468218125 0.43651677343750006 0.0593345 0.4417989609375 0.053513145312499996 0.43917311875 0.025482714062500002 0.4462126859375 0.017418884375 0.4446331234375 0.011295159374999999 0.4479548125 0.008276642187499999 0.4470405921875 0.00853566875 0.44366812343750006 0 0.4424601015625 0 0.4643744265625
12 0 0.619910534375 0.0237024984375 0.5880239859375 0.0325877890625 0.56483316875 0.023058564062500002 0.5541824828124999 0.0118038765625 0.5499110453125 0 0.5407921515624999 0 0.619910534375
11 0.699122028125 0.7399617359375 0.6968795531249999 0.7410080156250001 0.69321295 0.754563925 0.691745478125 0.7696486140625 0.6934244828125 0.80207815 0.6785836562500001 0.8786799453125 0.6824205234375 0.8910575078124999 0.701607971875 0.916711603125 0.714285746875 0.9205513203125 0.7186417046875 0.9141060390625 0.7279593984375 0.8772425 0.7372791656250001 0.8162231468750001 0.7330553156249999 0.790787425 0.7245611578125 0.7787247671874999 0.71395559375 0.7479052953124999 0.7081775828125 0.7427043906249999 0.699122028125 0.7399617359375
11 0.29885821562500003 0.7153596265625 0.2805314234375 0.7106717203125 0.2592728015625 0.6999194734375 0.24534427343749998 0.6982891296875 0.2381421375 0.70559785 0.2223116609375 0.7568807343749999 0.20885473124999998 0.7873142390625001 0.207430603125 0.7998238671875 0.2149763796875 0.8081483687500001 0.2759927546875 0.8361184265625001 0.2841855796875 0.8420507078125 0.2898345953125 0.8428988937499999 0.2951389328125 0.8401917687499999 0.3045845828125 0.8197588578125 0.3202004140625 0.7571954734374999 0.32097749375 0.747078065625 0.31821903906250004 0.73071346875 0.3168826375 0.7259950625 0.3043771984375 0.7239330015625 0.29885821562500003 0.7153596265625
11 0.3806987359375 0.79191046875 0.3651747796875 0.788934190625 0.352582653125 0.7920222546875 0.3509005375 0.7958264421875 0.3517178484375 0.8193676953125 0.34662815625 0.8333553234375 0.3474898484375 0.8422436046874999 0.34157973125 0.868923703125 0.3469263765625 0.875719421875 0.3643904390625 0.8835969515625001 0.42156994531249997 0.8991894484375 0.42752133125 0.8940901015625 0.43761402968749996 0.8712649734375001 0.4454652890625 0.8374082171874999 0.4444746015625 0.8241672156250001 0.43852425312500004 0.8171886531249999 0.415885884375 0.8042930609375001 0.38789983437500003 0.79667965625 0.3806987359375 0.79191046875
11 0.5548615296875 0.911089371875 0.567840640625 0.9210594640625 0.5723689359375 0.9163918375 0.5734906921875 0.9098297421874999 0.56344445 0.8938460859375 0.52390341875 0.8637529609374999 0.49617639531249996 0.8527670875 0.488241559375 0.8555402453125 0.4800476984375 0.861685871875 0.468489603125 0.8754398765625 0.4618901328125 0.8950093484374999 0.46150107343749996 0.9061070062500001 0.4671057078125 0.9216081640624999 0.46572285 0.95569854375 0.46865468125 0.9617628890625 0.4762438015625 0.9675123265625001 0.484782340625 0.9649220109375 0.48935397968750005 0.9576793218749999 0.4950896828125 0.9533773828125 0.5115630578125 0.9480139109374999 0.521224390625 0.9267835953124999 0.5253223593749999 0.9116328734374999 0.5298506546875 0.906965246875 0.5349393109375 0.905055528125 0.5548615296875 0.911089371875
11 0.8143580140625 1 0.8137203609375 0.99725450625 0.8134211015625 0.9669683140625001 0.81010125 0.9599237203125 0.8005286796875 0.9518480953124999 0.7869881734375 0.9511980031249999 0.7836672859375 0.956231315625 0.7802163640625001 0.9689898187500001 0.778359834375 0.9951721671874999 0.7796268875 1 0.8143580140625 1
0 0.90058878125 0.7750980578125 0.8867035968750001 0.770892653125 0.8066679640625001 0.7673577875 0.7967063359375001 0.7703798203125001 0.7882967921875 0.7773228546875 0.7811813421875 0.779481446875 0.7717367296875 0.7878364515625 0.7689751625000001 0.8077055796874999 0.7700525390624999 0.8157964546875001 0.7740194375 0.8204488296875001 0.7870418906250001 0.8278438593749999 0.8311122578125 0.84119145 0.8387013781249999 0.8469408875 0.8531902656250001 0.8513291374999999 0.8773827921875 0.8439899140625 0.922791634375 0.8379000937500001 0.9252931375 0.8334813437499999 0.9238277406250001 0.8244102171875 0.9267616453124999 0.8063187468749999 0.921846365625 0.7979282140625 0.9092552765624999 0.7889383703124999 0.90058878125 0.7750980578125
0 0.8290288578125 0.49633112031250004 0.8213107421875 0.4862289640625 0.7975072734374999 0.4824705296875 0.779611846875 0.4761878109375 0.7674077421875001 0.4802561265625 0.75615201875 0.4880626 0.7382555546875 0.4938577875 0.711087853125 0.4977077296875 0.69073426875 0.49326869999999995 0.686076978125 0.4935836078125 0.680341275 0.4978855453125 0.6589526203125 0.4948584875 0.655157021875 0.5040616765625 0.6442470124999999 0.503345553125 0.637519584375 0.5064843984375 0.6290243890625 0.5064996484375001 0.6127233546874999 0.513640775 0.5981900859375 0.5239054984375 0.5962489421875 0.53108215625 0.596893915625 0.552845753125 0.60767285625 0.573364971875 0.6420818890625 0.6079428796874999 0.6736034734375 0.6218034703125 0.7142673 0.63325659375 0.7556648609375001 0.63716736875 0.804954953125 0.6288021421875001 0.8222477125 0.622824109375 0.8345385046875 0.61360566875 0.8416560296875 0.5872912578125 0.8422618078124999 0.563318284375 0.83803899375 0.52580465625 0.8290288578125 0.49633112031250004