12 0.6725 0.9633333328125 0.6799999999999999 0.9775 0.7056250000000001 0.9991666671875 0.999375 0.9991666671875 0.999375 0.9175000000000001 0.9875 0.905 0.9712500000000001 0.9 0.9650000000000001 0.8941666671874999 0.95875 0.8808333328125 0.9625 0.8791666671874999 0.9625 0.875 0.9337500000000001 0.8708333328125001 0.812375 0.8683333328125 0.713125 0.8558333328125001 0.6799999999999999 0.8558333328125001 0.66875 0.86 0.6693749999999999 0.9183333328125001 0.67125 0.9383333328125 0.6743750000000001 0.9458333328125 0.6725 0.9633333328125
12 0.0975 0.9375 0.12125 0.9625 0.12125 0.9766666671875001 0.134375 0.9991666671875 0.290625 0.9991666671875 0.2975 0.9833333328125 0.31625000000000003 0.9591666671875 0.33375 0.8949999999999999 0.334375 0.885 0.32875 0.8699999999999999 0.31625000000000003 0.8625 0.3125 0.8574999999999999 0.31124999999999997 0.8491666671875 0.30375 0.845 0.25375000000000003 0.8425 0.240625 0.8474999999999999 0.230625 0.8416666671874999 0.21749999999999997 0.8258333328124999 0.18062499999999998 0.8183333328125 0.14937499999999998 0.8183333328125 0.0975 0.8125 0.075 0.8141666671875001 0.061250000000000006 0.8191666671875 0.061250000000000006 0.8258333328124999 0.081875 0.8683333328125 0.091875 0.8975 0.0975 0.9375
11 0.573125 0.7066666671874999 0.584375 0.71 0.73125 0.7083333328125 0.746875 0.7075 0.7575000000000001 0.7033333328125 0.7537499999999999 0.6261108328125 0.754375 0.5775 0.75 0.5683333328125 0.566875 0.5708333328124999 0.5650000000000001 0.5816666671874999 0.5675 0.6875 0.56875 0.7 0.573125 0.7066666671874999
11 0.330625 0.6975 0.37625000000000003 0.7166666671875 0.39 0.7150000000000001 0.385 0.5841666671875 0.383125 0.5808333328125 0.36062500000000003 0.5766666671875 0.32437499999999997 0.5758333328125 0.27749999999999997 0.5816666671874999 0.26749999999999996 0.5858333328125 0.26937500000000003 0.6516666671875 0.27625 0.6849999999999999 0.29874999999999996 0.6950000000000001 0.330625 0.6975
11 0.6425 0.5491666671875 0.64 0.49833333281250003 0.6368750000000001 0.49583333281249997 0.560625 0.4933333328125 0.55375 0.49833333281250003 0.5525 0.5183333328125 0.5525 0.5566666671875 0.5543750000000001 0.5583333328125 0.63375 0.5591666671875 0.6425 0.5491666671875
11 0 0.6833333328125 0.0475 0.6833333328125 0.050624999999999996 0.6799999999999999 0.045625 0.6391666671875 0.045625 0.6075 0.04 0.5758333328125 0.034999999999999996 0.5700000000000001 0 0.5700000000000001 0 0.6833333328125
11 0.103125 0.5658333328125 0.1075 0.5616666671874999 0.11000000000000001 0.5408333328125 0.10874999999999999 0.51 0.10625 0.5075000000000001 0.045625 0.5075000000000001 0.04375 0.51 0.04375 0.525 0.04625 0.5633333328125001 0.103125 0.5658333328125
11 0.3125 0.5466666671875 0.318125 0.5408333328125 0.319375 0.5091666671875 0.31437499999999996 0.5033333328125 0.255 0.5008333328125001 0.24937499999999999 0.5033333328125 0.246875 0.5108333328125 0.2475 0.5458333328125 0.2525 0.5558333328125 0.26625 0.5491666671875 0.3125 0.5466666671875
6 0.74125 0.7758333328125 0.745625 0.7725 0.74 0.7366666671875 0.728125 0.7325 0.6900000000000001 0.7291666671875 0.670625 0.72 0.6587500000000001 0.72 0.6475 0.7266666671875 0.639375 0.7216666671875 0.5925 0.7208333328125 0.58875 0.7433333328125 0.58875 0.7575000000000001 0.600625 0.7625 0.73125 0.7758333328125 0.74125 0.7758333328125
6 0.095 0.7333333328125 0.1125 0.7216666671875 0.12375 0.71 0.1 0.6958333328124999 0.049375 0.6933333328125 0.03125 0.6941666671875 0.025625 0.6983333328125 0.01125 0.7008333328125 0.008749999999999999 0.705 0.008125 0.7133333328125 0.010624999999999999 0.7191666671875 0.07875 0.7341666671875 0.095 0.7333333328125
6 0.428125 0.7816666671875 0.440625 0.725 0.43875000000000003 0.7033333328125 0.4225 0.7033333328125 0.41 0.7158333328125 0.378125 0.7808333328125 0.37875000000000003 0.7841666671875 0.4 0.7858333328125 0.428125 0.7816666671875
4 0.754375 0.5650000000000001 0.756875 0.5700000000000001 0.765 0.5700000000000001 0.76875 0.5641666671875 0.7737499999999999 0.5416666671875 0.79 0.5391666671875 0.79 0.5325 0.78625 0.5258333328125 0.78625 0.49749999999999994 0.7725 0.49583333281249997 0.76625 0.49000000000000005 0.77 0.4808333328125 0.7693749999999999 0.46666666718750005 0.7631249999999999 0.45 0.749375 0.4458333328125 0.73875 0.45416666718750004 0.72875 0.49000000000000005 0.713125 0.49916666718749997 0.70875 0.5066666671875 0.6956249999999999 0.5525 0.6950000000000001 0.5591666671875 0.70125 0.5633333328125001 0.74919625 0.5641666671875 0.754375 0.5650000000000001
8 0.8300000000000001 0.5791666671875 0.8393750000000001 0.5408333328125 0.774375 0.5408333328125 0.77 0.5425 0.7675 0.5566666671875 0.7625 0.5633333328125001 0.7575000000000001 0.5616666671874999 0.755625 0.575 0.765 0.5825 0.826875 0.5825 0.8300000000000001 0.5791666671875
0 0.9237500000000001 0.6025 0.938125 0.6141666671875 0.9481249999999999 0.6125 0.9574999999999999 0.615 0.95875 0.6116666671875 0.9581250000000001 0.6 0.954375 0.595 0.951875 0.5766666671875 0.9337500000000001 0.5650000000000001 0.899375 0.5633333328125001 0.874375 0.5708333328124999 0.85125 0.5716666671875 0.8412499999999999 0.5791666671875 0.8400000000000001 0.5833333328125 0.8418749999999999 0.5858333328125 0.8550000000000001 0.5925 0.9237500000000001 0.6025
0 0.46624999999999994 0.5808333328125 0.47125000000000006 0.5866666671874999 0.5193749999999999 0.5891666671875 0.529375 0.5783333328125 0.5325 0.5708333328124999 0.530625 0.5658333328125 0.5118750000000001 0.5508333328125 0.499375 0.5483333328125 0.469375 0.5558333328125 0.469375 0.5625 0.465 0.5683333328125 0.465 0.5725 0.46624999999999994 0.5808333328125