4 0.263125 0.205 0.26375000000000004 0.2258333328125 0.26937500000000003 0.225 0.2725 0.22999999999999998 0.28625 0.27999999999999997 0.289375 0.2841666671875 0.29375 0.2841666671875 0.291875 0.24583333281250003 0.2975 0.23583333281250002 0.30125 0.23500000000000001 0.30125 0.22916666718749998 0.288125 0.1816666671875 0.28250000000000003 0.17250000000000001 0.28125 0.1608333328125 0.274375 0.1533333328125 0.26937500000000003 0.1533333328125 0.26687500000000003 0.1566666671875 0.26687500000000003 0.17250000000000001 0.2575 0.1866666671875 0.2575 0.1933333328125 0.263125 0.205
4 0.74125 0.3625 0.7525000000000001 0.3866666671875 0.759375 0.3933333328125 0.76125 0.40416666718750005 0.7787499999999999 0.40833333281249995 0.795625 0.40499999999999997 0.8006249999999999 0.3933333328125 0.8018750000000001 0.3783333328125 0.8162499999999999 0.3533333328125 0.81875 0.3416666671875 0.818125 0.3175 0.8243750000000001 0.305 0.82125 0.26916666718750004 0.8237500000000001 0.22916666718749998 0.82 0.205 0.811875 0.2008333328125 0.798125 0.20416666718749998 0.7925 0.21833333281249998 0.7849999999999999 0.2241666671875 0.77 0.2266666671875 0.74 0.2633333328125 0.74375 0.2875 0.74375 0.3091666671875 0.7375 0.3458333328125 0.74125 0.3625
11 0.0975 0.46666666718750005 0.123125 0.4566666671875 0.12625 0.4491666671875 0.11125 0.3991666671875 0.10874999999999999 0.385 0.11000000000000001 0.3783333328125 0.26749999999999996 0.37666666718749997 0.24375 0.24666666718750002 0.10124999999999999 0.2541666671875 0 0.2625 0.000625 0.475 0.025 0.4841666671875 0.0975 0.46666666718750005
11 0.146875 0.5225 0.151875 0.5316666671875 0.1625 0.5366666671875 0.221875 0.5358333328125 0.27125 0.5425 0.323125 0.545 0.330625 0.545 0.336875 0.5383333328125001 0.33875 0.5325 0.336875 0.5083333328124999 0.325625 0.41916666718749995 0.32 0.3908333328125 0.315625 0.3808333328125 0.15812500000000002 0.37333333281250003 0.12250000000000001 0.37333333281250003 0.109375 0.3775 0.1075 0.38 0.10874999999999999 0.3983333328125 0.13187500000000002 0.465 0.146875 0.5225
9 0.31625000000000003 0.6158333328125 0.32687499999999997 0.6291666671875 0.325625 0.7125 0.32875 0.7741666671874999 0.31875 0.7966666671875 0.2575 0.8758333328125 0.24625 0.8949999999999999 0.21187499999999998 0.9741666671875 0.209375 0.985 0.21187499999999998 0.9991666671875 0.661875 0.9991666671875 0.711875 0.6333333328124999 0.714375 0.6041666671875 0.7106250000000001 0.5941666671875 0.584375 0.5508333328125 0.5475 0.5483333328125 0.533125 0.5341666671875 0.506875 0.5166666671875 0.49812500000000004 0.5141666671875 0.491875 0.5075000000000001 0.381875 0.48333333281249996 0.34249999999999997 0.47083333281249995 0.333125 0.4733333328125 0.32937500000000003 0.4783333328125 0.33375 0.49583333281249997 0.335625 0.5233333328125 0.335625 0.5358333328125 0.33125 0.5416666671875 0.290625 0.54 0.27625 0.545 0.275625 0.5825 0.27875 0.5933333328125 0.30125 0.61 0.31625000000000003 0.6158333328125
9 0 0.7741666671874999 0.013125000000000001 0.7883333328125001 0.027500000000000004 0.7916666671875 0.061875 0.7783333328125 0.10124999999999999 0.7383333328125 0.125 0.7241666671875 0.1575 0.7233333328125 0.18875 0.6966666671875 0.19624999999999998 0.6858333328125 0.196875 0.6716666671875 0.19 0.6625 0.16875 0.665 0.13999999999999999 0.6633333328125001 0.09812499999999999 0.67 0.076875 0.6666666671875 0.06 0.6591666671875 0.06375 0.6458333328125 0.10187500000000001 0.5983333328125 0.12687500000000002 0.5875 0.16125 0.5808333328125 0.17875000000000002 0.5833333328125 0.1825 0.5683333328125 0.18812500000000001 0.5583333328125 0.20375000000000001 0.545 0.195 0.54 0.175625 0.5383333328125001 0.15375 0.545 0.125 0.5466666671875 0.115625 0.5516666671875 0 0.6216666671875 0 0.7741666671874999
6 0.138125 0.6566666671875 0.15875 0.6566666671875 0.195625 0.6608333328125 0.1975 0.6599999999999999 0.196875 0.6383333328125 0.191875 0.5925 0.19 0.5900000000000001 0.16999999999999998 0.5891666671875 0.109375 0.5891666671875 0.09375 0.605 0.056874999999999995 0.6525000000000001 0.05625 0.6575 0.060625 0.6599999999999999 0.130570625 0.6599999999999999 0.138125 0.6566666671875
8 0.16375 0.7333333328125 0.16375 0.7441666671875 0.159375 0.75 0.15125 0.7525000000000001 0.14625 0.7741666671874999 0.11125 0.8025 0.11125 0.8591666671875 0.1575 0.9075 0.175625 0.9075 0.18062499999999998 0.8766666671875001 0.195 0.8474999999999999 0.210625 0.8291666671875 0.24125000000000002 0.8150000000000001 0.258125 0.8175000000000001 0.273125 0.8433333328125 0.25625 0.8708333328125001 0.25187499999999996 0.8866666671875001 0.2575 0.8825 0.31875 0.7991666671875 0.33187500000000003 0.7775000000000001 0.33187500000000003 0.6950000000000001 0.343125 0.6891666671875 0.351875 0.6791666671875001 0.35625 0.6608333328125 0.353125 0.6441666671874999 0.348125 0.6441666671874999 0.33999999999999997 0.655 0.3325 0.6525000000000001 0.330625 0.6224999999999999 0.32687499999999997 0.6174999999999999 0.209375 0.5575 0.1925 0.55 0.1875 0.5541666671875001 0.1975 0.6849999999999999 0.15875 0.7208333328125 0.15687500000000001 0.7266666671875 0.16375 0.7333333328125
6 0.45222249999999997 0.6266666671875 0.49124999999999996 0.6308333328125 0.495625 0.6241666671874999 0.499375 0.5974999999999999 0.49874999999999997 0.5883333328125 0.491875 0.5833333328125 0.39375 0.5816666671874999 0.38625 0.5891666671875 0.378125 0.6224999999999999 0.383125 0.6283333328125 0.390625 0.63 0.45222249999999997 0.6266666671875
1 0.561875 0.8883333328124999 0.5599999999999999 0.8791666671874999 0.53625 0.8341666671875 0.531875 0.8300000000000001 0.526875 0.8308333328125 0.48125 0.8633333328124999 0.47874999999999995 0.8666666671875 0.479375 0.8724999999999999 0.504375 0.9333333328125001 0.561875 0.8883333328124999
1 0.654375 0.7633333328125 0.6287499999999999 0.7150000000000001 0.61875 0.7150000000000001 0.5912499999999999 0.7258333328125001 0.5912499999999999 0.735 0.615 0.7875 0.654375 0.7716666671875 0.654375 0.7633333328125
1 0.50625 0.6983333328125 0.5175 0.6933333328125 0.5193749999999999 0.6891666671875 0.505625 0.65 0.4575 0.6675 0.4575 0.675 0.46687500000000004 0.7025 0.47125000000000006 0.7075 0.50625 0.6983333328125
1 0.5706249999999999 0.6791666671875001 0.610625 0.675 0.615625 0.6716666671875 0.615 0.6616666671875 0.605 0.6375 0.5599999999999999 0.6408333328125 0.558125 0.6458333328125 0.559375 0.6533333328125 0.5675 0.6766666671875 0.5706249999999999 0.6791666671875001
10 0.4525 0.7849999999999999 0.456875 0.7808333328125 0.465625 0.76 0.468125 0.7483333328125 0.46687500000000004 0.7358333328125 0.45625 0.7266666671875 0.4425 0.73 0.42750000000000005 0.7575000000000001 0.426875 0.7741666671874999 0.43125 0.7833333328125 0.44000000000000006 0.7875 0.4525 0.7849999999999999
7 0.5599999999999999 0.725 0.5625 0.7191666671875 0.563125 0.7025 0.5575 0.6983333328125 0.5575 0.6808333328125 0.55 0.6716666671875 0.535625 0.675 0.53625 0.6883333328125001 0.546875 0.7066666671874999 0.5525 0.7233333328125 0.5599999999999999 0.725
13 0.5675 0.5825 0.5700000000000001 0.5408333328125 0.5700000000000001 0.5141666671875 0.563125 0.49083333281249997 0.555625 0.4891666671875 0.55125 0.4916666671875 0.5506249999999999 0.5016666671875 0.54375 0.5125 0.5425 0.5275000000000001 0.54125 0.5875 0.5493750000000001 0.595 0.56125 0.5933333328125 0.5675 0.5825
11 0.9 0.2383333328125 0.9025000000000001 0.23583333281250002 0.898125 0.2241666671875 0.90625 0.1933333328125 0.853125 0.1916666671875 0.8456250000000001 0.2241666671875 0.8456250000000001 0.22999999999999998 0.8574999999999999 0.2308333328125 0.8625 0.24 0.9 0.2383333328125
12 0.913125 0.3825 0.9037499999999999 0.38166666718750003 0.899375 0.385 0.889375 0.3958333328125 0.8875 0.40833333281249995 0.89 0.4108333328125 0.8975 0.40833333281249995 0.9025000000000001 0.41916666718749995 0.9087500000000001 0.4225 0.95875 0.43166666718749996 0.961875 0.4258333328125 0.9712500000000001 0.4216666671875 0.9862500000000001 0.38333333281250004 0.990625 0.385 0.99125 0.37333333281250003 0.999375 0.3508333328125 0.999375 0.2858333328125 0.9793749999999999 0.2841666671875 0.96 0.31083333281250003 0.95375 0.315 0.9262499999999999 0.30583333281249997 0.9175000000000001 0.3066666671875 0.9112500000000001 0.3133333328125 0.905625 0.3341666671875 0.8975 0.3375 0.8975 0.34249999999999997 0.9112500000000001 0.35 0.9168749999999999 0.3591666671875 0.913125 0.3825
12 0.6475 0.32166666718750003 0.6443749999999999 0.3466666671875 0.646875 0.3516666671875 0.650625 0.3508333328125 0.659375 0.32083333281250004 0.6725 0.3183333328125 0.684375 0.3075 0.6825 0.3008333328125 0.6875 0.28250000000000003 0.6837500000000001 0.2758333328125 0.6675 0.2808333328125 0.661875 0.2558333328125 0.62375 0.25166666718749997 0.6212500000000001 0.25166666718749997 0.62375 0.3083333328125 0.641875 0.3158333328125 0.6475 0.32166666718750003