13 0.28625 0.6133333328125 0.28625 0.6533333328125 0.28875 0.6633333328125001 0.291875 0.6675 0.303125 0.6741666671875 0.313125 0.6883333328125001 0.31875 0.6900000000000001 0.33375 0.6825 0.34187500000000004 0.6733333328125 0.34249999999999997 0.6575 0.336875 0.6433333328125 0.33125 0.5875 0.32437499999999997 0.5425 0.31625000000000003 0.5258333328125 0.296875 0.5233333328125 0.290625 0.5241666671874999 0.28500000000000003 0.5291666671875 0.28125 0.5516666671875 0.28625 0.6133333328125
0 0.5756249999999999 0.6441666671874999 0.57375 0.6558333328125 0.5743750000000001 0.6741666671875 0.579375 0.6991666671875 0.5856250000000001 0.7083333328125 0.588125 0.7166666671875 0.591875 0.72 0.5962500000000001 0.7383333328125 0.599375 0.7416666671875001 0.6068749999999999 0.7433333328125 0.61375 0.7583333328124999 0.624375 0.77 0.634375 0.7958333328125 0.635 0.8150000000000001 0.6375 0.8233333328124999 0.66875 0.8558333328125001 0.685625 0.8616666671875001 0.735 0.8508333328125 0.81375 0.8283333328125 0.825 0.8225 0.8375 0.8108333328124999 0.844375 0.7966666671875 0.8462500000000001 0.7833333328125 0.8462500000000001 0.7583333328124999 0.84375 0.7458333328125 0.8256249999999999 0.7108333328125 0.7975 0.6733333328125 0.7631249999999999 0.6416666671875 0.7224999999999999 0.6158333328125 0.70875 0.6125 0.67875 0.6125 0.60625 0.615 0.595 0.6191666671875 0.58125 0.63 0.5756249999999999 0.6441666671874999
9 0 0.7441666671875 0.03125 0.74 0.1375 0.7158333328125 0.14937499999999998 0.7083333328125 0.161875 0.7091666671875 0.17375000000000002 0.7041666671875 0.230625 0.6966666671875 0.29125 0.6841666671875 0.315 0.6766666671875 0.318125 0.6708333328125 0.31875 0.6633333328125001 0.3 0.6625 0.29625 0.6599999999999999 0.29312499999999997 0.6533333328125 0.28500000000000003 0.5591666671875 0.29125 0.5425 0.29125 0.5325 0.29375 0.5283333328125 0.29874999999999996 0.5266666671875 0.3075 0.5291666671875 0.32 0.5558333328125 0.3225 0.5558333328125 0.32375 0.5508333328125 0.305 0.4583333328125 0.29874999999999996 0.3916666671875 0.2925 0.3875 0.281875 0.3866666671875 0.1925 0.3958333328125 0.13187500000000002 0.3983333328125 0.075 0.4058333328125 0.045625 0.4683333328125 0.046875 0.49916666718749997 0.049375 0.5025000000000001 0.06875 0.5008333328125001 0.075 0.49583333281249997 0.08875 0.49416666718749996 0.094375 0.49000000000000005 0.105625 0.4883333328125 0.1125 0.48333333281249996 0.125 0.4808333328125 0.14875 0.47083333281249995 0.16 0.475 0.181875 0.49749999999999994 0.139375 0.5158333328125 0.06875 0.5416666671875 0.063125 0.5408333328125 0.057499999999999996 0.5349999999999999 0.05625 0.5308333328125 0.04 0.5108333328125 0.03875 0.505 0.03375 0.5033333328125 0.028125 0.5091666671875 0 0.5666666671875 0 0.7441666671875
5 0.1808325 0.5454533328125 0.17922125 0.5395508328124999 0.112365625 0.5615533328125 0.11317124999999999 0.5663833328125001 0.113976875 0.56853 0.1808325 0.5454533328125
7 0.23479999999999998 0.5690666671875 0.23479999999999998 0.5610166671875 0.22070375000000003 0.5599433328125001 0.21305187499999997 0.5674566671875 0.21224625000000003 0.5738966671875 0.20137187499999998 0.5722866671875 0.20096937499999998 0.5910691671875 0.20741312500000003 0.5948258328125 0.21828750000000002 0.5824825 0.23479999999999998 0.5690666671875
12 0.315 0.3183333328125 0.3075 0.3266666671875 0.31375000000000003 0.335 0.41312499999999996 0.32999999999999996 0.41312499999999996 0.3275 0.410625 0.3266666671875 0.41312499999999996 0.3225 0.409375 0.2608333328125 0.39249999999999996 0.25916666718750003 0.32687499999999997 0.2625 0.311875 0.2658333328125 0.31062500000000004 0.275 0.315 0.3183333328125
12 0.321875 0.39416666718750004 0.320625 0.40499999999999997 0.32687499999999997 0.4125 0.3375 0.4141666671875 0.33875 0.4183333328125 0.34500000000000003 0.4233333328125 0.374375 0.4225 0.37625000000000003 0.43833333281250003 0.37312500000000004 0.4425 0.371875 0.47083333281249995 0.37312500000000004 0.47416666718749995 0.381875 0.4733333328125 0.38625 0.4725 0.3875 0.4683333328125 0.385 0.44166666718750003 0.381875 0.43833333281250003 0.380625 0.42416666718749996 0.3825 0.425 0.38375 0.4375 0.38937499999999997 0.43666666718749997 0.3875 0.4225 0.39 0.42000000000000004 0.418125 0.4158333328125 0.438125 0.4091666671875 0.438125 0.3983333328125 0.43562500000000004 0.39416666718750004 0.43 0.3883333328125 0.42062499999999997 0.3875 0.39249999999999996 0.39 0.37875000000000003 0.3883333328125 0.3625 0.39416666718750004 0.321875 0.39416666718750004
12 0.47874999999999995 0.32083333281250004 0.484375 0.3266666671875 0.564375 0.32166666718750003 0.566875 0.2975 0.569375 0.2958333328125 0.5700000000000001 0.27999999999999997 0.566875 0.26916666718750004 0.569375 0.2575 0.5662499999999999 0.2558333328125 0.5625 0.24583333281250003 0.5443749999999999 0.24583333281250003 0.478125 0.2491666671875 0.479375 0.2966666671875 0.471875 0.30333333281249997 0.47874999999999995 0.32083333281250004
12 0.5287499999999999 0.395 0.526875 0.42083333281249996 0.5237499999999999 0.4258333328125 0.5225 0.43583333281250003 0.5225 0.45583333281250005 0.5349999999999999 0.45416666718750004 0.535625 0.4341666671875 0.5325 0.4216666671875 0.5325 0.4125 0.5393749999999999 0.41 0.5393749999999999 0.3933333328125 0.584375 0.385 0.584375 0.3741666671875 0.57375 0.3741666671875 0.5175 0.3808333328125 0.515625 0.3916666671875 0.5275000000000001 0.39249999999999996 0.5287499999999999 0.395
11 0.578125 0.3175 0.583125 0.3266666671875 0.6168750000000001 0.3275 0.626875 0.3308333328125 0.646875 0.3433333328125 0.65625 0.3383333328125 0.660625 0.3308333328125 0.6725 0.3258333328125 0.6825 0.3125 0.685625 0.3025 0.6925 0.25666666718750003 0.69375 0.22749999999999998 0.6875 0.2216666671875 0.681875 0.22000000000000003 0.623125 0.22000000000000003 0.593125 0.2208333328125 0.583125 0.22833333281249998 0.5806250000000001 0.2375 0.578125 0.3175
11 0.7693749999999999 0.2925 0.775 0.30333333281249997 0.7837500000000001 0.3075 0.7975 0.30416666718749996 0.829375 0.3116666671875 0.8456250000000001 0.3091666671875 0.866875 0.31083333281250003 0.8793749999999999 0.3066666671875 0.8862500000000001 0.29500000000000004 0.89375 0.2908333328125 0.89625 0.265 0.89625 0.2525 0.89375 0.24416666718750002 0.8943749999999999 0.2266666671875 0.8881249999999999 0.21833333281249998 0.8275 0.2125 0.783125 0.2125 0.778125 0.21749999999999997 0.775 0.22749999999999998 0.7693749999999999 0.2766666671875 0.7693749999999999 0.2925
9 0.28875 0.3383333328125 0.284375 0.34249999999999997 0.2875 0.37666666718749997 0.28875 0.3808333328125 0.303125 0.3975 0.336875 0.40416666718750005 0.379375 0.3991666671875 0.434375 0.40083333281250005 0.46125 0.39416666718750004 0.526875 0.385 0.571875 0.3858333328125 0.58375 0.38166666718750003 0.5856250000000001 0.3783333328125 0.585 0.36833333281249997 0.5775 0.3566666671875 0.57125 0.3383333328125 0.564375 0.3308333328125 0.559375 0.3291666671875 0.520625 0.3291666671875 0.495625 0.3341666671875 0.47437500000000005 0.3291666671875 0.44000000000000006 0.3308333328125 0.41500000000000004 0.3258333328125 0.40625 0.3308333328125 0.39375 0.3333333328125 0.3175 0.335 0.28875 0.3383333328125
1 0.45910375 0.6746883328125 0.4168575 0.68068 0.41797874999999995 0.7225133328125 0.463590625 0.7175316671874999 0.45910375 0.6746883328125
9 0.724375 0.5941666671875 0.716875 0.6058333328125001 0.719375 0.6091666671875 0.7275 0.6116666671875 0.734375 0.6174999999999999 0.7525000000000001 0.625 0.786875 0.645 0.798125 0.655 0.8106249999999999 0.6716666671875 0.8162499999999999 0.6816666671875 0.8231249999999999 0.7066666671874999 0.82875 0.7150000000000001 0.834375 0.7341666671875 0.8418749999999999 0.7474999999999999 0.843125 0.7625 0.8412499999999999 0.7975 0.8331250000000001 0.8108333328124999 0.8125 0.8266666671875 0.7462500000000001 0.8433333328125 0.724375 0.8516666671875001 0.6993750000000001 0.8558333328125001 0.68125 0.8558333328125001 0.6681250000000001 0.85 0.661875 0.8416666671874999 0.63625 0.8216666671875 0.63 0.8099999999999999 0.6325000000000001 0.8008333328124999 0.631875 0.7941666671875 0.620625 0.7733333328125 0.609375 0.7633333328125 0.6056250000000001 0.7633333328125 0.5925 0.7775000000000001 0.58125 0.795 0.569375 0.8074999999999999 0.566875 0.825 0.5725 0.8375 0.571875 0.8474999999999999 0.566875 0.85 0.551875 0.85 0.5431250000000001 0.8466666671875 0.53125 0.835 0.53125 0.8099999999999999 0.5387500000000001 0.7966666671875 0.540625 0.7833333328125 0.563125 0.7558333328125 0.5756249999999999 0.7266666671875 0.576875 0.6725 0.575 0.65 0.5818749999999999 0.6275000000000001 0.5875 0.6191666671875 0.5875 0.615 0.584375 0.61 0.56875 0.6083333328125 0.561875 0.6116666671875 0.558125 0.6191666671875 0.52125 0.6216666671875 0.51625 0.6241666671874999 0.51 0.6325000000000001 0.459375 0.6375 0.4525 0.6408333328125 0.44875 0.6458333328125 0.39875 0.6491666671874999 0.3825 0.6591666671875 0.3625 0.6633333328125001 0.354375 0.6675 0.3525 0.6725 0.35562499999999997 0.7083333328125 0.36312500000000003 0.7383333328125 0.37875000000000003 0.7833333328125 0.38687499999999997 0.8516666671875001 0.39437500000000003 0.8841666671875 0.396875 0.9125 0.395 0.9550000000000001 0.399375 0.9841666671875 0.3975 0.9991666671875 0.5818749999999999 0.9991666671875 0.590625 0.9941666671875 0.60875 0.9908333328125 0.6224999999999999 0.9824999999999999 0.649375 0.9783333328125 0.666875 0.97 0.691875 0.9666666671874999 0.709375 0.9591666671875 0.7224999999999999 0.9574999999999999 0.733125 0.9483333328124999 0.75875 0.9416666671874999 0.77125 0.9333333328125001 0.795 0.9283333328125 0.80625 0.9216666671875 0.829375 0.9158333328125 0.843125 0.9066666671875 0.89125 0.8916666671875 0.9075 0.8825 0.925 0.8791666671874999 0.9400000000000001 0.8666666671875 0.9493750000000001 0.8441666671875 0.9637499999999999 0.8433333328125 0.9875 0.85 0.999375 0.8425 0.999375 0.6758333328125 0.9525 0.6808333328125 0.929375 0.6891666671875 0.9181250000000001 0.6875 0.913125 0.6816666671875 0.89625 0.6708333328125 0.87375 0.645 0.8331250000000001 0.6075 0.8225 0.595 0.8125 0.5725 0.80375 0.5700000000000001 0.7725 0.575 0.7625 0.5825 0.73375 0.5891666671875 0.724375 0.5941666671875