12 0.889018584375 0.4944087546875 0.920819415625 0.48166393906250005 0.9341986859375 0.4804134984375 0.9613723640625 0.49266910781249995 0.9757164703125 0.4918346484375 0.983321684375 0.484855325 0.9711253671875 0.4741979109375 0.9504874109375001 0.4771779984375 0.9379296109374999 0.47500325625000006 0.9248880640625 0.43806586249999996 0.918268778125 0.4060570015625 0.8986853625 0.3900550734375 0.8942226703125 0.3794924984375 0.89508899375 0.36636831718749996 0.9007495890625 0.361790034375 0.9025807468749999 0.3490818328125 0.917187821875 0.3262245359375 0.9342980171875 0.31956385468750004 0.94315479375 0.3206828390625 0.944654371875 0.3099913109375 0.9190189796875 0.313516334375 0.9051348656249999 0.319408284375 0.8963616515625 0.3350624625 0.8914328218750001 0.355613559375 0.8831794015625001 0.3633932265625 0.8760790296875 0.36573103749999997 0.8310932875000001 0.337697296875 0.78447955625 0.313280921875 0.73357025 0.311848296875 0.707331503125 0.30647466875 0.7032989 0.3074355828125 0.7017245671875 0.3342921109375 0.6666378515625 0.360737659375 0.6528671984375001 0.37693677187499997 0.6507044625 0.391661646875 0.6585814515624999 0.39559765156250004 0.7523252296875 0.5418363796875 0.747282940625 0.5520803140625 0.7561247640625 0.5564322984375 0.772715165625 0.5576461265625 0.8679294453124999 0.525269515625 0.8795672609375 0.517329278125 0.889018584375 0.4944087546875
9 0.5674622421875 0.483190671875 0.5724746296875 0.47941273593749995 0.5941759328125 0.49038878906249994 0.601948265625 0.51695579375 0.609645846875 0.559687796875 0.6046035578125 0.5699317296874999 0.567345296875 0.5781639937499999 0.5542976046875 0.5773977593749999 0.5348276515625 0.5717029921875 0.5390722265625 0.5945894015625 0.54495974375 0.6106254453125 0.561060253125 0.6132477828125 0.59242485 0.6251506390625 0.594022940625 0.627999271875 0.6092061296875 0.689615953125 0.602897328125 0.6949945796875 0.5819128421875 0.70322434375 0.583970925 0.7111304656249999 0.5903931874999999 0.716059 0.6048745125 0.7552368640625 0.6084172203125 0.7556844593750001 0.6160523390625 0.7422391375 0.6268537328125 0.740957084375 0.6355222921875 0.7479339046875 0.6466939734375 0.771107340625 0.6793101312500001 0.791108503125 0.6864105015625 0.788770690625 0.6875635515625 0.783328834375 0.6437914859375 0.5625314296874999 0.5985048890625 0.3556585546875 0.5926323203125 0.3363895109375 0.5837755453125 0.3352705265625 0.575062134375 0.3379927046875 0.504127034375 0.3813769828125 0.49489382812500005 0.39197367031249997 0.5195908031250001 0.48684715 0.526028015625 0.48854268593750005 0.5462358843749999 0.47403910624999995 0.5517082640625001 0.47531866093749997 0.5508718406249999 0.48197684374999994 0.5558543265625 0.4846649078125 0.5674622421875 0.483190671875
0 0.6197541828124999 0.5689050875 0.6202739765625 0.561030578125 0.6017362921875 0.4931084671875 0.591642909375 0.48065817656250004 0.5744342015624999 0.473778696875 0.5637524125 0.44919675156250005 0.557013521875 0.44305189062499994 0.547018646875 0.4441417625 0.5441628515625 0.469365984375 0.5255680265625 0.48348519375 0.516493134375 0.4946900453125 0.514978603125 0.508614575 0.5227060859375 0.544880578125 0.5319480984375 0.5672220515624999 0.53916193125 0.5751914031250001 0.547687128125 0.5783270609375 0.58214939375 0.5823870234374999 0.5969833921875 0.5801440515625 0.6155483171875 0.572490840625 0.6197541828124999 0.5689050875
2 0.3702366359375 0.20595141562500002 0.2008884171875 0.2069057140625 0.1937880453125 0.20924352656249998 0.21261245468749998 0.2848479640625 0.220761221875 0.29969929375 0.30859720625 0.29491632968750003 0.35940800156249997 0.2828087921875 0.351145775 0.25765029687499996 0.3569646828125 0.2536801796875 0.383263234375 0.246121809375 0.373131140625 0.20719935625 0.3702366359375 0.20595141562500002
11 0.46774840468749995 0.7220316765625 0.46306759687500004 0.7237929375000001 0.4609497125 0.7288188140625 0.4884813890625 0.8378722359375 0.5185258171875 0.821670621875 0.5643690734375 0.8036420203124999 0.570361246875 0.7970470656249999 0.54599585 0.7001569109375 0.53762896875 0.6976294171874999 0.46774840468749995 0.7220316765625
11 0.44817994062500005 0.702796746875 0.42479084375 0.7083700578125 0.3965327234375 0.7215624671875001 0.41780659687500005 0.7901243546875001 0.46608436875 0.768286203125 0.44817994062500005 0.702796746875
11 0.370500625 0.6018175171875 0.3691892625 0.6066512109375 0.3855105515625 0.6660590328125 0.42683131249999995 0.6503998578125 0.43280853593749996 0.647037903125 0.43298180000000003 0.6444130671875 0.4185752296875 0.5890702015625 0.384543053125 0.59653373125 0.370500625 0.6018175171875
11 0.449552946875 0.928530184375 0.45260576406249997 0.9303862890625 0.49476295 0.9080689296875001 0.49703915 0.903651215625 0.4816677453125 0.8478923734375 0.4403320296875 0.8667845484375001 0.43449817187499995 0.8739876671875001 0.449552946875 0.928530184375
11 0.5021975609375 0.9728237671875 0.469263621875 0.9974391859375 0.534425953125 0.9970600828125 0.5311575484375 0.9820701734374999 0.5218856328125 0.9661946984374999 0.5021975609375 0.9728237671875
4 0.47064475000000006 0.966778746875 0.5035687281250001 0.955058075 0.4873160515625 0.9156564140624999 0.4797407359375 0.9161697359375 0.4685928125 0.9227014625000001 0.46162085468749997 0.9321134375 0.44598033593749997 0.934548590625 0.4391816421875 0.9413357281250001 0.43703385624999996 0.9528276046874999 0.44486599375 0.9664626078125 0.4522829921875 0.9653411234375 0.4603631484375 0.9601862921875 0.47064475000000006 0.966778746875
4 0.5341866078125 0.9542211140625 0.541370540625 0.9686564656250001 0.5545167421875 0.9829628609375 0.5614288984375 0.9864828859375001 0.56852926875 0.984145075 0.574867971875 0.9723004468750001 0.5653840859375 0.9325776453125 0.55633909375 0.9373164968750001 0.5341866078125 0.9542211140625
4 0.53377146875 0.9394646249999999 0.5555923765624999 0.9245766812499999 0.5473838078125 0.92265735 0.542416271875 0.9167362859375 0.53413909375 0.8948107921874999 0.5197949890625 0.8956452515625 0.53007044375 0.9384088687500001 0.53377146875 0.9394646249999999
1 0.519044590625 0.395907175 0.5111377 0.3984371703125 0.5046556328125 0.406440634375 0.5098949453125 0.423277025 0.522829175 0.41373609375 0.519044590625 0.395907175
13 0.4181107375 0.271404259375 0.403103475 0.276272065625 0.40082727656249995 0.280689778125 0.40274199531250005 0.2847547390625 0.41658125625000003 0.2885617875 0.4538096140625 0.286795525 0.4610683 0.285065878125 0.46366112499999995 0.2818644921875 0.46193462187499995 0.2719416953125 0.457268765625 0.27046995625000003 0.4181107375 0.271404259375