4 0.610625 0.6183333328125 0.60625 0.6208333328125 0.6056250000000001 0.6316666671875 0.61 0.6525000000000001 0.62 0.6666666671875 0.6425 0.6841666671875 0.6525000000000001 0.6825 0.6575 0.6716666671875 0.6575 0.6625 0.6643749999999999 0.6591666671875 0.670625 0.6616666671875 0.6799999999999999 0.6733333328125 0.690625 0.6775 0.7106250000000001 0.6708333328125 0.728125 0.65 0.7318749999999999 0.6333333328124999 0.7306250000000001 0.63 0.711875 0.63 0.70875 0.6216666671875 0.71 0.6191666671875 0.72375 0.6025 0.740625 0.5883333328125 0.791875 0.5825 0.8025 0.5533333328125 0.8087500000000001 0.5158333328125 0.806875 0.48666666718749996 0.7975 0.4733333328125 0.778125 0.4658333328125 0.7731250000000001 0.4583333328125 0.7731250000000001 0.45 0.7825 0.4183333328125 0.7825 0.39416666718750004 0.78 0.3866666671875 0.775625 0.3808333328125 0.765 0.3758333328125 0.7537499999999999 0.3758333328125 0.7306250000000001 0.38416666718750003 0.720625 0.41166666718749995 0.71875 0.4341666671875 0.7212500000000001 0.4491666671875 0.733125 0.4625 0.73375 0.4791666671875 0.72375 0.49000000000000005 0.70625 0.49833333281250003 0.68125 0.5375 0.6725 0.5416666671875 0.6637500000000001 0.5516666671875 0.6487499999999999 0.5483333328125 0.640625 0.5599999999999999 0.626875 0.5541666671875001 0.619375 0.5549999999999999 0.6125 0.5641666671875 0.61375 0.5908333328125 0.61875 0.6133333328125 0.61625 0.6208333328125 0.610625 0.6183333328125
4 0.744375 0.37333333281250003 0.73875 0.35750000000000004 0.74125 0.3358333328125 0.735625 0.33166666718750004 0.7262500000000001 0.3341666671875 0.723125 0.33999999999999997 0.724375 0.3525 0.715625 0.3641666671875 0.715625 0.3783333328125 0.7325 0.38 0.743125 0.37666666718749997 0.744375 0.37333333281250003
11 0.6537499999999999 0.3866666671875 0.6431250000000001 0.385 0.57625 0.3908333328125 0.5775 0.46166666718749994 0.59875 0.4608333328125 0.65125 0.45083333281250004 0.6537499999999999 0.3866666671875
11 0.883125 0.4216666671875 0.8975 0.3675 0.853125 0.3708333328125 0.85 0.3741666671875 0.8375 0.42833333281249997 0.846875 0.43166666718749996 0.85375 0.42750000000000005 0.883125 0.4216666671875
11 0.509375 0.4 0.5181250000000001 0.3966666671875 0.520625 0.36833333281249997 0.5193749999999999 0.355 0.46624999999999994 0.3566666671875 0.464375 0.3591666671875 0.464375 0.4 0.46624999999999994 0.4025 0.509375 0.4
11 0.61625 0.385 0.619375 0.3591666671875 0.6174999999999999 0.35 0.564375 0.35 0.5625 0.3566666671875 0.5625 0.39249999999999996 0.5650000000000001 0.3966666671875 0.57875 0.3866666671875 0.61625 0.385
11 0.716875 0.3633333328125 0.7175 0.3458333328125 0.676875 0.3458333328125 0.675 0.35 0.67125 0.385 0.69375 0.3866666671875 0.7125 0.3825 0.716875 0.3633333328125
11 0.999375 0.395 0.999375 0.3608333328125 0.978125 0.3616666671875 0.963125 0.4016666671875 0.9625 0.4066666671875 0.965625 0.41 0.9949999999999999 0.4066666671875 0.999375 0.395
11 0.79375 0.34750000000000003 0.7931250000000001 0.34249999999999997 0.756875 0.3441666671875 0.754375 0.3725 0.7725 0.3775 0.785625 0.3758333328125 0.79375 0.34750000000000003
6 0.569375 0.4891666671875 0.588125 0.4791666671875 0.576875 0.4716666671875 0.5325 0.45583333281250005 0.524375 0.45583333281250005 0.510625 0.46166666718749994 0.509375 0.46666666718750005 0.51375 0.4691666671875 0.56375 0.4891666671875 0.569375 0.4891666671875
0 0.34562499999999996 0.5441666671875 0.35125 0.5441666671875 0.356875 0.5516666671875 0.356875 0.5616666671874999 0.35 0.5816666671874999 0.5131249999999999 0.5508333328125 0.505625 0.5349999999999999 0.500625 0.5349999999999999 0.49124999999999996 0.5416666671875 0.44875 0.55 0.43624999999999997 0.55 0.41624999999999995 0.5391666671875 0.3915 0.5425 0.39437500000000003 0.5275000000000001 0.409375 0.5208333328125 0.41937499999999994 0.5083333328124999 0.42062499999999997 0.5025000000000001 0.4175 0.5008333328125001 0.323125 0.5141666671875 0.321875 0.5491666671875 0.33187500000000003 0.5466666671875 0.339375 0.55 0.34562499999999996 0.5441666671875
0 0.614375 0.5383333328125001 0.63375 0.5316666671875 0.6331249999999999 0.5275000000000001 0.6224999999999999 0.5166666671875 0.62375 0.5066666671875 0.610625 0.4966666671875 0.61 0.4891666671875 0.595 0.48333333281249996 0.589375 0.48250000000000004 0.58875 0.4985416671875 0.5806250000000001 0.5075000000000001 0.548125 0.5125 0.538125 0.5125 0.51875 0.48666666718749996 0.491875 0.49000000000000005 0.5037499999999999 0.5233333328125 0.514375 0.53 0.53 0.5541666671875001 0.614375 0.5383333328125001
1 0.35750000000000004 0.5166666671875 0.33999999999999997 0.5166666671875 0.335 0.5233333328125 0.335 0.53 0.353125 0.5291666671875 0.356875 0.5241666671874999 0.35750000000000004 0.5166666671875
9 0.139375 0.5566666671875 0.143125 0.5591666671875 0.14875 0.5566666671875 0.15375 0.5608333328125 0.179375 0.5599999999999999 0.193125 0.5566666671875 0.20437500000000003 0.5458333328125 0.215625 0.5416666671875 0.31124999999999997 0.5266666671875 0.31875 0.5008333328125001 0.32625000000000004 0.43833333281250003 0.320625 0.43499999999999994 0.23125 0.44333333281250004 0.21000000000000002 0.46166666718749994 0.205 0.4733333328125 0.19437500000000002 0.47750000000000004 0.1875 0.47083333281249995 0.18375 0.47083333281249995 0.179375 0.4841666671875 0.18 0.49749999999999994 0.136875 0.5458333328125 0.139375 0.5566666671875
13 0.205 0.5275000000000001 0.20437500000000003 0.5166666671875 0.195625 0.4791666671875 0.18812500000000001 0.4691666671875 0.18062499999999998 0.47083333281249995 0.179375 0.4883333328125 0.19125 0.5349999999999999 0.19375 0.5366666671875 0.205 0.5275000000000001
12 0.35625 0.7008333328125 0.353125 0.7125 0.35562499999999997 0.735 0.3675 0.745 0.369375 0.765 0.396875 0.7775000000000001 0.399375 0.78 0.399375 0.7875 0.4025 0.79 0.41 0.7891666671875 0.4125 0.7841666671875 0.428125 0.7849999999999999 0.436875 0.7941666671875 0.433125 0.8025 0.398125 0.8300000000000001 0.38375 0.8458333328125001 0.37625000000000003 0.865 0.378125 0.8916666671875 0.38375 0.8949999999999999 0.39187500000000003 0.8891666671875 0.39249999999999996 0.8800000000000001 0.388125 0.8633333328124999 0.39125 0.8533333328125 0.409375 0.8341666671875 0.43187499999999995 0.8166666671874999 0.4375 0.8158333328125 0.44625000000000004 0.8216666671875 0.45187499999999997 0.8324999999999999 0.46125 0.93 0.46687500000000004 0.9391666671875001 0.47375 0.9391666671875001 0.479375 0.93 0.480625 0.9216666671875 0.47000000000000003 0.905 0.458125 0.8241666671875001 0.47468750000000004 0.8016666671875001 0.48125 0.8016666671875001 0.5118750000000001 0.8091666671875 0.516875 0.8158333328125 0.5193749999999999 0.8341666671875 0.525625 0.8416666671874999 0.530625 0.8408333328125 0.535625 0.8300000000000001 0.533125 0.82 0.52625 0.8099999999999999 0.5131249999999999 0.7991666671875 0.51625 0.7358333328125 0.5237499999999999 0.7233333328125 0.529375 0.6841666671875 0.53 0.6491666671874999 0.5275000000000001 0.6275000000000001 0.521875 0.6241666671874999 0.5181250000000001 0.6266666671875 0.5175 0.65125 0.5118750000000001 0.6591666671875 0.47062499999999996 0.6458333328125 0.441875 0.645 0.403125 0.6525000000000001 0.398125 0.6566666671875 0.39625 0.6625 0.385625 0.6616666671875 0.38125 0.65 0.381875 0.6266666671875 0.37625000000000003 0.6174999999999999 0.36625 0.6191666671875 0.351875 0.6466666671875 0.3440625 0.65 0.33125 0.6491666671874999 0.330625 0.6541666671875 0.34249999999999997 0.6741666671875 0.33999999999999997 0.6908333328125 0.35625 0.7008333328125
2 0 0.38166666718750003 0.031875 0.4875 0.034375 0.4933333328125 0.06999999999999999 0.4933333328125 0.104375 0.4891666671875 0.11937500000000001 0.48250000000000004 0.118125 0.45 0.12468749999999999 0.4408333328125 0.12875 0.4408333328125 0.12875 0.4016666671875 0.10500000000000001 0.3008333328125 0.103125 0.2983333328125 0.057499999999999996 0.2966666671875 0 0.2966666671875 0 0.38166666718750003
0 0.449375 0.5525 0.49749999999999994 0.5433333328125001 0.504375 0.5366666671875 0.50625 0.5241666671874999 0.50125 0.5025000000000001 0.490625 0.49000000000000005 0.48 0.4858333328125 0.46312499999999995 0.4858333328125 0.43624999999999997 0.49000000000000005 0.42374999999999996 0.49583333281249997 0.415625 0.5058333328125 0.40812499999999996 0.5241666671874999 0.39375 0.5325 0.39375 0.5425 0.41875 0.5433333328125001 0.43499999999999994 0.5516666671875 0.449375 0.5525