4 0.19 0.3016666671875 0.206875 0.3008333328125 0.21375000000000002 0.3066666671875 0.224375 0.32 0.21625 0.33999999999999997 0.21749999999999997 0.3466666671875 0.23562500000000003 0.3508333328125 0.254375 0.2991666671875 0.2575 0.2983333328125 0.259375 0.2925 0.254375 0.2883333328125 0.24312499999999998 0.29500000000000004 0.224375 0.2966666671875 0.215625 0.2816666671875 0.21187499999999998 0.2483333328125 0.20812499999999998 0.2425 0.19375 0.2366666671875 0.18812500000000001 0.24 0.185 0.24666666718750002 0.18687499999999999 0.2708333328125 0.181875 0.2816666671875 0.184375 0.29500000000000004 0.19 0.3016666671875
12 0.15875 0.3641666671875 0.17250000000000001 0.36 0.176875 0.3675 0.17625 0.3741666671875 0.168125 0.3808333328125 0.16999999999999998 0.3883333328125 0.176875 0.39249999999999996 0.20625 0.39416666718750004 0.206875 0.4175 0.18125 0.425 0.17625 0.43833333281250003 0.179375 0.4408333328125 0.183125 0.4408333328125 0.185 0.43583333281250003 0.191875 0.43833333281250003 0.19624999999999998 0.45 0.20249999999999999 0.45 0.203125 0.44333333281250004 0.1975 0.43583333281250003 0.20375000000000001 0.42833333281249997 0.22625 0.425 0.23625 0.43583333281250003 0.2375 0.4408333328125 0.24312499999999998 0.44000000000000006 0.23875000000000002 0.42750000000000005 0.23312499999999997 0.4225 0.23562500000000003 0.4141666671875 0.22374999999999998 0.41333333281250006 0.21875 0.40083333281250005 0.221875 0.385 0.24562499999999998 0.3741666671875 0.24500000000000002 0.3691666671875 0.24125000000000002 0.36666666718749996 0.241875 0.3525 0.23374999999999999 0.3366666671875 0.22000000000000003 0.3325 0.20375000000000001 0.3091666671875 0.195 0.305 0.14250000000000002 0.3133333328125 0.1525 0.33999999999999997 0.15 0.3491666671875 0.1575 0.35583333281249996 0.15875 0.3641666671875
12 0.28125 0.41166666718749995 0.28625 0.42833333281249997 0.289375 0.45416666718750004 0.289375 0.4658333328125 0.28625 0.475 0.29125 0.47583333281250006 0.29500000000000004 0.47000000000000003 0.303125 0.48250000000000004 0.306875 0.5116666671875 0.320625 0.5599999999999999 0.32 0.5708333328124999 0.31124999999999997 0.5758333328125 0.29812500000000003 0.5974999999999999 0.299375 0.6058333328125001 0.3075 0.6066666671875 0.31124999999999997 0.6 0.31124999999999997 0.5891666671875 0.3175 0.5816666671874999 0.32999999999999996 0.5741666671875 0.346875 0.5741666671875 0.350625 0.5775 0.35125 0.5858333328125 0.348125 0.5983333328125 0.34750000000000003 0.6224999999999999 0.349375 0.6291666671875 0.35375 0.6291666671875 0.35625 0.6233333328125 0.354375 0.6108333328125 0.35562499999999997 0.5825 0.36062500000000003 0.5775 0.365625 0.5775 0.3725 0.5916666671875 0.38625 0.6075 0.40625 0.6233333328125 0.429375 0.6358333328125 0.43 0.6566666671875 0.42625 0.6799999999999999 0.398125 0.7233333328125 0.38687499999999997 0.7474999999999999 0.385 0.7541666671875 0.38875000000000004 0.7625 0.396875 0.7641666671875 0.40374999999999994 0.7558333328125 0.40437500000000004 0.7325 0.43125 0.6900000000000001 0.45062499999999994 0.6866666671874999 0.468125 0.7058333328125 0.48125 0.7283333328125 0.47874999999999995 0.7541666671875 0.48312499999999997 0.7575000000000001 0.488125 0.7566666671875 0.49124999999999996 0.75 0.48875 0.7233333328125 0.479375 0.7075 0.46125 0.6883333328125001 0.456875 0.6808333328125 0.45625 0.6716666671875 0.456875 0.6625 0.465 0.655 0.47375 0.625 0.484375 0.6133333328125 0.49625 0.5916666671875 0.51375 0.5725 0.49749999999999994 0.5233333328125 0.4925 0.5175 0.4875 0.5175 0.48 0.5241666671874999 0.47000000000000003 0.5258333328125 0.42374999999999996 0.5141666671875 0.4175 0.5008333328125001 0.41500000000000004 0.4583333328125 0.39875 0.43499999999999994 0.379375 0.4216666671875 0.313125 0.3633333328125 0.26687500000000003 0.3308333328125 0.26375000000000004 0.3258333328125 0.2575 0.325 0.260625 0.3491666671875 0.274375 0.3783333328125 0.27125 0.3933333328125 0.28125 0.41166666718749995
9 0.41 0.45083333281250004 0.5181250000000001 0.5349999999999999 0.5237499999999999 0.5425 0.5231250000000001 0.5825 0.5337500000000001 0.5825 0.535625 0.5425 0.5387500000000001 0.5383333328125001 0.598125 0.5075000000000001 0.60875 0.495 0.631875 0.48250000000000004 0.64375 0.4725 0.615625 0.45583333281250005 0.45499999999999996 0.3775 0.446875 0.3758333328125 0.436875 0.39 0.4175 0.39249999999999996 0.39187500000000003 0.37 0.38125 0.3691666671875 0.36625 0.3591666671875 0.3375 0.3583333328125 0.330625 0.3508333328125 0.32999999999999996 0.3458333328125 0.33375 0.3391666671875 0.330625 0.3325 0.32375 0.3266666671875 0.31062500000000004 0.3233333328125 0.3025 0.3133333328125 0.303125 0.305 0.294375 0.3016666671875 0.244375 0.3025 0.244375 0.31083333281250003 0.3175 0.36583333281249997 0.41 0.45083333281250004
11 0.448125 0.2883333328125 0.396875 0.2783333328125 0.398125 0.3508333328125 0.445 0.3708333328125 0.446875 0.3641666671875 0.448125 0.2883333328125
11 0.619375 0.3066666671875 0.62375 0.30416666718749996 0.626875 0.27999999999999997 0.625625 0.2666666671875 0.5875 0.2608333328125 0.578125 0.2633333328125 0.576875 0.2883333328125 0.5806250000000001 0.3016666671875 0.593125 0.3066666671875 0.619375 0.3066666671875
11 0.31 0.2991666671875 0.305625 0.255 0.296875 0.25 0.288125 0.2508333328125 0.288125 0.26916666718750004 0.294375 0.2916666671875 0.3025 0.2991666671875 0.31 0.2991666671875
11 0.35812499999999997 0.2916666671875 0.35 0.2641666671875 0.348125 0.2625 0.34375 0.26749999999999996 0.349375 0.3333333328125 0.356875 0.3358333328125 0.36062500000000003 0.3325 0.35812499999999997 0.2916666671875
11 0.48187499999999994 0.2483333328125 0.459375 0.24500000000000002 0.45625 0.2491666671875 0.45625 0.2741666671875 0.47562499999999996 0.2783333328125 0.48125 0.2758333328125 0.48187499999999994 0.2483333328125
11 0.398125 0.2391666671875 0.3975 0.26916666718750004 0.414375 0.2716666671875 0.415625 0.2416666671875 0.398125 0.2391666671875
11 0.4125 0.3525 0.44437499999999996 0.3633333328125 0.44625000000000004 0.3483333328125 0.445625 0.2891666671875 0.3975 0.27749999999999997 0.395 0.2808333328125 0.395 0.31416666718749997 0.39875 0.34249999999999997 0.4125 0.3525
0 0.749375 0.355 0.7525000000000001 0.3491666671875 0.753125 0.33999999999999997 0.75 0.335 0.73625 0.32999999999999996 0.7075 0.3266666671875 0.6912499999999999 0.3366666671875 0.685625 0.3466666671875 0.6849999999999999 0.35 0.690625 0.3583333328125 0.713125 0.36 0.749375 0.355
9 0.739375 0.5316666671875 0.8300000000000001 0.5766666671875 0.8543749999999999 0.5833333328125 0.86875 0.5741666671875 0.9025000000000001 0.5275000000000001 0.9099999999999999 0.5075000000000001 0.9125 0.48250000000000004 0.915625 0.475 0.9243750000000001 0.47416666718749995 0.9412499999999999 0.48333333281249996 0.946875 0.48166666718749995 0.9637499999999999 0.43166666718749996 0.85375 0.40416666718750005 0.8474999999999999 0.40416666718750005 0.843125 0.4091666671875 0.83375 0.4091666671875 0.8300000000000001 0.4 0.795 0.39249999999999996 0.7825 0.4016666671875 0.75625 0.4125 0.6775 0.45583333281250005 0.650625 0.47583333281250006 0.649375 0.48333333281249996 0.6525000000000001 0.4883333328125 0.70125 0.5166666671875 0.739375 0.5316666671875
13 0.85625 0.3691666671875 0.8550000000000001 0.355 0.8487500000000001 0.355 0.8400000000000001 0.37 0.8324999999999999 0.4058333328125 0.8425 0.41 0.846875 0.40499999999999997 0.85625 0.3691666671875
12 0.86625 0.6966666671875 0.8825 0.7141666671875 0.8618750000000001 0.7458333328125 0.86 0.7525000000000001 0.8612500000000001 0.7666666671875 0.8768750000000001 0.7641666671875 0.8800000000000001 0.7516666671875 0.885 0.745 0.9025000000000001 0.7341666671875 0.9225 0.7308333328125001 0.9356249999999999 0.7408333328125 0.9493750000000001 0.7424999999999999 0.9675 0.7658333328125 0.9824999999999999 0.7916666671875 0.9887499999999999 0.8083333328125001 0.9887499999999999 0.8150000000000001 0.9824999999999999 0.8233333328124999 0.98375 0.8383333328125 0.9887499999999999 0.8466666671875 0.999375 0.8533333328125 0.99875 0.8016666671875001 0.976875 0.7641666671875 0.96 0.7424999999999999 0.96125 0.7275 0.9581250000000001 0.7224999999999999 0.9581250000000001 0.7150000000000001 0.9662499999999999 0.6875 0.9737500000000001 0.67 0.999375 0.6808333328125 0.999375 0.5066666671875 0.985 0.5033333328125 0.943125 0.485 0.9262499999999999 0.47416666718749995 0.91625 0.4725 0.905625 0.5116666671875 0.8875 0.5475 0.88125 0.5733333328125 0.88125 0.5833333328125 0.885 0.5916666671875 0.881875 0.6041666671875 0.8825 0.6125 0.9112500000000001 0.6341666671875 0.8931250000000001 0.6833333328125 0.869375 0.6716666671875 0.8556250000000001 0.6716666671875 0.8481249999999999 0.6775 0.8481249999999999 0.6908333328125 0.85125 0.6983333328125 0.86 0.7008333328125 0.86625 0.6966666671875