4 0.836875 0.195 0.8462500000000001 0.21000000000000002 0.8625 0.205 0.8800000000000001 0.2233333328125 0.8862500000000001 0.22000000000000003 0.89125 0.1941666671875 0.898125 0.185 0.9099999999999999 0.1891666671875 0.915 0.1816666671875 0.9181250000000001 0.1258333328125 0.9262499999999999 0.0991666671875 0.92875 0.0791666671875 0.9331250000000001 0.0733333328125 0.9506249999999999 0.075 0.96 0.0691666671875 0.9625 0.0641666671875 0.9581250000000001 0.0491666671875 0.92125 0.0075 0.9087500000000001 0 0.860625 0.0008333328124999999 0.8462500000000001 0.0158333328125 0.8318749999999999 0.0366666671875 0.821875 0.0616666671875 0.8231249999999999 0.11361083281249999 0.82125 0.13999999999999999 0.829375 0.1541666671875 0.836875 0.195
12 0.6587500000000001 0.0925 0.6525000000000001 0.095 0.65125 0.10333333281249998 0.6587500000000001 0.10916666718750001 0.684375 0.11750000000000001 0.6875 0.1241666671875 0.680625 0.1566666671875 0.678125 0.1591666671875 0.6725 0.1558333328125 0.650625 0.16 0.64375 0.16583333281249998 0.63875 0.1775 0.64 0.2 0.64375 0.2 0.6475 0.1825 0.666875 0.1875 0.66625 0.2008333328125 0.671875 0.20249999999999999 0.675 0.1975 0.6743750000000001 0.1833333328125 0.6793750000000001 0.1741666671875 0.69625 0.16999999999999998 0.708125 0.1758333328125 0.708125 0.1816666671875 0.7125 0.1875 0.713125 0.20166666718749998 0.71875 0.20416666718749998 0.721875 0.1925 0.718125 0.18 0.7175 0.1666666671875 0.7125 0.1608333328125 0.69625 0.1591666671875 0.693125 0.15 0.69375 0.1316666671875 0.70125 0.12833333281249998 0.703125 0.12250000000000001 0.721875 0.12 0.7318749999999999 0.10916666718750001 0.74 0.1058333328125 0.740625 0.1 0.73625 0.0933333328125 0.7424999999999999 0.07416666718750001 0.7418750000000001 0.057499999999999996 0.733125 0.055833332812500004 0.7162499999999999 0.060833332812499995 0.71 0.0508333328125 0.70625 0.0233333328125 0.671875 0.0216666671875 0.6475 0.013333332812500001 0.65 0.04 0.6487499999999999 0.0758333328125 0.661875 0.08499999999999999 0.6587500000000001 0.0925
9 0 0.9458333328125 0.006875000000000001 0.9541666671875 0.04625 0.9908333328125 0.060625 0.9991666671875 0.48875 0.9991666671875 0.52 0.9291666671875 0.545 0.9266666671875001 0.558125 0.9083333328125001 0.630625 0.7433333328125 0.63375 0.7175 0.6443749999999999 0.71 0.646875 0.7033333328125 0.67875 0.5083333328124999 0.6756249999999999 0.4916666671875 0.40374999999999994 0.38166666718750003 0.34875 0.3691666671875 0.318125 0.3566666671875 0.26187499999999997 0.3483333328125 0.25375000000000003 0.3433333328125 0.22937500000000002 0.3441666671875 0.170625 0.3633333328125 0.1675 0.3675 0.16875 0.3991666671875 0.16375 0.4066666671875 0.138125 0.40499999999999997 0.10124999999999999 0.41500000000000004 0.10124999999999999 0.4183333328125 0.113125 0.4216666671875 0.11750000000000001 0.42833333281249997 0.11687499999999999 0.4425 0.10874999999999999 0.45416666718750004 0.10874999999999999 0.4658333328125 0.12 0.48 0.12562500000000001 0.4925 0.12687500000000002 0.5216666671875 0.13187500000000002 0.5549999999999999 0.13374999999999998 0.6958333328124999 0.125 0.7075 0.08562499999999999 0.7441666671875 0.038125 0.7966666671875 0 0.8333333328125001 0 0.9458333328125
8 0 0.8383333328125 0.12562500000000001 0.71 0.1375 0.6958333328124999 0.141875 0.6841666671875 0.14125000000000001 0.6441666671874999 0.133125 0.5483333328125 0.13125 0.4933333328125 0.12687500000000002 0.48166666718749995 0.118125 0.475 0.05375 0.4458333328125 0.025 0.42750000000000005 0.005 0.4225 0 0.4225 0 0.8383333328125
11 0 0.3891666671875 0.042499999999999996 0.39249999999999996 0.061875 0.40083333281250005 0.074375 0.41916666718749995 0.080625 0.4175 0.08249999999999999 0.40750000000000003 0.090625 0.40083333281250005 0.15125 0.4016666671875 0.1675 0.3966666671875 0.16999999999999998 0.3908333328125 0.1625 0.33999999999999997 0.130625 0.17333333281250002 0.12562500000000001 0.1675 0.0925 0.1666666671875 0.071875 0.16 0.03125 0.1566666671875 0 0.1566666671875 0 0.3891666671875
10 0.16875 0.595 0.184375 0.58 0.19437500000000002 0.5508333328125 0.19437500000000002 0.5383333328125001 0.184375 0.5333333328125 0.159375 0.5366666671875 0.14750000000000002 0.5466666671875 0.13625 0.5658333328125 0.135625 0.5808333328125 0.13999999999999999 0.595 0.145 0.5983333328125 0.16875 0.595
10 0.318125 0.6333333328124999 0.305625 0.6283333328125 0.288125 0.635 0.26375000000000004 0.675 0.26437499999999997 0.6866666671874999 0.301875 0.6866666671874999 0.318125 0.6616666671875 0.318125 0.6333333328124999
6 0.375 0.5275000000000001 0.3825 0.525 0.38687499999999997 0.5183333328125 0.395625 0.48 0.38875000000000004 0.4658333328125 0.38 0.4608333328125 0.2525 0.45499999999999996 0.23312499999999997 0.4608333328125 0.22000000000000003 0.4858333328125 0.215625 0.51 0.21937500000000001 0.5208333328125 0.228125 0.5258333328125 0.375 0.5275000000000001
1 0.395 0.7525000000000001 0.390625 0.7483333328125 0.3825 0.7491666671874999 0.3175 0.7866666671875 0.3175 0.7933333328125001 0.3375 0.8541666671874999 0.416875 0.8083333328125001 0.395 0.7525000000000001
1 0.503125 0.705 0.55625 0.6875 0.5549999999999999 0.6766666671875 0.5349999999999999 0.6258333328125001 0.524375 0.625 0.484375 0.6383333328125 0.48312499999999997 0.6433333328125 0.48624999999999996 0.6566666671875 0.49874999999999997 0.6975 0.503125 0.705
1 0.351875 0.6116666671875 0.40125 0.5966666671875 0.38937499999999997 0.5483333328125 0.339375 0.5599999999999999 0.323125 0.5675 0.3225 0.575 0.32937500000000003 0.6058333328125001 0.334375 0.6125 0.351875 0.6116666671875
1 0.528125 0.5766666671875 0.5287499999999999 0.5658333328125 0.524375 0.5425 0.52 0.5349999999999999 0.465 0.5358333328125 0.46187500000000004 0.54 0.460625 0.5549999999999999 0.46875 0.5833333328125 0.5181250000000001 0.5816666671874999 0.528125 0.5766666671875
13 0.48125 0.48166666718749995 0.484375 0.4691666671875 0.48624999999999996 0.3741666671875 0.479375 0.3591666671875 0.478125 0.34750000000000003 0.473125 0.34249999999999997 0.460625 0.34500000000000003 0.45875000000000005 0.3591666671875 0.45187499999999997 0.3725 0.45125000000000004 0.4716666671875 0.456875 0.48250000000000004 0.47000000000000003 0.49083333281249997 0.48125 0.48166666718749995
7 0.44875 0.6341666671875 0.45062499999999994 0.5816666671874999 0.446875 0.5758333328125 0.43875000000000003 0.5733333328125 0.429375 0.5741666671875 0.42312500000000003 0.5808333328125 0.42312500000000003 0.5916666671875 0.43 0.6058333328125001 0.43875000000000003 0.6358333328125 0.44875 0.6341666671875
5 0.39875 0.7108333328125 0.375625 0.6575 0.370625 0.6358333328125 0.365625 0.6266666671875 0.36 0.6233333328125 0.35625 0.6258333328125001 0.35875 0.6383333328125 0.39125 0.7150000000000001 0.39625 0.7183333328125 0.39875 0.7108333328125