4 0.8225 0.5075000000000001 0.804375 0.5175 0.804375 0.5241666671874999 0.8087500000000001 0.53 0.835 0.5366666671875 0.8625 0.5491666671875 0.929375 0.6375 0.98125 0.6791666671875001 0.9925 0.6866666671874999 0.999375 0.6875 0.999375 0.3441666671875 0.98375 0.34500000000000003 0.9550000000000001 0.355 0.93125 0.36666666718749996 0.925 0.3783333328125 0.9262499999999999 0.395 0.9193749999999999 0.4308333328125 0.9268750000000001 0.4341666671875 0.9418749999999999 0.45 0.9493750000000001 0.4525 0.9525 0.4641666671875 0.95 0.46666666718750005 0.914375 0.4766666671875 0.8643750000000001 0.47750000000000004 0.8387499999999999 0.4625 0.82125 0.46166666718749994 0.8087500000000001 0.4725 0.813125 0.4808333328125 0.835625 0.4875 0.8306250000000001 0.5091666671875 0.8225 0.5075000000000001
4 0.9 0.7708333328125 0.9106249999999999 0.7558333328125 0.9125 0.745 0.9199999999999999 0.7316666671875 0.9475 0.7566666671875 0.991875 0.7516666671875 0.999375 0.7483333328125 0.999375 0.7033333328125 0.9650000000000001 0.6758333328125 0.914375 0.6425 0.9099999999999999 0.6475 0.9018750000000001 0.6716666671875 0.8543749999999999 0.7508333328125001 0.85375 0.76 0.8643750000000001 0.7733333328125 0.8731249999999999 0.7791666671875 0.9 0.7708333328125
4 0.8474999999999999 0.7266666671875 0.851875 0.7208333328125 0.883125 0.6708333328125 0.875 0.6599999999999999 0.7849999999999999 0.61 0.7787499999999999 0.6091666671875 0.778125 0.6133333328125 0.7925 0.6425 0.84375 0.7266666671875 0.8474999999999999 0.7266666671875
4 0.651875 0.2375 0.66125 0.2316666671875 0.663125 0.2241666671875 0.661875 0.215 0.6525000000000001 0.2141666671875 0.6475 0.21916666718750002 0.6443749999999999 0.23500000000000001 0.6381249999999999 0.2475 0.63625 0.2716666671875 0.64 0.2725 0.646875 0.26749999999999996 0.651875 0.2375
4 0.6837500000000001 0.3258333328125 0.678125 0.3275 0.678125 0.3483333328125 0.6956249999999999 0.3483333328125 0.6875 0.3366666671875 0.6837500000000001 0.3258333328125
9 0.414375 0.5991666671875 0.55625 0.7241666671875 0.57125 0.7341666671875 0.5818749999999999 0.7358333328125 0.5912499999999999 0.7275 0.60375 0.7041666671875 0.6056250000000001 0.6958333328124999 0.615625 0.6841666671875 0.62 0.6708333328125 0.628125 0.6608333328125 0.63375 0.6425 0.646875 0.6158333328125 0.6643749999999999 0.5925 0.665 0.5841666671875 0.6625 0.5783333328125 0.6287499999999999 0.5483333328125 0.62375 0.5358333328125 0.62375 0.5183333328125 0.61 0.5141666671875 0.6018749999999999 0.5041666671875 0.496875 0.4483333328125 0.414375 0.4091666671875 0.40125 0.4066666671875 0.375 0.41333333281250006 0.34187500000000004 0.4308333328125 0.315 0.43916666718749997 0.27749999999999997 0.4575 0.276875 0.4691666671875 0.28875 0.48250000000000004 0.33187500000000003 0.5175 0.414375 0.5991666671875
12 0.1575 0.6933333328125 0.15875 0.7025 0.22562500000000002 0.7325 0.22562500000000002 0.7416666671875001 0.22125 0.7466666671875 0.221875 0.7608333328125 0.2375 0.7683333328125 0.24125000000000002 0.7741666671874999 0.26 0.7791666671875 0.2575 0.7916666671875 0.24937499999999999 0.8058333328125 0.25 0.8125 0.260625 0.8125 0.27749999999999997 0.7925 0.31375000000000003 0.8025 0.318125 0.8091666671875 0.291875 0.8699999999999999 0.284375 0.9183333328125001 0.305 0.9183333328125001 0.305625 0.9041666671874999 0.30062500000000003 0.8958333328125001 0.3 0.8825 0.30625 0.8616666671875001 0.3275 0.8108333328124999 0.33875 0.8074999999999999 0.349375 0.7933333328125001 0.356875 0.7966666671875 0.385625 0.8308333328125 0.381875 0.845 0.381875 0.8525 0.385 0.8583333328125 0.395625 0.8591666671875 0.40062499999999995 0.8533333328125 0.40374999999999994 0.8383333328125 0.4 0.8300000000000001 0.365625 0.7925 0.35562499999999997 0.79 0.355 0.7866666671875 0.385625 0.735 0.39875 0.75 0.40499999999999997 0.75 0.40750000000000003 0.7466666671875 0.41125 0.7291666671875 0.41 0.7241666671875 0.40625 0.7208333328125 0.39625 0.7233333328125 0.39187500000000003 0.7208333328125 0.409375 0.6708333328125 0.41500000000000004 0.635 0.406875 0.6283333328125 0.328125 0.6091666671875 0.32 0.6091666671875 0.3125 0.6133333328125 0.301875 0.5816666671874999 0.305 0.5783333328125 0.304375 0.5683333328125 0.2975 0.5375 0.27937500000000004 0.49749999999999994 0.26437499999999997 0.475 0.255 0.47583333281250006 0.20249999999999999 0.5133333328125 0.15812500000000002 0.5491666671875 0.11499999999999999 0.5900000000000001 0.114375 0.5974999999999999 0.164375 0.67 0.16499999999999998 0.6766666671875 0.1575 0.6933333328125
0 0.605 0.5275000000000001 0.6125 0.5275000000000001 0.62375 0.52 0.62625 0.5225 0.623125 0.5316666671875 0.624375 0.5483333328125 0.6625 0.585 0.670625 0.5858333328125 0.68125 0.5974999999999999 0.6825 0.6266666671875 0.686875 0.6408333328125 0.6993750000000001 0.645 0.7006249999999999 0.6375 0.7275 0.5974999999999999 0.748125 0.5783333328125 0.754375 0.5766666671875 0.766875 0.5491666671875 0.7675 0.5391666671875 0.755 0.5175 0.720625 0.49083333281249997 0.6975 0.48166666718749995 0.68125 0.48250000000000004 0.645 0.49833333281250003 0.6325000000000001 0.5108333328125 0.6 0.5058333328125 0.605 0.5275000000000001
0 0.890625 0.3858333328125 0.8975 0.3825 0.9018750000000001 0.3716666671875 0.9 0.36666666718749996 0.8925000000000001 0.3641666671875 0.8856249999999999 0.3566666671875 0.871875 0.3525 0.82875 0.3466666671875 0.8243750000000001 0.355 0.8237500000000001 0.36583333281249997 0.829375 0.3791666671875 0.8612500000000001 0.3883333328125 0.890625 0.3858333328125
8 0.7693749999999999 0.5 0.7775000000000001 0.5283333328125 0.790625 0.5283333328125 0.805 0.5333333328125 0.80625 0.5266666671875 0.8099999999999999 0.5283333328125 0.8106249999999999 0.5333333328125 0.81125 0.5125 0.818125 0.5091666671875 0.829375 0.5091666671875 0.85375 0.5183333328125 0.851875 0.49749999999999994 0.8487500000000001 0.495 0.784375 0.4725 0.780625 0.4658333328125 0.770625 0.4158333328125 0.766875 0.4125 0.76 0.4425 0.760625 0.4575 0.764375 0.4658333328125 0.7693749999999999 0.5
9 0.45187499999999997 0.3883333328125 0.491875 0.3741666671875 0.50625 0.3566666671875 0.529375 0.3458333328125 0.53 0.3391666671875 0.51625 0.3341666671875 0.51125 0.3166666671875 0.49625 0.315 0.48875 0.32083333281250004 0.43125 0.3358333328125 0.34562499999999996 0.3675 0.34750000000000003 0.3758333328125 0.39125 0.4033333328125 0.41500000000000004 0.4066666671875 0.45187499999999997 0.3883333328125
1 0.8162499999999999 0.5716666671875 0.8150000000000001 0.5675 0.783125 0.5508333328125 0.780625 0.5508333328125 0.7737499999999999 0.5616666671874999 0.774375 0.5675 0.805625 0.5858333328125 0.809375 0.5858333328125 0.8162499999999999 0.5716666671875
10 0.47874999999999995 0.4625 0.47062499999999996 0.4583333328125 0.46375 0.45999999999999996 0.46375 0.4783333328125 0.476875 0.48 0.48 0.47750000000000004 0.47874999999999995 0.4625
13 0.44000000000000006 0.35750000000000004 0.4425 0.3541666671875 0.44312500000000005 0.3308333328125 0.43875000000000003 0.315 0.434375 0.315 0.4325 0.32 0.434375 0.3516666671875 0.43624999999999997 0.35750000000000004 0.44000000000000006 0.35750000000000004
11 0.5575 0.3091666671875 0.56375 0.2533333328125 0.525625 0.25916666718750003 0.5231250000000001 0.26 0.5225 0.2658333328125 0.52 0.3225 0.5387500000000001 0.3158333328125 0.54875 0.3158333328125 0.5575 0.3091666671875
11 0.583125 0.24416666718750002 0.5818749999999999 0.2491666671875 0.579375 0.29500000000000004 0.624375 0.29 0.629375 0.2425 0.583125 0.24416666718750002
11 0.6693749999999999 0.265 0.6681250000000001 0.2616666671875 0.671875 0.2308333328125 0.6525000000000001 0.23500000000000001 0.6475 0.265 0.6481250000000001 0.2766666671875 0.665 0.2716666671875 0.673125 0.265 0.6693749999999999 0.265
11 0.6975 0.2541666671875 0.705 0.2266666671875 0.6900000000000001 0.22833333281249998 0.6849999999999999 0.2425 0.6799999999999999 0.265 0.68875 0.2716666671875 0.6956249999999999 0.2716666671875 0.6975 0.2541666671875