4 0.645 0.5183333328125 0.653125 0.5275000000000001 0.67375 0.53 0.6793750000000001 0.5416666671875 0.6900000000000001 0.5316666671875 0.70875 0.5349999999999999 0.7162499999999999 0.5225 0.713125 0.5125 0.6837500000000001 0.49416666718749996 0.6675 0.4491666671875 0.6725 0.4408333328125 0.67375 0.4325 0.671875 0.425 0.666875 0.42000000000000004 0.656875 0.42000000000000004 0.655625 0.42750000000000005 0.6331249999999999 0.4525 0.628125 0.4733333328125 0.6275000000000001 0.48666666718749996 0.6331249999999999 0.5025000000000001 0.6425 0.5066666671875 0.645 0.5183333328125
4 0.41937499999999994 0.4066666671875 0.41125 0.40499999999999997 0.406875 0.4125 0.40499999999999997 0.4308333328125 0.4225 0.4258333328125 0.42312500000000003 0.41916666718749995 0.41937499999999994 0.4066666671875
11 0.395 0.4875 0.398125 0.47750000000000004 0.398125 0.4425 0.393125 0.4425 0.38375 0.4491666671875 0.3825 0.48333333281249996 0.383125 0.4966666671875 0.385625 0.49749999999999994 0.395 0.4875
11 0.44125 0.44749999999999995 0.44375 0.4375 0.44375 0.4158333328125 0.43499999999999994 0.4175 0.43499999999999994 0.44333333281250004 0.43562500000000004 0.4483333328125 0.438125 0.4491666671875 0.44125 0.44749999999999995
11 0.569375 0.4158333328125 0.565625 0.4125 0.561875 0.42000000000000004 0.561875 0.43499999999999994 0.566875 0.4441666671875 0.5700000000000001 0.44166666718750003 0.569375 0.4158333328125
11 0.45187499999999997 0.4091666671875 0.45 0.4166666671875 0.44875 0.43499999999999994 0.45562500000000006 0.4341666671875 0.456875 0.40833333281249995 0.45187499999999997 0.4091666671875
11 0.57625 0.4733333328125 0.579375 0.47083333281249995 0.5775 0.45499999999999996 0.5725 0.44749999999999995 0.569375 0.44749999999999995 0.571875 0.465 0.57875 0.48 0.57625 0.4733333328125
11 0.555625 0.4058333328125 0.55375 0.425 0.5575 0.4266666671875 0.5599999999999999 0.4058333328125 0.555625 0.4058333328125
11 0.401875 0.43333333281249997 0.40437500000000004 0.47000000000000003 0.43 0.4625 0.429375 0.42750000000000005 0.401875 0.43333333281249997
9 0.36124999999999996 0.6141666671875 0.375 0.6033333328125 0.39125 0.6358333328125 0.393125 0.645 0.39625 0.6483333328125 0.3975 0.6608333328125 0.4 0.6633333328125001 0.5775 0.6625 0.600625 0.6391666671875 0.6012500000000001 0.635 0.600625 0.6233333328125 0.5875 0.5725 0.57875 0.5616666671874999 0.575 0.5466666671875 0.57125 0.5433333328125001 0.563125 0.5475 0.563125 0.5616666671874999 0.55611625 0.5675 0.5075000000000001 0.5658333328125 0.49812500000000004 0.5691666671875 0.35125 0.5725 0.33625 0.5866666671874999 0.3025 0.6308333328125 0.3 0.6391666671875 0.303125 0.645 0.336875 0.645 0.36124999999999996 0.6141666671875
13 0.57875 0.55 0.5756249999999999 0.5375 0.5700000000000001 0.5375 0.566875 0.5525 0.5662499999999999 0.5825 0.5700000000000001 0.5858333328125 0.5775 0.585 0.57875 0.55
12 0.32937500000000003 0.6741666671875 0.333125 0.6725 0.340625 0.6799999999999999 0.3525 0.705 0.35562499999999997 0.7258333328125001 0.365 0.735 0.378125 0.7366666671875 0.385625 0.7424999999999999 0.37875000000000003 0.7658333328125 0.378125 0.8 0.3825 0.8041666671875 0.39625 0.805 0.393125 0.8166666671874999 0.385 0.825 0.385 0.8341666671875 0.39187500000000003 0.8433333328125 0.40499999999999997 0.8383333328125 0.4125 0.8525 0.383125 0.8808333328125 0.375 0.8949999999999999 0.369375 0.915 0.370625 0.9258333328124999 0.374375 0.9291666671875 0.385625 0.9283333328125 0.38875000000000004 0.9216666671875 0.3875 0.8949999999999999 0.39 0.8883333328124999 0.41875 0.86 0.428125 0.86 0.43562500000000004 0.8666666671875 0.44312500000000005 0.8833333328125 0.45125000000000004 0.9391666671875001 0.456875 0.945 0.46687500000000004 0.9425000000000001 0.47062499999999996 0.9266666671875001 0.460625 0.9091666671875 0.45125000000000004 0.8741666671875 0.48250000000000004 0.86 0.489375 0.8675 0.495625 0.8683333328125 0.5025000000000001 0.8616666671875001 0.505 0.8474999999999999 0.499375 0.8400000000000001 0.48687500000000006 0.8324999999999999 0.45437500000000003 0.8341666671875 0.44875 0.8316666671874999 0.44625000000000004 0.8233333328124999 0.44875 0.8191666671875 0.45625 0.8175000000000001 0.46312499999999995 0.805 0.47437500000000005 0.8008333328124999 0.48562500000000003 0.7758333328125 0.491875 0.7408333328125 0.48687500000000006 0.7033333328125 0.47062499999999996 0.7008333328125 0.4175 0.705 0.40499999999999997 0.7108333328125 0.39249999999999996 0.6883333328125001 0.39875 0.6799999999999999 0.396875 0.6475 0.38687499999999997 0.62 0.375625 0.6008333328125001 0.339375 0.6425 0.33187500000000003 0.6483333328125 0.319375 0.6466666671875 0.31437499999999996 0.6541666671875 0.311875 0.6716666671875 0.31375000000000003 0.6825 0.323125 0.6849999999999999 0.32937500000000003 0.6741666671875
12 0.6725 0.6204166671875 0.666875 0.6325000000000001 0.65625 0.635 0.65 0.6425 0.650625 0.6508333328125 0.661875 0.6633333328125001 0.6643749999999999 0.6741666671875 0.666875 0.6775 0.670625 0.6766666671875 0.6799999999999999 0.6541666671875 0.68625 0.6491666671874999 0.701875 0.6566666671875 0.7175 0.675 0.719375 0.6858333328125 0.724375 0.6875 0.725 0.6725 0.729375 0.6666666671875 0.739375 0.6633333328125001 0.74125 0.6575 0.73125 0.6466666671875 0.7175 0.6441666671874999 0.718125 0.6183333328125 0.728125 0.6141666671875 0.73125 0.6 0.74125 0.5858333328125 0.7424999999999999 0.5641666671875 0.755 0.5358333328125 0.755625 0.5266666671875 0.75 0.515 0.74 0.5133333328125 0.7318749999999999 0.5275000000000001 0.725 0.5325 0.686875 0.5358333328125 0.681875 0.5425 0.6793750000000001 0.5633333328125001 0.671875 0.5708333328124999 0.660625 0.5758333328125 0.656875 0.585 0.66125 0.6008333328125001 0.66875 0.6066666671875 0.6725 0.615 0.6725 0.6204166671875
12 0.27375 0.6691666671875 0.276875 0.6708333328125 0.2975 0.6591666671875 0.29874999999999996 0.65 0.29 0.6208333328125 0.30375 0.6116666671875 0.316875 0.5933333328125 0.31875 0.5825 0.31437499999999996 0.5775 0.28375 0.58 0.273125 0.5825 0.26749999999999996 0.5883333328125 0.26437499999999997 0.6141666671875 0.27 0.6291666671875 0.271875 0.6625 0.27375 0.6691666671875
12 0.301875 0.5408333328125 0.325 0.5266666671875 0.344375 0.5108333328125 0.35 0.5 0.34750000000000003 0.4966666671875 0.32 0.49749999999999994 0.31124999999999997 0.4841666671875 0.30375 0.4783333328125 0.29125 0.48166666718749995 0.278125 0.49000000000000005 0.276875 0.49583333281249997 0.28500000000000003 0.5358333328125 0.29125 0.5416666671875 0.301875 0.5408333328125
12 0.263125 0.5675 0.26437499999999997 0.545 0.24937499999999999 0.5183333328125 0.2375 0.5183333328125 0.21749999999999997 0.5316666671875 0.216875 0.5366666671875 0.234375 0.5741666671875 0.256875 0.575 0.263125 0.5675
9 0.32687499999999997 0.595 0.35375 0.5725 0.375625 0.5633333328125001 0.403125 0.5216666671875 0.409375 0.5033333328125 0.3875 0.5075000000000001 0.379375 0.5025000000000001 0.3775 0.49000000000000005 0.365 0.4875 0.34625 0.5016666671875 0.333125 0.5041666671875 0.323125 0.5116666671875 0.3125 0.5208333328125 0.29 0.5491666671875 0.26625 0.5675 0.26437499999999997 0.5708333328124999 0.27468750000000003 0.5708333328124999 0.321875 0.5891666671875 0.32687499999999997 0.595
0 0.618125 0.5358333328125 0.629375 0.5433333328125001 0.6431250000000001 0.5308333328125 0.641875 0.5175 0.63625 0.5091666671875 0.6275000000000001 0.5041666671875 0.608125 0.5025000000000001 0.5818749999999999 0.5133333328125 0.57625 0.5241666671874999 0.5825 0.5333333328125 0.60375 0.5325 0.618125 0.5358333328125
10 0.51625 0.5741666671875 0.51125 0.5650000000000001 0.500625 0.5675 0.49874999999999997 0.5733333328125 0.50125 0.5766666671875 0.5118750000000001 0.5775 0.51625 0.5741666671875
1 0.60625 0.55 0.590625 0.55 0.590625 0.5583333328125 0.6068749999999999 0.5591666671875 0.608125 0.5558333328125 0.60625 0.55