4 0.82 0.5058333328125 0.80625 0.505 0.795625 0.5116666671875 0.7925 0.5166666671875 0.7931250000000001 0.5216666671875 0.7993750000000001 0.5275000000000001 0.8150000000000001 0.5291666671875 0.8462500000000001 0.5458333328125 0.8887499999999999 0.6 0.89125 0.655 0.874375 0.6858333328125 0.8731249999999999 0.6941666671875 0.875625 0.7008333328125 0.9075 0.725 0.93 0.7466666671875 0.9668749999999999 0.7441666671875 0.99125 0.7316666671875 0.999375 0.7308333328125001 0.999375 0.3433333328125 0.9881249999999999 0.3408333328125 0.9675 0.3433333328125 0.9324999999999999 0.3591666671875 0.9237500000000001 0.3675 0.921875 0.38333333281250004 0.9125 0.3983333328125 0.913125 0.41166666718749995 0.9081250000000001 0.4258333328125 0.930625 0.45583333281250005 0.9243750000000001 0.4641666671875 0.881875 0.4725 0.845 0.4733333328125 0.8318749999999999 0.47083333281249995 0.8162499999999999 0.45999999999999996 0.7993750000000001 0.4608333328125 0.79125 0.46749999999999997 0.791875 0.475 0.8225 0.48666666718749996 0.82 0.5058333328125
8 0.798125 0.5258333328125 0.79125 0.5166666671875 0.795625 0.5108333328125 0.8143750000000001 0.5058333328125 0.840625 0.515 0.8375 0.4933333328125 0.8 0.47750000000000004 0.7731250000000001 0.47000000000000003 0.76125 0.4258333328125 0.76 0.4108333328125 0.756875 0.4066666671875 0.7525000000000001 0.41333333281250006 0.7462500000000001 0.4425 0.746875 0.4566666671875 0.765 0.525 0.8006249999999999 0.5341666671875 0.798125 0.5258333328125
0 0.6725 0.6083333328125 0.671875 0.6224999999999999 0.6825 0.6366666671875 0.6956249999999999 0.6258333328125001 0.716875 0.5933333328125 0.7381249999999999 0.5766666671875 0.754375 0.5558333328125 0.7581249999999999 0.5466666671875 0.755 0.53 0.743125 0.5141666671875 0.7150000000000001 0.4916666671875 0.696875 0.48333333281249996 0.680625 0.48166666718749995 0.654375 0.4891666671875 0.626875 0.5033333328125 0.6118750000000001 0.5183333328125 0.610625 0.5325 0.615625 0.5466666671875 0.666875 0.5958333328125 0.6725 0.6083333328125
9 0.5675 0.735 0.57875 0.7316666671875 0.590625 0.7150000000000001 0.595 0.7033333328125 0.6168750000000001 0.6675 0.641875 0.6058333328125001 0.65625 0.5866666671874999 0.656875 0.5816666671874999 0.6481250000000001 0.5700000000000001 0.6331249999999999 0.5608333328125 0.61875 0.5458333328125 0.614375 0.5308333328125 0.614375 0.5208333328125 0.59875 0.5066666671875 0.49000000000000005 0.4483333328125 0.40062499999999995 0.4066666671875 0.39 0.40499999999999997 0.366875 0.41166666718749995 0.35625 0.42000000000000004 0.270625 0.45416666718750004 0.26437499999999997 0.4641666671875 0.265625 0.4725 0.4025 0.5974999999999999 0.5493750000000001 0.7258333328125001 0.5675 0.735
12 0.141875 0.6966666671875 0.141875 0.7058333328125 0.175625 0.7241666671875 0.20750000000000002 0.7358333328125 0.210625 0.7408333328125 0.20750000000000002 0.7566666671875 0.209375 0.7675 0.244375 0.7849999999999999 0.24375 0.7966666671875 0.2375 0.8116666671875 0.240625 0.8175000000000001 0.2475 0.8216666671875 0.2525 0.8208333328125 0.26875 0.7966666671875 0.276875 0.7966666671875 0.30874999999999997 0.8108333328124999 0.27999999999999997 0.8833333328125 0.274375 0.9199999999999999 0.275 0.9308333328125 0.278125 0.9349999999999999 0.285625 0.9349999999999999 0.29812500000000003 0.9233333328125 0.2975 0.9091666671875 0.29125 0.8975 0.29125 0.8866666671875001 0.318125 0.8125 0.32875 0.8125 0.33999999999999997 0.7966666671875 0.34562499999999996 0.7966666671875 0.374375 0.8283333328125 0.37687499999999996 0.835 0.374375 0.8491666671875 0.37625000000000003 0.86 0.38625 0.8633333328124999 0.395 0.8550000000000001 0.396875 0.8416666671874999 0.38875000000000004 0.8233333328124999 0.36875 0.8033333328125 0.35812499999999997 0.795 0.34750000000000003 0.7933333328125001 0.346875 0.79 0.34875 0.7825 0.3775 0.74 0.385 0.7424999999999999 0.39375 0.7516666671875 0.401875 0.7458333328125 0.40374999999999994 0.735 0.4025 0.72 0.38625 0.7208333328125 0.385625 0.7183333328125 0.40125 0.6741666671875 0.406875 0.6358333328125 0.395625 0.6275000000000001 0.32 0.6108333328125 0.313125 0.61 0.3025 0.6141666671875 0.29375 0.585 0.29625 0.5775 0.2875 0.5391666671875 0.27999999999999997 0.5191666671874999 0.254375 0.4766666671875 0.24562499999999998 0.47416666718749995 0.19125 0.5125 0.0975 0.5925 0.0975 0.6025 0.14937499999999998 0.675 0.14937499999999998 0.6816666671875 0.141875 0.6966666671875
12 0.32999999999999996 0.3591666671875 0.34249999999999997 0.3633333328125 0.383125 0.3491666671875 0.379375 0.3225 0.37 0.2991666671875 0.319375 0.31 0.318125 0.31416666718749997 0.3225 0.3266666671875 0.32687499999999997 0.355 0.32999999999999996 0.3591666671875
12 0.384375 0.4025 0.356875 0.385 0.353125 0.385 0.344375 0.3933333328125 0.344375 0.4033333328125 0.350625 0.40499999999999997 0.354375 0.4125 0.384375 0.4025
11 0.551875 0.2941666671875 0.553125 0.25166666718749997 0.521875 0.2558333328125 0.5125 0.26 0.509375 0.31916666718750003 0.515625 0.32 0.546875 0.3075 0.551875 0.2941666671875
11 0.615 0.2875 0.62 0.2416666671875 0.5725 0.24333333281249997 0.5706249999999999 0.27749999999999997 0.5675 0.2916666671875 0.579375 0.29333333281249996 0.615 0.2875
11 0.795 0.3775 0.8025 0.3508333328125 0.803125 0.3375 0.809375 0.33166666718750004 0.805625 0.3066666671875 0.7993750000000001 0.31 0.7943749999999999 0.3241666671875 0.783125 0.3808333328125 0.786875 0.385 0.791875 0.38333333281250004 0.795 0.3775
11 0.6587500000000001 0.2558333328125 0.661875 0.22999999999999998 0.6431250000000001 0.2341666671875 0.6375 0.2633333328125 0.63625 0.2733333328125 0.6381249999999999 0.275 0.651875 0.2708333328125 0.6587500000000001 0.2558333328125
11 0.83375 0.29500000000000004 0.8456250000000001 0.2683333328125 0.846875 0.25833333281250004 0.85125 0.2491666671875 0.850625 0.2425 0.8474999999999999 0.2425 0.8400000000000001 0.2558333328125 0.8331250000000001 0.275 0.8256249999999999 0.27749999999999997 0.819375 0.2866666671875 0.81875 0.29333333281249996 0.82125 0.2975 0.8275 0.2991666671875 0.83375 0.29500000000000004
11 0.6799999999999999 0.22749999999999998 0.67125 0.24666666718750002 0.6693749999999999 0.2616666671875 0.684375 0.265 0.693125 0.22749999999999998 0.6799999999999999 0.22749999999999998
10 0.46875 0.4608333328125 0.45999999999999996 0.4566666671875 0.45375 0.4608333328125 0.45499999999999996 0.4766666671875 0.46749999999999997 0.4783333328125 0.47125000000000006 0.47583333281250006 0.46875 0.4608333328125
1 0.803125 0.5683333328125 0.8025 0.5641666671875 0.771875 0.5475 0.76875 0.5475 0.7625 0.5575 0.7625 0.5641666671875 0.79375 0.5816666671874999 0.7975 0.58 0.803125 0.5683333328125