9 0.335625 0.5391666671875 0.35125 0.55 0.40125 0.6 0.545625 0.7241666671875 0.558125 0.7316666671875 0.57125 0.7316666671875 0.58 0.7224999999999999 0.6 0.6849999999999999 0.614375 0.6658333328125 0.635 0.6116666671875 0.653125 0.5925 0.656875 0.585 0.646875 0.5683333328125 0.6168750000000001 0.5458333328125 0.6125 0.5333333328125 0.6125 0.5183333328125 0.6025 0.5083333328124999 0.491875 0.4491666671875 0.393125 0.4025 0.3625 0.4108333328125 0.263125 0.4575 0.263125 0.47083333281249995 0.27375 0.48250000000000004 0.31875 0.5191666671874999 0.335625 0.5391666671875
4 0.906875 0.41 0.9012499999999999 0.425 0.9237500000000001 0.45583333281250005 0.91375 0.46333333281250005 0.89875 0.4683333328125 0.859375 0.47083333281249995 0.84375 0.47000000000000003 0.828125 0.4608333328125 0.828125 0.5341666671875 0.8481249999999999 0.545 0.8862500000000001 0.5958333328125 0.8881249999999999 0.6525000000000001 0.8712500000000001 0.6816666671875 0.87375 0.6975 0.878125 0.7025 0.8868750000000001 0.7041666671875 0.9262499999999999 0.7408333328125 0.9568749999999999 0.74 0.990625 0.725 0.999375 0.7241666671875 0.999375 0.3466666671875 0.984375 0.3391666671875 0.96875 0.3383333328125 0.951875 0.34249999999999997 0.915 0.3625 0.9075 0.375 0.909375 0.39 0.905625 0.3991666671875 0.906875 0.41
0 0.6693749999999999 0.6233333328125 0.6725 0.6291666671875 0.68125 0.635 0.6875 0.6316666671875 0.7075 0.6025 0.71 0.595 0.7381249999999999 0.5691666671875 0.754375 0.5458333328125 0.7525000000000001 0.5291666671875 0.739375 0.51 0.71 0.48666666718749996 0.684375 0.47750000000000004 0.66875 0.4791666671875 0.634375 0.49583333281249997 0.61 0.5208333328125 0.609375 0.5325 0.61375 0.5458333328125 0.6681250000000001 0.595 0.6693749999999999 0.6233333328125
12 0.135625 0.7016666671875 0.135625 0.7091666671875 0.181875 0.7316666671875 0.20249999999999999 0.7383333328125 0.20437500000000003 0.7458333328125 0.20249999999999999 0.7633333328125 0.205 0.7708333328125 0.22562500000000002 0.7816666671875 0.23875000000000002 0.7841666671875 0.24 0.7941666671875 0.23374999999999999 0.8141666671875001 0.23625 0.8191666671875 0.24312499999999998 0.8225 0.248125 0.8208333328125 0.26375000000000004 0.7975 0.29874999999999996 0.8066666671875 0.304375 0.8166666671874999 0.2875 0.8516666671875001 0.275625 0.8875 0.27125 0.9199999999999999 0.271875 0.9316666671875 0.275625 0.9366666671875 0.28500000000000003 0.9341666671875 0.29375 0.9241666671875001 0.29375 0.9083333328125001 0.288125 0.8991666671875 0.2875 0.885 0.311875 0.8208333328125 0.315 0.8150000000000001 0.32437499999999997 0.8125 0.336875 0.7941666671875 0.33999999999999997 0.7941666671875 0.371875 0.8283333328125 0.37312500000000004 0.8441666671875 0.37124999999999997 0.8558333328125001 0.37312500000000004 0.8591666671875 0.3825 0.8616666671875001 0.393125 0.8491666671875 0.39125 0.8341666671875 0.3825 0.8216666671875 0.35875 0.7983333328125 0.349375 0.7933333328125001 0.34375 0.7849999999999999 0.37625000000000003 0.7325 0.385625 0.7491666671874999 0.393125 0.7508333328125001 0.396875 0.7466666671875 0.4 0.7333333328125 0.39875 0.7241666671875 0.39437500000000003 0.72 0.385 0.7224999999999999 0.381875 0.7166666671875 0.39875 0.665 0.403125 0.6425 0.401875 0.6333333328124999 0.390625 0.6266666671875 0.313125 0.6108333328125 0.29874999999999996 0.6141666671875 0.288125 0.5841666671875 0.290625 0.58 0.29 0.5716666671875 0.281875 0.5383333328125001 0.27375 0.5183333328125 0.248125 0.4766666671875 0.244375 0.47416666718749995 0.2375 0.47583333281250006 0.18812500000000001 0.5108333328125 0.13125 0.5566666671875 0.08937500000000001 0.5958333328125 0.08875 0.6033333328125 0.14250000000000002 0.6775 0.141875 0.6858333328125 0.135625 0.7016666671875
8 0.81375 0.5383333328125001 0.8306250000000001 0.5358333328125 0.8418749999999999 0.54 0.845 0.5366666671875 0.8412499999999999 0.5283333328125 0.846875 0.5225 0.845 0.5175 0.8375 0.5133333328125 0.83375 0.4883333328125 0.8425 0.4783333328125 0.828125 0.4766666671875 0.8237500000000001 0.48 0.8150000000000001 0.48 0.775 0.4683333328125 0.7631249999999999 0.4266666671875 0.764375 0.4166666671875 0.75625 0.4066666671875 0.7525000000000001 0.4066666671875 0.75 0.4108333328125 0.744375 0.4375 0.745 0.45499999999999996 0.76125 0.5208333328125 0.795625 0.5291666671875 0.81375 0.5383333328125001
1 0.8006249999999999 0.5650000000000001 0.8 0.5599999999999999 0.7693749999999999 0.5441666671875 0.765 0.545 0.759375 0.5549999999999999 0.760625 0.5616666671874999 0.79125 0.5783333328125 0.795 0.5766666671875 0.8006249999999999 0.5650000000000001
11 0.541875 0.3283333328125 0.54 0.3158333328125 0.5425 0.30583333281249997 0.546875 0.30333333281249997 0.551875 0.2475 0.510625 0.255 0.51 0.2616666671875 0.506875 0.3175 0.5287499999999999 0.3116666671875 0.535625 0.3275 0.541875 0.3283333328125
11 0.5725 0.2383333328125 0.5706249999999999 0.2416666671875 0.5675 0.29 0.6125 0.2858333328125 0.6168750000000001 0.2375 0.5725 0.2383333328125
11 0.660625 0.2266666671875 0.641875 0.22833333281249998 0.64 0.2308333328125 0.634375 0.2708333328125 0.6481250000000001 0.2725 0.655 0.2641666671875 0.660625 0.2266666671875
11 0.6837500000000001 0.26749999999999996 0.6837500000000001 0.2508333328125 0.691875 0.2216666671875 0.67875 0.2225 0.6693749999999999 0.2491666671875 0.6693749999999999 0.2608333328125 0.6725 0.2616666671875 0.6756249999999999 0.2683333328125 0.6837500000000001 0.26749999999999996
9 0.38937499999999997 0.3983333328125 0.475 0.3625 0.49124999999999996 0.3516666671875 0.48624999999999996 0.34249999999999997 0.48624999999999996 0.3175 0.480625 0.3158333328125 0.333125 0.3633333328125 0.333125 0.3716666671875 0.34187500000000004 0.3783333328125 0.37625000000000003 0.3966666671875 0.38937499999999997 0.3983333328125
10 0.468125 0.47416666718749995 0.46687500000000004 0.4608333328125 0.458125 0.45499999999999996 0.45125000000000004 0.45499999999999996 0.45125000000000004 0.47416666718749995 0.45875000000000005 0.4783333328125 0.46624999999999994 0.47750000000000004 0.468125 0.47416666718749995
13 0.43125 0.35 0.434375 0.3283333328125 0.42625 0.31 0.42125 0.31 0.418125 0.32083333281250004 0.421875 0.35 0.42874999999999996 0.3525 0.43125 0.35