9 0.37149395625000003 0 0.2863606890625 0.0532069578125 0.2628786109375 0.0725010671875 0.258042203125 0.0802112703125 0.2577717609375 0.086905378125 0.2756061046875 0.095403796875 0.3220136796875 0.1594221515625 0.3623279921875 0.221708271875 0.352273528125 0.310301165625 0.342051940625 0.367305728125 0.33388252500000004 0.371582846875 0.31888005625 0.370231940625 0.315220925 0.37390568125 0.31714596093749997 0.37839554531249997 0.353705553125 0.388788953125 0.35839881406249996 0.39620850625 0.35852610937499996 0.404644153125 0.364285284375 0.408852675 0.396167546875 0.421087603125 0.417883746875 0.42426142499999997 0.4939460859375 0.4185438453125 0.6388956546875 0.3993264125 0.647852575 0.39390183125 0.651765978125 0.2757934765625 0.6490772546875 0.25351620937499997 0.6548203406249999 0.182810696875 0.650922553125 0.17887421875 0.6001238640625 0.053611396874999995 0.5923310390625 0 0.37149395625000003 0
8 0.2584718015625 0.1004749578125 0.2742539734375 0.1617008203125 0.2792336078125 0.1716873390625 0.2844836828125 0.17497975 0.2853428046875 0.18268065 0.27775410312500004 0.1967222375 0.2669357921875 0.20187477656250002 0.2466195984375 0.19301363437500002 0.22819657499999998 0.170120209375 0.214371303125 0.1319063640625 0.20563710781250003 0.1356800875 0.1862118984375 0.153041996875 0.18492325625 0.1579038859375 0.195948440625 0.17466589375 0.2175214921875 0.192969471875 0.2341467734375 0.219808678125 0.2321422359375 0.2346663921875 0.2340672734375 0.2391562578125 0.258472196875 0.2646073453125 0.2582176875 0.2805625296875 0.243931346875 0.3676952328125 0.247940496875 0.3708062828125 0.27150215312500003 0.364991071875 0.289941028125 0.36431909375 0.3485031140625 0.3476268125 0.36622577968750003 0.22564475 0.3518596234375 0.2008191203125 0.27961525468750004 0.09851484687499999 0.272615153125 0.09412496406250001 0.2584718015625 0.1004749578125
6 0.14529345 0.26405865781250004 0.18310997812500002 0.31672098125 0.23985846875 0.32753988437500003 0.252092715625 0.3259610984375 0.258504059375 0.2831294953125 0.256356296875 0.28029048749999996 0.21321027343750001 0.2765098125 0.19836688125 0.269290225 0.145850265625 0.25993151718749996 0.14529345 0.26405865781250004
6 0.4017515546875 0.3562507734375 0.406444815625 0.3636703265625 0.48253901875 0.3764749 0.486436728125 0.34758490000000003 0.482538940625 0.343648421875 0.40024010781249997 0.3299370421875 0.3965809796875 0.3336107828125 0.3971537265625 0.33874471562499997 0.4017515546875 0.3562507734375
11 0.346419078125 0.38183210624999997 0.2490064125 0.36759525000000004 0.21753781874999997 0.3663629328125 0.210840021875 0.37380109375 0.19652173906249998 0.40958516874999995 0.1743443125 0.466104940625 0.1736284203125 0.4761007640625 0.1765716546875 0.48242285 0.1855445078125 0.48625934375 0.26237053593750004 0.49832916718750003 0.32858505 0.5046395984375 0.33668285 0.4915141171875 0.3601647703125 0.40656705156250006 0.36143748124999997 0.3924440859375 0.3567442203125 0.38502453281250004 0.346419078125 0.38183210624999997
11 0.18875802656250001 0.4202343625 0.1331231671875 0.4011611765625 0.07896788906249999 0.3898795671875 0.0755314859375 0.3919024515625 0.064681390625 0.41135931562500005 0.04714943125 0.44751541718750004 0.040451634375000003 0.4549535765625 0.038606178125 0.463942609375 0.040244840625 0.4658655078125 0.028843185937499998 0.49521836874999997 0.031200414062499997 0.535690415625 0.26776399687499997 0.5849712546875 0.272266315625 0.579737340625 0.293902778125 0.50377930625 0.2824480734375 0.49958008906250007 0.18569371875000001 0.4854394453125 0.17447160781249998 0.4745405890625 0.18855123125 0.4311462953125 0.18875802656250001 0.4202343625
10 0.43648130468749996 0.2535883796875 0.446838309375 0.2753029578125 0.457672553125 0.27941149374999996 0.4652771859375 0.27463098124999996 0.4630975609375 0.25326982187499997 0.45269283906249996 0.2365984953125 0.443385896875 0.2352382859375 0.43775401562500005 0.23946541406250002 0.4352880953125 0.248363765625 0.43648130468749996 0.2535883796875
10 0.37986026562499997 0.3168580796875 0.3839171328125 0.314925878125 0.38060794531250003 0.2925579296875 0.372016896875 0.2812018984375 0.358478078125 0.27838149375 0.355694 0.299017209375 0.36530324687500004 0.312205459375 0.37986026562499997 0.3168580796875
1 0.5174595531249999 0.2208130203125 0.5381574734375 0.1893281453125 0.4999750734375 0.1534464375 0.4950113703125 0.1527209921875 0.4781475890625 0.183924521875 0.47787714687499994 0.19061863125 0.5095049 0.21880874375 0.5174595531249999 0.2208130203125
1 0.6036085359375 0.27633060625 0.575496765625 0.2595965078125 0.557614784375 0.2889678203125 0.55734434375 0.2956619296875 0.5840401765625 0.3088222703125 0.6013653421875 0.28357810156249996 0.6036085359375 0.27633060625
1 0.504525503125 0.30730165625 0.46885681406249996 0.290304821875 0.45896127187499997 0.30737608125000004 0.45795900468750006 0.3148049375 0.4921640390625 0.3332712703125 0.502902771875 0.3146398328125 0.504525503125 0.30730165625
1 0.5348805453125001 0.349614734375 0.5650604968749999 0.35570894218750004 0.5715832828125 0.3448783875 0.5742719296875001 0.334329178125 0.568512753125 0.330120659375 0.5409260140625001 0.3235637453125 0.5331145875 0.3392561890625 0.53273278125 0.3467757265625 0.5348805453125001 0.349614734375
13 0.5101576984375 0.43438044062500003 0.5145328015625 0.4535373546875 0.5227101828125 0.45389077499999997 0.536185275 0.419666875 0.5377602109375 0.3845454734375 0.5349283375 0.3773979609375 0.5237600078125 0.375765709375 0.5186372265625 0.38090894531249997 0.5119235765625 0.4119125078125 0.5101576984375 0.43438044062500003
7 0.530266784375 0.322847603125 0.534975896875 0.306701753125 0.53562814375 0.2924881078125 0.529312153125 0.29240673125 0.51648930625 0.31241698281249997 0.5165052375 0.32167805625 0.524857628125 0.325423871875 0.530266784375 0.322847603125
4 0.7272086437499999 0.59824999375 0.745249784375 0.5958364796875 0.7489089124999999 0.5921627390624999 0.74674521875 0.5800626546875 0.7291494546874999 0.546347978125 0.7211947999999999 0.5443437015625 0.71505381875 0.5476547171874999 0.7078469234375 0.55417676875 0.7074651171874999 0.56169630625 0.6990172968749999 0.5680369953125 0.6770306546875 0.5715572828125 0.6733715250000001 0.5752310234375 0.6746760984375 0.5796302078125 0.6719238046875 0.58596159375 0.6673578390625 0.5869776875 0.660755553125 0.6171558218750001 0.6756786031249999 0.6706807828125 0.68403099375 0.6744265984375 0.6928765515624999 0.6698274468750001 0.6947060765625 0.6515773375 0.6924946671875001 0.64452050625 0.6884855171875001 0.64140945625 0.699096953125 0.6143423718750001 0.7070356765625 0.6070855734375 0.7205108484375 0.6056881515625 0.7272086437499999 0.59824999375
12 0.8649673265625 0.6276421625 0.8626763375 0.6071064328125 0.8586671875 0.6039953812500001 0.8556603046875001 0.5934554750000001 0.8598762499999999 0.5856545921875 0.860926234375 0.573182484375 0.853687396875 0.5283559078125 0.847260040625 0.529099959375 0.8479760140625 0.5519306125 0.8377304515624999 0.5622170843750001 0.8312712328125 0.5444389843749999 0.8315416750000001 0.5377448765625 0.8267370515625 0.5311507484375 0.8182255828124999 0.5332736171875 0.8222506640624999 0.545645740625 0.8124505531249999 0.5526304984375 0.8025231484375001 0.551179609375 0.7994049015625 0.5414651312500001 0.7903206859374999 0.5384540640625 0.7899388796875 0.5459736015625001 0.796668540625 0.5570575921875001 0.8139301375000001 0.560422078125 0.8159188203125 0.5691297671875 0.808377834375 0.578128103125 0.8025709421875 0.5789628359375001 0.7871389515625 0.5901747171875 0.7904162765625 0.5940205140625 0.789652665625 0.609059590625 0.7925959015624999 0.615381675 0.8011710171875001 0.61747663125 0.8173507671875001 0.6147910750000001 0.8226008421875 0.6180834875000001 0.8330692109375001 0.6389726359375001 0.87091744375 0.6445041546875 0.8649673265625 0.6276421625
12 0.6288254171875 0.5443111890625 0.62825266875 0.53917725625 0.62537308125 0.537072996875 0.6210934890625001 0.5406560546875 0.6158116296875 0.5516679718749999 0.6044682859375 0.546643325 0.60230459375 0.5345432437500001 0.5863475703125001 0.535577940625 0.583149825 0.5452110421875 0.5891953734375 0.5519865265624999 0.599520515625 0.55517895625 0.602066015625 0.559759503125 0.602081946875 0.5690205765624999 0.596115975 0.5757239875 0.5837703656250001 0.5781282 0.5829431078125 0.5889494515625 0.578552153125 0.5933579390625 0.574081696875 0.61711400625 0.60324345 0.6213759953125 0.6186435796875001 0.591641959375 0.6277755125 0.589609775 0.6205367515625 0.5776096749999999 0.6115638984375 0.57377318125 0.6096388640625 0.569283315625 0.6175139390625 0.55780869375 0.62427538125 0.55458835625 0.6288254171875 0.5443111890625
12 0.9069677781250001 0.5883284953125 0.9077950359375 0.5775072453125001 0.9109450671875001 0.5729173953125 0.9283657406250001 0.5704132000000001 0.9348408109375 0.564625896875 0.9351112546874999 0.5579317890625 0.9276497671874999 0.547582546875 0.9212224140625 0.5483265984375 0.91977469375 0.55905716875 0.9100859453125001 0.565216496875 0.8893879453125001 0.56387489375 0.8862219843749999 0.5592036671875 0.886206053125 0.5499425921875 0.8806218875 0.5491264671875 0.8803514453125001 0.5558205765625 0.8752286640625 0.5609638125 0.87059905 0.5577620796875 0.8669399203125 0.5614358203125 0.8668922046875001 0.5664790734375 0.8701695296875 0.5703248703125 0.88918115 0.5747868265625 0.8894993875000001 0.5958759421875001 0.8767560421875 0.596538615625 0.8736060125 0.601128465625 0.8722696546875 0.6110336078125 0.8858084734375 0.613854009375 0.8906449609375 0.6389702859375 0.89591096875 0.651523771875 0.9571617796874999 0.657108759375 0.9473933750000001 0.616962709375 0.9390409843749999 0.6132168953125 0.94042505625 0.5982685 0.911040578125 0.5956573703125 0.9069677781250001 0.5883284953125
11 0.8525263640625 0.6729593546875 0.8369034296875 0.6715177671875 0.8359011625000001 0.678946625 0.8389876234375 0.70296543125 0.8837723109375 0.70866900625 0.8856814156249999 0.7038977953125001 0.8926696484375001 0.701552309375 0.9234660015625 0.7052114890625 0.92002951875 0.6744078953125 0.9174840203124999 0.6698273484375 0.865365140625 0.6622101781249999 0.8525263640625 0.6729593546875
11 0.9423185453125 0.7155421265624999 0.9976511 0.7227872718749999 0.9900941046874999 0.6896980546875 0.9801030515625 0.6840293421875 0.9752984281250001 0.6774352171875 0.9402184203124999 0.6748333890625 0.9381343046874999 0.676212203125 0.9373070468750001 0.68703345625 0.9423185453125 0.7155421265624999
11 0.7764322406249999 0.6929812609375 0.77514351875 0.6650166734375 0.7394430484375001 0.6623241640625 0.7386953703125 0.686624315625 0.7764322406249999 0.6929812609375
0 0.612120871875 0.6352989921875001 0.6250392296875 0.6380287140625 0.6327075093750001 0.6374660249999999 0.635746175 0.633701603125 0.6326279296874999 0.623987125 0.6127731187500001 0.6210853453125 0.609336715625 0.6231082296875 0.6089549109375 0.6306277671875 0.612120871875 0.6352989921875001
2 0.5323675390625 0.6261681609374999 0.5266083640625 0.6219596421875 0.5282151640625 0.6053603890625 0.5265765015625 0.603437490625 0.5058785 0.6020958875 0.49456717968749997 0.681246346875 0.526210784375 0.6858710578125 0.5323675390625 0.6261681609374999
2 0.411520434375 0.5933556859375 0.396868140625 0.664442525 0.4278912828125 0.6689765546875 0.43595722031250006 0.637328925 0.4388207984375 0.5973456328125 0.411520434375 0.5933556859375